           5         200  0.50000000000000000        2.0000000000000000     
  1  1       0.00       2.00       3.00 **VQfit parameters
  -9.999972846391E-01  -3.594858205480E-01   3.264724323795E+01      4.222E-11
  1  2       2.00       3.00       4.00 **VQfit parameters
  -6.906631857064E-05   4.549907290320E-02  -1.349367925026E+01      2.549E-15
  1  2       1.00       2.00       3.00 **PmatFit parameters
  -4.505645931506E-04   5.361417347682E-01   5.695050585461E+01      2.027E-12
  1  3       2.00       3.00       4.00 **VQfit parameters
   1.621163052070E-04  -1.085262593671E-01   3.306558159471E+01      5.610E-15
  1  3       1.00       2.00       3.00 **PmatFit parameters
   1.409728336589E-03  -1.639929821570E+00  -1.657862822705E+02      6.719E-12
  1  4       2.00       3.00       4.00 **VQfit parameters
   1.197289015540E-04  -8.453044520709E-02   2.796037901222E+01      3.211E-15
  1  4       1.00       2.00       3.00 **PmatFit parameters
   2.537967193507E-03  -2.835840577709E+00  -2.597250236787E+02      1.324E-11
  1  5       2.00       3.00       4.00 **VQfit parameters
   1.885627476722E-04  -1.252852667587E-01   3.769570023447E+01      6.726E-15
  1  5       1.00       2.00       3.00 **PmatFit parameters
  -3.931697895549E-03   4.177526202003E+00   3.298070395143E+02      2.252E-11
  2  2       0.00       2.00       3.00 **VQfit parameters
   1.812479530990E-08   7.790117583239E+00   2.876736634734E+01      1.323E-13
  2  3       2.00       3.00       4.00 **VQfit parameters
  -3.842110850889E-05   2.246412786529E-02  -7.345998905325E+00      1.820E-15
  2  3       1.00       2.00       3.00 **PmatFit parameters
  -8.831986098828E-06   1.337903450004E+00   1.460824457881E+00      5.654E-14
  2  4       2.00       3.00       4.00 **VQfit parameters
  -6.111333382746E-05   3.577447389664E-02  -5.447174853910E+00      2.862E-15
  2  4       1.00       2.00       3.00 **PmatFit parameters
  -1.130904253890E-05   7.470268251611E-01   8.279365162628E-02      8.980E-14
  2  5       2.00       3.00       4.00 **VQfit parameters
   8.528984644276E-05  -4.996935663212E-02   4.243887851749E+00      3.947E-15
  2  5       1.00       2.00       3.00 **PmatFit parameters
   1.414738231545E-05  -5.266138230699E-01   6.761699331281E-01      1.166E-13
  3  3       0.00       2.00       3.00 **VQfit parameters
   1.414793987231E-07   7.011519092528E+01   2.580865956768E+02      9.871E-13
  3  4       2.00       3.00       4.00 **VQfit parameters
   1.802417417934E-04  -1.062642591386E-01   3.019551981526E+01      8.246E-15
  3  4       1.00       2.00       3.00 **PmatFit parameters
   6.635811170679E-05  -3.370568117417E+00   1.334020934861E+00      5.520E-13
  3  5       2.00       3.00       4.00 **VQfit parameters
  -2.540117009664E-04   1.491399449763E-01  -1.475444647517E+01      1.165E-14
  3  5       1.00       2.00       3.00 **PmatFit parameters
  -5.981925299376E-05   1.900930729395E+00  -3.404214892073E+00      5.062E-13
  4  4       0.00       2.00       3.00 **VQfit parameters
   2.807095562183E-07   1.947856635947E+02   7.127755113732E+02      1.717E-12
  4  5       2.00       3.00       4.00 **VQfit parameters
  -3.973792215264E-04   2.364656853917E-01  -5.299696961746E+01      1.737E-14
  4  5       1.00       2.00       3.00 **PmatFit parameters
  -2.135053229945E-04   5.307821046051E+00  -1.471671086185E+01      1.854E-12
  5  5       0.00       2.00       3.00 **VQfit parameters
   2.215984899400E-07   3.818424512046E+02   1.384768650604E+03      4.047E-13
