#        5      200
    1.000000000000E-06    1.559068710917E+02    3.117691453657E+13    1.247076581453E+14    2.805922308265E+14    4.988306325802E+14
    5.076629378046E-03   -5.999904430501E+00    1.209706630671E+06    4.838844522379E+06    1.088740767523E+07    1.935539608921E+07
    2.030351751218E-02   -5.998571930765E+00    7.562338552642E+04    3.025115378202E+05    6.806584583099E+05    1.210064146995E+06
    4.568166440241E-02   -5.992779684139E+00    1.493396239867E+04    5.975382793349E+04    1.344536038249E+05    2.390332900728E+05
    8.121107004874E-02   -5.977240083912E+00    4.721208498537E+03    1.890276571432E+04    4.253869440729E+04    7.562899457745E+04
    1.268917344512E-01   -5.944736718282E+00    1.930327708360E+03    7.739145043565E+03    1.742050726890E+04    3.097441438438E+04
    1.827236576097E-01   -5.886530415428E+00    9.278913294459E+02    3.729224909014E+03    8.398114208295E+03    1.493455922729E+04
    2.487068395243E-01   -5.793129831647E+00    4.982383656390E+02    2.010332852043E+03    4.530490329382E+03    8.058710797657E+03
    3.248412801949E-01   -5.655517428057E+00    2.897990483709E+02    1.176162745764E+03    2.653435574751E+03    4.721617535334E+03
    4.111269796217E-01   -5.466782798097E+00    1.789842864405E+02    7.323374941611E+02    1.654592840358E+03    2.945750325034E+03
    5.075639378046E-01   -5.223897397611E+00    1.157945609718E+02    4.788499361473E+02    1.083942228067E+03    1.931071436754E+03
    6.141521547436E-01   -4.929140372696E+00    7.772815150162E+01    3.257000275249E+02    7.389864872742E+02    1.317587530927E+03
    7.308916304386E-01   -4.590602783059E+00    5.377099240658E+01    2.288557793544E+02    5.206637560124E+02    9.291949233636E+02
    8.577823648898E-01   -4.221393716249E+00    3.815060174748E+01    1.652665887388E+02    3.771265603361E+02    6.737305207640E+02
    9.948243580970E-01   -3.837633021542E+00    2.766453807776E+01    1.221710262560E+02    2.796818176588E+02    5.001969265914E+02
    1.142017610060E+00   -3.455817626265E+00    2.044918728403E+01    9.216401859145E+01    2.116886798636E+02    3.790232096147E+02
    1.299362120780E+00   -3.090388564892E+00    1.537590056824E+01    7.077394854309E+01    1.631039140392E+02    2.923658792388E+02
    1.466857890255E+00   -2.752161418255E+00    1.173840971739E+01    5.520734871242E+01    1.276554211942E+02    2.290827616202E+02
    1.644504918487E+00   -2.447845244895E+00    9.082947224904E+00    4.366764274721E+01    1.013087210850E+02    1.820063279127E+02
    1.832303205475E+00   -2.180445240871E+00    7.111701445679E+00    3.497000067676E+01    8.140084506859E+01    1.464042406364E+02
    2.030252751218E+00   -1.950130882432E+00    5.625706229243E+00    2.831561782010E+01    6.613360398085E+01    1.190792044192E+02
    2.238353555718E+00   -1.755178177272E+00    4.489894003514E+00    2.315521116691E+01    5.426778433922E+01    9.782613743422E+01
    2.456605618974E+00   -1.592752509494E+00    3.611135113077E+00    1.910421193685E+01    4.493351769916E+01    8.109578224244E+01
    2.685008940986E+00   -1.459461558860E+00    2.924167873091E+00    1.588884457849E+01    3.750984737616E+01    6.778114983584E+01
    2.923563521755E+00   -1.351708370256E+00    2.382463554850E+00    1.331115138545E+01    3.154660550511E+01    5.707898688094E+01
    3.172269361279E+00   -1.265908219080E+00    1.952242236760E+00    1.122590063022E+01    2.671276283953E+01    4.839814351869E+01
    3.431126459559E+00   -1.198625636877E+00    1.608527244371E+00    9.525091720187E+00    2.276168274701E+01    4.129787785054E+01
    3.700134816596E+00   -1.146666994080E+00    1.332528051137E+00    8.127398331678E+00    1.950736835942E+01    3.544563216437E+01
    3.979294432388E+00   -1.107145177867E+00    1.109890959623E+00    6.970869719423E+00    1.680797896290E+01    3.058769404933E+01
    4.268605306937E+00   -1.077521381646E+00    9.295158815697E-01    6.007812416947E+00    1.455422812618E+01    2.652852044801E+01
    4.568067440241E+00   -1.055624447695E+00    7.827411812703E-01    5.201151234367E+00    1.266110828441E+01    2.311597312326E+01
    4.877680832302E+00   -1.039648283213E+00    6.627674811993E-01    4.521807626694E+00    1.106191353780E+01    2.023064448784E+01
    5.197445483119E+00   -1.028130093496E+00    5.642377245459E-01    3.946787260016E+00    9.703871315014E+00    1.777805106633E+01
    5.527361392692E+00   -1.019914468405E+00    4.829217661781E-01    3.457768570354E+00    8.544914541924E+00    1.568286235781E+01
    5.867428561021E+00   -1.014109481178E+00    4.154737357824E-01    3.040049817809E+00    7.551271982561E+00    1.388459130034E+01
    6.217646988106E+00   -1.010040619405E+00    3.592425895884E-01    2.681755821253E+00    6.695652151147E+00    1.233434584371E+01
    6.578016673948E+00   -1.007207011739E+00    3.121232396697E-01    2.373234939087E+00    5.955862409732E+00    1.099235881841E+01
    6.948537618545E+00   -1.005242688724E+00    2.724394965835E-01    2.106596883677E+00    5.313750285562E+00    9.826094179791E+00
    7.329209821898E+00   -1.003884075782E+00    2.388522290586E-01    1.875355775144E+00    4.754385559207E+00    8.808783946445E+00
    7.720033284008E+00   -1.002943799947E+00    2.102875099741E-01    1.674152510724E+00    4.265423803863E+00    7.918289696204E+00
    8.121008004874E+00   -1.002290243110E+00    1.858805160961E-01    1.498537375430E+00    3.836607758920E+00    7.136210574993E+00
    8.532133984495E+00   -1.001831973121E+00    1.649317643644E-01    1.344798736962E+00    3.459374188259E+00    6.447179938855E+00
    8.953411222873E+00   -1.001506130950E+00    1.468729547782E-01    1.209827228818E+00    3.126542028764E+00    5.838307351073E+00
    9.384839720007E+00   -1.001269917345E+00    1.312402674519E-01    1.091007435743E+00    2.832063598113E+00    5.298733330866E+00
    9.826419475897E+00   -1.001094446444E+00    1.176534344112E-01    9.861310217718E-01    2.570825024806E+00    4.819272114008E+00
    1.027815049054E+01   -1.000960371010E+00    1.057992855527E-01    8.933266740835E-01    2.338485326987E+00    4.392123525012E+00
    1.074003276395E+01   -1.000854810531E+00    9.541876610473E-02    8.110033095918E-01    2.131346009217E+00    4.010639428826E+00
    1.121206629610E+01   -1.000769221950E+00    8.629665400308E-02    7.378038004300E-01    1.946244886617E+00    3.669133520069E+00
    1.169425108702E+01   -1.000697942591E+00    7.825338332374E-02    6.725670876333E-01    1.780469241115E+00    3.362725701874E+00
    1.218658713669E+01   -1.000637205789E+00    7.113851608060E-02    6.142970196633E-01    1.631684479377E+00    3.087214209114E+00
    1.268907444512E+01   -1.000584484161E+00    6.482550883108E-02    5.621366104025E-01    1.497875279403E+00    2.838970091091E+00
    1.320171301230E+01   -1.000538055705E+00    5.920750020467E-02    5.153466868424E-01    1.377296843976E+00    2.614849796018E+00
    1.372450283824E+01   -1.000496721359E+00    5.419390643432E-02    4.732881094208E-01    1.268434368318E+00    2.412122473646E+00
    1.425744392293E+01   -1.000459622528E+00    4.970765889320E-02    4.354069138655E-01    1.169969211952E+00    2.228409295296E+00
    1.480053626638E+01   -1.000426123611E+00    4.568295370513E-02    4.012218526136E-01    1.080750564183E+00    2.061632625397E+00
    1.535377986859E+01   -1.000395737595E+00    4.206341134472E-02    3.703139152140E-01    9.997716284307E-01    1.909973299769E+00
    1.591717472955E+01   -1.000368079049E+00    3.880056577636E-02    3.423174873791E-01    9.261495376901E-01    1.771834599864E+00
    1.649072084927E+01   -1.000342833094E+00    3.585261947788E-02    3.169128718846E-01    8.591083620182E-01    1.645811777541E+00
    1.707441822775E+01   -1.000319736241E+00    3.318341376164E-02    2.938199449047E-01    7.979646869802E-01    1.530666196149E+00
    1.766826686498E+01   -1.000298564199E+00    3.076157410615E-02    2.727927621967E-01    7.421153374397E-01    1.425303324063E+00
    1.827226676097E+01   -1.000279123065E+00    2.855979826481E-02    2.536149622151E-01    6.910268974567E-01    1.328753953505E+00
    1.888641791571E+01   -1.000261242716E+00    2.655426126236E-02    2.360958396113E-01    6.442267385939E-01    1.240158127720E+00
    1.951072032921E+01   -1.000244774203E+00    2.472411641008E-02    2.200669840397E-01    6.012953188044E-01    1.158751348989E+00
    2.014517400146E+01   -1.000229584510E+00    2.305107551299E-02    2.053793971390E-01    5.618595554425E-01    1.083852713889E+00
    2.078977893248E+01   -1.000215555956E+00    2.151905454513E-02    1.919010144212E-01    5.255871080062E-01    1.014854680247E+00
    2.144453512224E+01   -1.000202583444E+00    2.011387369108E-02    1.795145712538E-01    4.921814345108E-01    9.512142206400E-01
    2.210944257077E+01   -1.000190572728E+00    1.882300263625E-02    1.681157615382E-01    4.613775069050E-01    8.924451563523E-01
    2.278450127805E+01   -1.000179439830E+00    1.763534365149E-02    1.576116459718E-01    4.329380895966E-01    8.381114991741E-01
    2.346971124408E+01   -1.000169108180E+00    1.654104635103E-02    1.479192736149E-01    4.066505005014E-01    7.878216560759E-01
    2.416507246888E+01   -1.000159509759E+00    1.553134904724E-02    1.389644858894E-01    3.823237861050E-01    7.412233737454E-01
    2.487058495243E+01   -1.000150583149E+00    1.459844254018E-02    1.306808771722E-01    3.597862531973E-01    6.979993199164E-01
    2.558624869473E+01   -1.000142272573E+00    1.373535285576E-02    1.230088898173E-01    3.388833080692E-01    6.578632132958E-01
    2.631206369579E+01   -1.000134527752E+00    1.293584004403E-02    1.158950248697E-01    3.194755615107E-01    6.205564274424E-01
    2.704802995561E+01   -1.000127303099E+00    1.219431062799E-02    1.092911525382E-01    3.014371641120E-01    5.858450050635E-01
    2.779414747418E+01   -1.000120556841E+00    1.150574168097E-02    1.031539087974E-01    2.846543414227E-01    5.535170283405E-01
    2.855041625151E+01   -1.000114251525E+00    1.086561483490E-02    9.744416647234E-02    2.690241028657E-01    5.233802987068E-01
    2.931683628759E+01   -1.000108353425E+00    1.026985879622E-02    9.212657088845E-02    2.544531020935E-01    4.952602863022E-01
    3.009340758243E+01   -1.000102831182E+00    9.714799163356E-03    8.716913154366E-02    2.408566294927E-01    4.689983147676E-01
    3.088013013603E+01   -1.000097656592E+00    9.197114522760E-03    8.254286244710E-02    2.281577201315E-01    4.444499516956E-01
    3.167700394839E+01   -1.000092803426E+00    8.713797964351E-03    7.822146487181E-02    2.162863628952E-01    4.214835794057E-01
    3.248402901949E+01   -1.000088247946E+00    8.262123276482E-03    7.418104705567E-02    2.051787982725E-01    3.999791238085E-01
    3.330120534936E+01   -1.000083968493E+00    7.839615196956E-03    7.039987619709E-02    1.947768940645E-01    3.798269223351E-01
    3.412853293798E+01   -1.000079945623E+00    7.444023182833E-03    6.685815868561E-02    1.850275896032E-01    3.609267142521E-01
    3.496601178536E+01   -1.000076160607E+00    7.073298242627E-03    6.353784508334E-02    1.758824003567E-01    3.431867389689E-01
    3.581364189149E+01   -1.000072597143E+00    6.725572433268E-03    6.042245678906E-02    1.672969757196E-01    3.265229295910E-01
    3.667142325638E+01   -1.000069239978E+00    6.399140688838E-03    5.749693179609E-02    1.592307038870E-01    3.108581908974E-01
    3.753935588003E+01   -1.000066074370E+00    6.092444686038E-03    5.474748722518E-02    1.516463583059E-01    2.961217519957E-01
    3.841743976243E+01   -1.000063087684E+00    5.804058494067E-03    5.216149663534E-02    1.445097809370E-01    2.822485851985E-01
    3.930567490359E+01   -1.000060267745E+00    5.532675794525E-03    4.972738040372E-02    1.377895982280E-01    2.691788838470E-01
    4.020406130350E+01   -1.000057603714E+00    5.277098478693E-03    4.743450762537E-02    1.314569660552E-01    2.568575924390E-01
    4.111259896217E+01   -1.000055085175E+00    5.036226460721E-03    4.527310822798E-02    1.254853404681E-01    2.452339834299E-01
    4.203128787960E+01   -1.000052703376E+00    4.809048561863E-03    4.323419412174E-02    1.198502713564E-01    2.342612755806E-01
    4.296012805578E+01   -1.000050448733E+00    4.594634344046E-03    4.130948838919E-02    1.145292165985E-01    2.238962895014E-01
    4.389911949072E+01   -1.000048313057E+00    4.392126780258E-03    3.949136158700E-02    1.095013744015E-01    2.140991363037E-01
    4.484826218441E+01   -1.000046289329E+00    4.200735669987E-03    3.777277440199E-02    1.047475319556E-01    2.048329360023E-01
    4.580755613687E+01   -1.000044370785E+00    4.019731715355E-03    3.614722595932E-02    1.002499286551E-01    1.960635625353E-01
    4.677700134807E+01   -1.000042550206E+00    3.848441184466E-03    3.460870716944E-02    9.599213235018E-02    1.877594126496E-01
    4.775659781803E+01   -1.000040821928E+00    3.686241097002E-03    3.315165856828E-02    9.195892725815E-02    1.798911961813E-01
    4.874634554675E+01   -1.000039181055E+00    3.532554877309E-03    3.177093219025E-02    8.813621237216E-02    1.724317456401E-01
    4.974624453423E+01   -1.000037621470E+00    3.386848424222E-03    3.046175704517E-02    8.451090928140E-02    1.653558431363E-01
    5.075629478046E+01   -1.000036138945E+00    3.248626552036E-03    2.921970781155E-02    8.107087841379E-02    1.586400628596E-01
    5.177649628545E+01   -1.000034728518E+00    3.117429766533E-03    2.804067644012E-02    7.780484292162E-02    1.522626276982E-01
    5.280684904919E+01   -1.000033386533E+00    2.992831338811E-03    2.692084634887E-02    7.470231939080E-02    1.462032785085E-01
    5.384735307169E+01   -1.000032108498E+00    2.874434648421E-03    2.585666896628E-02    7.175355474891E-02    1.404431548968E-01
    5.489800835295E+01   -1.000030891322E+00    2.761870766759E-03    2.484484237280E-02    6.894946872562E-02    1.349646863357E-01
    5.595881489296E+01   -1.000029731283E+00    2.654796258317E-03    2.388229184832E-02    6.628160136803E-02    1.297514927024E-01
    5.702977269172E+01   -1.000028624975E+00    2.552891176781E-03    2.296615212681E-02    6.374206509387E-02    1.247882932944E-01
    5.811088174925E+01   -1.000027569687E+00    2.455857237564E-03    2.209375119903E-02    6.132350086785E-02    1.200608235587E-01
    5.920214206553E+01   -1.000026562561E+00    2.363416149632E-03    2.126259551491E-02    5.901903811359E-02    1.155557588225E-01
    6.030355364056E+01   -1.000025600247E+00    2.275308091066E-03    2.047035645051E-02    5.682225800650E-02    1.112606443710E-01
    6.141511647436E+01   -1.000024682438E+00    2.191290314211E-03    1.971485791620E-02    5.472715982385E-02    1.071638312746E-01
    6.253683056690E+01   -1.000023804293E+00    2.111135870210E-03    1.899406501773E-02    5.272813011942E-02    1.032544175340E-01
    6.366869591821E+01   -1.000022965512E+00    2.034632438084E-03    1.830607364010E-02    5.081991437857E-02    9.952219390560E-02
    6.481071252827E+01   -1.000022163294E+00    1.961581252932E-03    1.764910090739E-02    4.899759103047E-02    9.595759417796E-02
    6.596288039709E+01   -1.000021396312E+00    1.891796120788E-03    1.702147640872E-02    4.725654752584E-02    9.255164935605E-02
    6.712519952466E+01   -1.000020661168E+00    1.825102514414E-03    1.642163414109E-02    4.559245834930E-02    8.929594550967E-02
    6.829766991099E+01   -1.000019958036E+00    1.761336741023E-03    1.584810508913E-02    4.400126475355E-02    8.618258488787E-02
    6.948029155607E+01   -1.000019284355E+00    1.700345177616E-03    1.529951040456E-02    4.247915611592E-02    8.320415011369E-02
    7.067306445991E+01   -1.000018639302E+00    1.641983565752E-03    1.477455511292E-02    4.102255272387E-02    8.035367109669E-02
    7.187598862251E+01   -1.000018020548E+00    1.586116362290E-03    1.427202231737E-02    3.962808990842E-02    7.762459451077E-02
    7.308906404386E+01   -1.000017427312E+00    1.532616140041E-03    1.379076784586E-02    3.829260338182E-02    7.501075556736E-02
    7.431229072397E+01   -1.000016858133E+00    1.481363034964E-03    1.332971531221E-02    3.701311569977E-02    7.250635193397E-02
    7.554566866284E+01   -1.000016311848E+00    1.432244235305E-03    1.288785155024E-02    3.578682373903E-02    7.010591959189E-02
    7.678919786046E+01   -1.000015787415E+00    1.385153509463E-03    1.246422239258E-02    3.461108711344E-02    6.780431048810E-02
    7.804287831684E+01   -1.000015284596E+00    1.339990769184E-03    1.205792876427E-02    3.348341744787E-02    6.559667182881E-02
    7.930671003197E+01   -1.000014801063E+00    1.296661665458E-03    1.166812306751E-02    3.240146844665E-02    6.347842689470E-02
    8.058069300586E+01   -1.000014336843E+00    1.255077213757E-03    1.129400582809E-02    3.136302667610E-02    6.144525722543E-02
    8.186482723850E+01   -1.000013890520E+00    1.215153447138E-03    1.093482259039E-02    3.036600302630E-02    5.949308610716E-02
    8.315911272991E+01   -1.000013461385E+00    1.176811094149E-03    1.058986103353E-02    2.940842477756E-02    5.761806322152E-02
    8.446354948006E+01   -1.000013049274E+00    1.139975280029E-03    1.025844829547E-02    2.848842823573E-02    5.581655038768E-02
    8.577813748898E+01   -1.000012651966E+00    1.104575249303E-03    9.939948488201E-03    2.760425189069E-02    5.408510831065E-02
    8.710287675665E+01   -1.000012269602E+00    1.070544107657E-03    9.633760385166E-03    2.675423004661E-02    5.242048423788E-02
    8.843776728307E+01   -1.000011901471E+00    1.037818582287E-03    9.339315273628E-03    2.593678690443E-02    5.081960048650E-02
    8.978280906826E+01   -1.000011547934E+00    1.006338798681E-03    9.056074953977E-03    2.515043104722E-02    4.927954374730E-02
    9.113800211219E+01   -1.000011206887E+00    9.760480730339E-04    8.783529878826E-03    2.439375030918E-02    4.779755512849E-02
    9.250334641489E+01   -1.000010879140E+00    9.468927185063E-04    8.521197415978E-03    2.366540698475E-02    4.637102085591E-02
    9.387884197634E+01   -1.000010561509E+00    9.188218651510E-04    8.268620233471E-03    2.296413337294E-02    4.499746362037E-02
    9.526448879655E+01   -1.000010257025E+00    8.917872913172E-04    8.025364787519E-03    2.228872760456E-02    4.367453447186E-02
    9.666028687551E+01   -1.000009962881E+00    8.657432671466E-04    7.791019918604E-03    2.163804976662E-02    4.240000528780E-02
    9.806623621323E+01   -1.000009678860E+00    8.406464077346E-04    7.565195534083E-03    2.101101826483E-02    4.117176170220E-02
    9.948233680970E+01   -1.000009404832E+00    8.164555363463E-04    7.347521380842E-03    2.040660643383E-02    3.998779651391E-02
    1.009085886649E+02   -1.000009141390E+00    7.931315564738E-04    7.137645897164E-03    1.982383936537E-02    3.884620351704E-02
    1.023449917789E+02   -1.000008886769E+00    7.706373323013E-04    6.935235139853E-03    1.926179094384E-02    3.774517173280E-02
    1.037915461517E+02   -1.000008640609E+00    7.489375766772E-04    6.739971778650E-03    1.871958106712E-02    3.668298000055E-02
    1.052482517832E+02   -1.000008402730E+00    7.279987463760E-04    6.551554156165E-03    1.819637304787E-02    3.565799191877E-02
    1.067151086734E+02   -1.000008172646E+00    7.077889440439E-04    6.369695407177E-03    1.769137117862E-02    3.466865110340E-02
    1.081921168224E+02   -1.000007950100E+00    6.882778262136E-04    6.194122633083E-03    1.720381844876E-02    3.371347674117E-02
    1.096792762302E+02   -1.000007735525E+00    6.694365171549E-04    6.024576128035E-03    1.673299440422E-02    3.279105941970E-02
    1.111765868967E+02   -1.000007528514E+00    6.512375280734E-04    5.860808653477E-03    1.627821314054E-02    3.190005721665E-02
    1.126840488220E+02   -1.000007328969E+00    6.336546812651E-04    5.702584756778E-03    1.583882141777E-02    3.103919202550E-02
    1.142016620060E+02   -1.000007134668E+00    6.166630389757E-04    5.549680132326E-03    1.541419689241E-02    3.020724610866E-02
    1.157294264488E+02   -1.000006946971E+00    6.002388364179E-04    5.401881019886E-03    1.500374645238E-02    2.940305885101E-02
    1.172673421504E+02   -1.000006765718E+00    5.843594190851E-04    5.258983641287E-03    1.460690465775E-02    2.862552371869E-02
    1.188154091107E+02   -1.000006589206E+00    5.690031836696E-04    5.120793669849E-03    1.422313227190E-02    2.787358539414E-02
    1.203736273297E+02   -1.000006419119E+00    5.541495224737E-04    4.987125730717E-03    1.385191487816E-02    2.714623707709E-02
    1.219419968076E+02   -1.000006255561E+00    5.397787712458E-04    4.857802932261E-03    1.349276158212E-02    2.644251795253E-02
    1.235205175441E+02   -1.000006095899E+00    5.258721600205E-04    4.732656424348E-03    1.314520378840E-02    2.576151080331E-02
    1.251091895395E+02   -1.000005941185E+00    5.124117667330E-04    4.611524981366E-03    1.280879404574E-02    2.510233975597E-02
    1.267080127935E+02   -1.000005792006E+00    4.993804736531E-04    4.494254610923E-03    1.248310496303E-02    2.446416816461E-02
    1.283169873064E+02   -1.000005646830E+00    4.867619263347E-04    4.380698184645E-03    1.216772818662E-02    2.384619661406E-02
    1.299361130780E+02   -1.000005505584E+00    4.745404947994E-04    4.270715089476E-03    1.186227343416E-02    2.324766103331E-02
    1.315653901083E+02   -1.000005370223E+00    4.627012370058E-04    4.164170899228E-03    1.156636758452E-02    2.266783091800E-02
    1.332048183974E+02   -1.000005238470E+00    4.512298644264E-04    4.060937065366E-03    1.127965382093E-02    2.210600765698E-02
    1.348543979453E+02   -1.000005110128E+00    4.401127094720E-04    3.960890623797E-03    1.100179081847E-02    2.156152294481E-02
    1.365141287519E+02   -1.000004986099E+00    4.293366947410E-04    3.863913918795E-03    1.073245197881E-02    2.103373728694E-02
    1.381840108173E+02   -1.000004864265E+00    4.188893040702E-04    3.769894342547E-03    1.047132470834E-02    2.052203858909E-02
    1.398640441414E+02   -1.000004748771E+00    4.087585549970E-04    3.678724087682E-03    1.021810973226E-02    2.002584081687E-02
    1.415542287243E+02   -1.000004635470E+00    3.989329730159E-04    3.590299915711E-03    9.972520452474E-03    1.954458274098E-02
    1.432545645660E+02   -1.000004524511E+00    3.894015669190E-04    3.504522935388E-03    9.734282333286E-03    1.907772673648E-02
    1.449650516664E+02   -1.000004417416E+00    3.801538056416E-04    3.421298394597E-03    9.503132324321E-03    1.862475765482E-02
    1.466856900255E+02   -1.000004313231E+00    3.711795963923E-04    3.340535483445E-03    9.278818314542E-03    1.818518175641E-02
    1.484164796434E+02   -1.000004211753E+00    3.624692638180E-04    3.262147147243E-03    9.061098613693E-03    1.775852569693E-02
    1.501574205201E+02   -1.000004114736E+00    3.540135303604E-04    3.186049909626E-03    8.849741461792E-03    1.734433556820E-02
    1.519085126555E+02   -1.000004019966E+00    3.458034976778E-04    3.112163705554E-03    8.644524565937E-03    1.694217599244E-02
    1.536697560497E+02   -1.000003926687E+00    3.378306289266E-04    3.040411722142E-03    8.445234658984E-03    1.655162925931E-02
    1.554411507027E+02   -1.000003837051E+00    3.300867320717E-04    2.970720248217E-03    8.251667082140E-03    1.617229450956E-02
    1.572226966144E+02   -1.000003748812E+00    3.225639440501E-04    2.903018532180E-03    8.063625390828E-03    1.580378696417E-02
    1.590143937848E+02   -1.000003662283E+00    3.152547156813E-04    2.837238646225E-03    7.880920978009E-03    1.544573718760E-02
    1.608162422140E+02   -1.000003580580E+00    3.081517973984E-04    2.773315358047E-03    7.703372718312E-03    1.509779039165E-02
    1.626282419020E+02   -1.000003498439E+00    3.012482257956E-04    2.711186009710E-03    7.530806631986E-03    1.475960577807E-02
    1.644503928487E+02   -1.000003421130E+00    2.945373106269E-04    2.650790400836E-03    7.363055560850E-03    1.443085590464E-02
    1.662826950542E+02   -1.000003344638E+00    2.880126227274E-04    2.592070680005E-03    7.199958867023E-03    1.411122609573E-02
    1.681251485184E+02   -1.000003268302E+00    2.816679823441E-04    2.534971239654E-03    7.041362141317E-03    1.380041387173E-02
    1.699777532414E+02   -1.000003196230E+00    2.754974481034E-04    2.479438616936E-03    6.887116928135E-03    1.349812841080E-02
    1.718405092231E+02   -1.000003124925E+00    2.694953066094E-04    2.425421400162E-03    6.737080465906E-03    1.320409004093E-02
    1.737134164636E+02   -1.000003056226E+00    2.636560624150E-04    2.372870138508E-03    6.591115436554E-03    1.291802974969E-02
    1.755964749629E+02   -1.000002986947E+00    2.579744285967E-04    2.321737257391E-03    6.449089730657E-03    1.263968872464E-02
    1.774896847209E+02   -1.000002920945E+00    2.524453177024E-04    2.271976976814E-03    6.310876220862E-03    1.236881790989E-02
    1.793930457377E+02   -1.000002853353E+00    2.470638332277E-04    2.223545234992E-03    6.176352549975E-03    1.210517759135E-02
    1.813065580132E+02   -1.000002790103E+00    2.418252613980E-04    2.176399614073E-03    6.045400924772E-03    1.184853699318E-02
    1.832302215475E+02   -1.000002727191E+00    2.367250634625E-04    2.130499271160E-03    5.917907924625E-03    1.159867390319E-02
    1.851640363405E+02   -1.000002663941E+00    2.317588682652E-04    2.085804871170E-03    5.793764315125E-03    1.135537430802E-02
    1.871080023923E+02   -1.000002603633E+00    2.269224651681E-04    2.042278523412E-03    5.672864872095E-03    1.111843204869E-02
    1.890621197028E+02   -1.000002543648E+00    2.222117973876E-04    1.999883721574E-03    5.555108215032E-03    1.088764849445E-02
    1.910263882721E+02   -1.000002482376E+00    2.176229555684E-04    1.958585285857E-03    5.440396646428E-03    1.066283222832E-02
    1.930008081002E+02   -1.000002422607E+00    2.131521716651E-04    1.918349307946E-03    5.328635999162E-03    1.044379874832E-02
    1.949853791870E+02   -1.000002362965E+00    2.087958131669E-04    1.879143099004E-03    5.219735491990E-03    1.023037018448E-02
    1.969801015326E+02   -1.000002303663E+00    2.045503774950E-04    1.840935139488E-03    5.113607590409E-03    1.002237502648E-02
    1.989849751369E+02   -1.000002244358E+00    2.004124867481E-04    1.803695031614E-03    5.010167874590E-03    9.819647865094E-03
    2.010000000000E+02   -1.000002185034E+00    1.963788826256E-04    1.767393453837E-03    4.909334913105E-03    9.622029144909E-03
