          20         200  0.50000000000000000        2.0000000000000000     
  1  1       0.00       2.00       3.00 **VQfit parameters
  -9.999969494890E-01  -4.765530752488E-01   6.640861069544E+01      4.288E-11
  1  2       2.00       3.00       4.00 **VQfit parameters
   8.296144179523E-05   5.194123555168E-03  -3.912591175075E+01      1.017E-14
  1  2       1.00       2.00       3.00 **PmatFit parameters
  -4.505645938284E-04   5.361417350726E-01   5.695050582107E+01      2.027E-12
  1  3       2.00       3.00       4.00 **VQfit parameters
  -2.984383096011E-04   1.089272339211E-02   1.129285149803E+02      3.343E-14
  1  3       1.00       2.00       3.00 **PmatFit parameters
   1.409728466223E-03  -1.639929872121E+00  -1.657862773433E+02      6.719E-12
  1  4       2.00       3.00       4.00 **VQfit parameters
  -6.553734699973E-04   1.029526347886E-01   1.738127057684E+02      6.483E-14
  1  4       1.00       2.00       3.00 **PmatFit parameters
   2.537967019368E-03  -2.835840509727E+00  -2.597250303122E+02      1.324E-11
  1  5       2.00       3.00       4.00 **VQfit parameters
   1.224931772957E-03  -3.105181175971E-01  -2.145516201142E+02      1.079E-13
  1  5       1.00       2.00       3.00 **PmatFit parameters
  -3.931697723703E-03   4.177526135051E+00   3.298070460343E+02      2.252E-11
  1  6       2.00       3.00       4.00 **VQfit parameters
   2.046484228316E-03  -6.577582497045E-01  -2.298439519332E+02      1.635E-13
  1  6       1.00       2.00       3.00 **PmatFit parameters
  -5.664457720881E-03   5.707701017485E+00   3.684487802113E+02      3.513E-11
  1  7       2.00       3.00       4.00 **VQfit parameters
   3.120270385146E-03  -1.149755760959E+00  -2.168009577608E+02      2.296E-13
  1  7       1.00       2.00       3.00 **PmatFit parameters
  -7.780699910133E-03   7.455094894870E+00   3.698398918454E+02      5.117E-11
  1  8       2.00       3.00       4.00 **VQfit parameters
   4.404461738883E-03  -1.770776171634E+00  -1.751975525424E+02      3.012E-13
  1  8       1.00       2.00       3.00 **PmatFit parameters
  -1.029211634858E-02   9.432552107572E+00   3.302071215234E+02      7.024E-11
  1  9       2.00       3.00       4.00 **VQfit parameters
  -5.816675742846E-03   2.484564236531E+00   1.074787846280E+02      3.712E-13
  1  9       1.00       2.00       3.00 **PmatFit parameters
   1.317669874848E-02  -1.163637866452E+01  -2.479319986046E+02      9.149E-11
  1 10       2.00       3.00       4.00 **VQfit parameters
   7.239361757093E-03  -3.236420451941E+00  -1.854386211917E+01      4.305E-13
  1 10       1.00       2.00       3.00 **PmatFit parameters
  -1.638044416259E-02   1.404690755805E+01   1.235240702412E+02      1.137E-10
  1 11       2.00       3.00       4.00 **VQfit parameters
   8.527945866969E-03  -3.956563128976E+00   8.464356228459E+01      4.699E-13
  1 11       1.00       2.00       3.00 **PmatFit parameters
  -1.982137406829E-02   1.663014521468E+01  -4.053640750296E+01      1.352E-10
  1 12       2.00       3.00       4.00 **VQfit parameters
   9.520196029903E-03  -4.564074176175E+00   1.935493810103E+02      4.810E-13
  1 12       1.00       2.00       3.00 **PmatFit parameters
  -2.339535376898E-02   1.934027935006E+01  -2.400627649772E+02      1.545E-10
  1 13       2.00       3.00       4.00 **VQfit parameters
   1.004493094290E-02  -4.970543090523E+00   2.985828373112E+02      4.566E-13
  1 13       1.00       2.00       3.00 **PmatFit parameters
  -2.698306478092E-02   2.212276714447E+01  -4.695024497202E+02      1.699E-10
  1 14       2.00       3.00       4.00 **VQfit parameters
  -9.927758000985E-03   5.082268093703E+00  -3.895304697261E+02      3.921E-13
  1 14       1.00       2.00       3.00 **PmatFit parameters
   3.045748683108E-02  -2.491771862241E+01   7.223218358020E+02      1.798E-10
  1 15       2.00       3.00       4.00 **VQfit parameters
   8.990544808547E-03  -4.799311822564E+00   4.557808923459E+02      2.853E-13
  1 15       1.00       2.00       3.00 **PmatFit parameters
  -3.369123242144E-02   2.766328268473E+01  -9.914022388250E+02      1.830E-10
  1 16       2.00       3.00       4.00 **VQfit parameters
  -7.038505913728E-03   4.008154608450E+00  -4.861262034088E+02      1.363E-13
  1 16       1.00       2.00       3.00 **PmatFit parameters
   3.656324826910E-02  -3.029881108366E+01   1.269420674021E+03      1.785E-10
  1 17       2.00       3.00       4.00 **VQfit parameters
   3.819717176987E-03  -2.559807006007E+00   4.676503533391E+02      5.413E-14
  1 17       1.00       2.00       3.00 **PmatFit parameters
  -3.896445409666E-02   3.276760109480E+01  -1.549191700776E+03      1.657E-10
  1 18       2.00       3.00       4.00 **VQfit parameters
  -1.092160199793E-03  -2.071204576344E-01   3.821853887306E+02      2.874E-13
  1 18       1.00       2.00       3.00 **PmatFit parameters
  -4.080210444201E-02   3.501910685902E+01  -1.823955953539E+03      1.446E-10
  1 19       2.00       3.00       4.00 **VQfit parameters
  -8.711714925158E-03   3.615230177028E+00   1.937256580957E+02      5.793E-13
  1 19       1.00       2.00       3.00 **PmatFit parameters
  -4.200274122990E-02   3.701054767626E+01  -2.087605403346E+03      1.151E-10
  1 20       2.00       3.00       4.00 **VQfit parameters
   2.309880141734E-02  -1.108885207157E+01   2.245952960797E+02      1.029E-12
  1 20       1.00       2.00       3.00 **PmatFit parameters
   4.251377241182E-02  -3.870791340648E+01   2.334843168302E+03      7.808E-11
  2  2       0.00       2.00       3.00 **VQfit parameters
   1.822402318668E-08   7.790093518721E+00   2.877401077125E+01      1.320E-13
  2  3       2.00       3.00       4.00 **VQfit parameters
  -3.420163018131E-05   2.017300071745E-02  -8.720610877477E+00      1.615E-15
  2  3       1.00       2.00       3.00 **PmatFit parameters
  -8.831814612233E-06   1.337903383211E+00   1.460830960327E+00      5.654E-14
  2  4       2.00       3.00       4.00 **VQfit parameters
  -5.301972620984E-05   3.141018212920E-02  -8.058637944470E+00      2.455E-15
  2  4       1.00       2.00       3.00 **PmatFit parameters
  -1.130902166373E-05   7.470268170636E-01   8.279443669939E-02      8.980E-14
  2  5       2.00       3.00       4.00 **VQfit parameters
   7.046599050325E-05  -4.207327368272E-02   9.206040016807E+00      3.159E-15
  2  5       1.00       2.00       3.00 **PmatFit parameters
   1.414735053353E-05  -5.266138107131E-01   6.761687323004E-01      1.166E-13
  2  6       2.00       3.00       4.00 **VQfit parameters
   8.522650128549E-05  -5.145477023016E-02   1.059811752563E+01      3.645E-15
  2  6       1.00       2.00       3.00 **PmatFit parameters
   1.664407261377E-05  -4.097139582190E-01   1.233491793183E+00      1.350E-13
  2  7       2.00       3.00       4.00 **VQfit parameters
   9.662476345897E-05  -5.920899991276E-02   1.193457067274E+01      3.871E-15
  2  7       1.00       2.00       3.00 **PmatFit parameters
   1.855837479959E-05  -3.369622342249E-01   1.676123745979E+00      1.435E-13
  2  8       2.00       3.00       4.00 **VQfit parameters
   1.042126569332E-04  -6.510519114680E-02   1.310112052330E+01      3.814E-15
  2  8       1.00       2.00       3.00 **PmatFit parameters
   1.975913371875E-05  -2.871329210379E-01   2.031654754276E+00      1.412E-13
  2  9       2.00       3.00       4.00 **VQfit parameters
  -1.077325177788E-04   6.900355790261E-02  -1.404072648135E+01      3.467E-15
  2  9       1.00       2.00       3.00 **PmatFit parameters
  -2.017245825400E-05   2.506648727448E-01  -2.310828268004E+00      1.279E-13
  2 10       2.00       3.00       4.00 **VQfit parameters
   1.071089912981E-04  -7.085074418987E-02   1.472350255756E+01      2.842E-15
  2 10       1.00       2.00       3.00 **PmatFit parameters
   1.976757010713E-05  -2.226016363051E-01   2.518899011932E+00      1.040E-13
  2 11       2.00       3.00       4.00 **VQfit parameters
   1.024404853034E-04  -7.067646945529E-02   1.513669138331E+01      1.964E-15
  2 11       1.00       2.00       3.00 **PmatFit parameters
   1.855151113766E-05  -2.001203761326E-01   2.659602260697E+00      7.059E-14
  2 12       2.00       3.00       4.00 **VQfit parameters
   9.398641866331E-05  -6.858887607340E-02   1.528019940931E+01      8.727E-16
  2 12       1.00       2.00       3.00 **PmatFit parameters
   1.656491625210E-05  -1.815040997370E-01   2.736719153665E+00      2.915E-14
  2 13       2.00       3.00       4.00 **VQfit parameters
   8.215163658866E-05  -6.476912589668E-02   1.516396902794E+01      3.882E-16
  2 13       1.00       2.00       3.00 **PmatFit parameters
   1.387769891942E-05  -1.656588907455E-01   2.754704014167E+00      1.847E-14
  2 14       2.00       3.00       4.00 **VQfit parameters
  -6.747161971377E-05   5.946715669311E-02  -1.480606154570E+01      1.761E-15
  2 14       1.00       2.00       3.00 **PmatFit parameters
  -1.058428620827E-05   1.518652235261E-01  -2.718884196734E+00      6.986E-14
  2 15       2.00       3.00       4.00 **VQfit parameters
   5.060495297510E-05  -5.300228509235E-02   1.423113424431E+01      3.192E-15
  2 15       1.00       2.00       3.00 **PmatFit parameters
   6.798335549089E-06  -1.396400145681E-01   2.635439820863E+00      1.227E-13
  2 16       2.00       3.00       4.00 **VQfit parameters
  -3.234579375203E-05   4.577635883954E-02  -1.346933665627E+01      4.624E-15
  2 16       1.00       2.00       3.00 **PmatFit parameters
  -2.647200257999E-06   1.286552631516E-01  -2.511267770456E+00      1.747E-13
  2 17       2.00       3.00       4.00 **VQfit parameters
   1.368840868546E-05  -3.831932603548E-02   1.255598547778E+01      5.998E-15
  2 17       1.00       2.00       3.00 **PmatFit parameters
  -1.733675927738E-06  -1.186874665621E-01   2.353783501010E+00      2.233E-13
  2 18       2.00       3.00       4.00 **VQfit parameters
  -3.953159382031E-06  -3.143165801893E-02   1.153322907521E+01      7.251E-15
  2 18       1.00       2.00       3.00 **PmatFit parameters
  -6.206084925377E-06  -1.095847568349E-01   2.170699260953E+00      2.664E-13
  2 19       2.00       3.00       4.00 **VQfit parameters
  -1.790820285389E-05  -2.671218721938E-02   1.045893996423E+01      8.297E-15
  2 19       1.00       2.00       3.00 **PmatFit parameters
  -1.063397130250E-05  -1.012447128563E-01   1.969798492662E+00      3.022E-13
  2 20       2.00       3.00       4.00 **VQfit parameters
   1.908735067638E-05   2.977968003947E-02  -9.463033140982E+00      8.898E-15
  2 20       1.00       2.00       3.00 **PmatFit parameters
   1.488782368237E-05   9.359889537284E-02  -1.758720142481E+00      3.290E-13
  3  3       0.00       2.00       3.00 **VQfit parameters
   1.424768288586E-07   7.011494896112E+01   2.581534115716E+02      9.929E-13
  3  4       2.00       3.00       4.00 **VQfit parameters
   1.542339803827E-04  -9.228327976635E-02   3.850060381493E+01      6.918E-15
  3  4       1.00       2.00       3.00 **PmatFit parameters
   6.635837026340E-05  -3.370568218201E+00   1.334030754056E+00      5.521E-13
  3  5       2.00       3.00       4.00 **VQfit parameters
  -2.059969684942E-04   1.236350378458E-01  -3.065243259935E+01      9.060E-15
  3  5       1.00       2.00       3.00 **PmatFit parameters
  -5.981942627703E-05   1.900930796993E+00  -3.404221483263E+00      5.062E-13
  3  6       2.00       3.00       4.00 **VQfit parameters
  -2.500316325580E-04   1.516080503383E-01  -3.278051308568E+01      1.051E-14
  3  6       1.00       2.00       3.00 **PmatFit parameters
  -6.204127438325E-05   1.369474297035E+00  -4.817906424098E+00      5.149E-13
  3  7       2.00       3.00       4.00 **VQfit parameters
  -2.839225238310E-04   1.747092855127E-01  -3.609931358614E+01      1.117E-14
  3  7       1.00       2.00       3.00 **PmatFit parameters
  -6.500940492906E-05   1.086146854657E+00  -5.955329518201E+00      5.153E-13
  3  8       2.00       3.00       4.00 **VQfit parameters
  -3.063772046386E-04   1.922408842012E-01  -3.928793559831E+01      1.097E-14
  3  8       1.00       2.00       3.00 **PmatFit parameters
  -6.686743279462E-05   9.070901333059E-01  -6.881837113641E+00      4.923E-13
  3  9       2.00       3.00       4.00 **VQfit parameters
   3.166661184442E-04  -2.037979551073E-01   4.194021203680E+01      9.919E-15
  3  9       1.00       2.00       3.00 **PmatFit parameters
   6.689778727374E-05  -7.821776904706E-01   7.613245001763E+00      4.413E-13
  3 10       2.00       3.00       4.00 **VQfit parameters
  -3.145900078250E-04   2.092316973304E-01  -4.388926112376E+01      8.037E-15
  3 10       1.00       2.00       3.00 **PmatFit parameters
  -6.479102905526E-05   6.890098119649E-01  -8.154711625133E+00      3.614E-13
  3 11       2.00       3.00       4.00 **VQfit parameters
  -3.004597133335E-04   2.086385288342E-01  -4.506611623352E+01      5.407E-15
  3 11       1.00       2.00       3.00 **PmatFit parameters
  -6.045642818246E-05   6.159760552300E-01  -8.510673647666E+00      2.548E-13
  3 12       2.00       3.00       4.00 **VQfit parameters
  -2.750617316592E-04   2.023471127445E-01  -4.545655792992E+01      2.142E-15
  3 12       1.00       2.00       3.00 **PmatFit parameters
  -5.395195171749E-05   5.564460334378E-01  -8.688043329227E+00      1.254E-13
  3 13       2.00       3.00       4.00 **VQfit parameters
  -2.396138087396E-04   1.909030278598E-01  -4.508338747113E+01      1.623E-15
  3 13       1.00       2.00       3.00 **PmatFit parameters
  -4.544768070059E-05   5.063754051150E-01  -8.697176405922E+00      2.171E-14
  3 14       2.00       3.00       4.00 **VQfit parameters
   1.957223749246E-04  -1.750568290299E-01   4.399692365108E+01      5.717E-15
  3 14       1.00       2.00       3.00 **PmatFit parameters
   3.520042629834E-05  -4.631835824197E-01   8.551932818557E+00      1.791E-13
  3 15       2.00       3.00       4.00 **VQfit parameters
  -1.453614593027E-04   1.557665998518E-01  -4.226885545597E+01      9.980E-15
  3 15       1.00       2.00       3.00 **PmatFit parameters
  -2.353282354405E-05   4.251741332743E-01  -8.269318225704E+00      3.406E-13
  3 16       2.00       3.00       4.00 **VQfit parameters
   9.091217440180E-05  -1.342384938701E-01   3.998825612282E+01      1.424E-14
  3 16       1.00       2.00       3.00 **PmatFit parameters
   1.081348020320E-05  -3.912111971291E-01   7.868874223968E+00      4.989E-13
  3 17       2.00       3.00       4.00 **VQfit parameters
  -3.535945829214E-05   1.120652301225E-01  -3.726037387347E+01      1.832E-14
  3 17       1.00       2.00       3.00 **PmatFit parameters
   2.561298002919E-06   3.605272357394E-01  -7.371973041247E+00      6.471E-13
  3 18       2.00       3.00       4.00 **VQfit parameters
   1.704118099851E-05   9.165784468785E-02  -3.421179564759E+01      2.204E-14
  3 18       1.00       2.00       3.00 **PmatFit parameters
   1.618459710505E-05   3.326024889084E-01  -6.801071348827E+00      7.786E-13
  3 19       2.00       3.00       4.00 **VQfit parameters
   5.822723225599E-05   7.784435283058E-02  -3.101825297959E+01      2.512E-14
  3 19       1.00       2.00       3.00 **PmatFit parameters
   2.965436476607E-05   3.070859813444E-01  -6.178979105182E+00      8.879E-13
  3 20       2.00       3.00       4.00 **VQfit parameters
  -6.068734110807E-05  -8.762609283201E-02   2.808091782200E+01      2.687E-14
  3 20       1.00       2.00       3.00 **PmatFit parameters
  -4.258682727775E-05  -2.837418974321E-01   5.528184136289E+00      9.702E-13
  4  4       0.00       2.00       3.00 **VQfit parameters
   2.843886472533E-07   1.947847738109E+02   7.130206334621E+02      1.741E-12
  4  5       2.00       3.00       4.00 **VQfit parameters
  -3.024476737972E-04   1.863264184893E-01  -8.408845934467E+01      1.211E-14
  4  5       1.00       2.00       3.00 **PmatFit parameters
  -2.135054955841E-04   5.307821113340E+00  -1.471671741898E+01      1.854E-12
  4  6       2.00       3.00       4.00 **VQfit parameters
  -3.917698312337E-04   2.404051487250E-01  -6.113155486497E+01      1.569E-14
  4  6       1.00       2.00       3.00 **PmatFit parameters
  -1.599321463482E-04   2.950156805054E+00  -1.327982569480E+01      1.364E-12
  4  7       2.00       3.00       4.00 **VQfit parameters
  -4.508459208535E-04   2.801568410885E-01  -6.199072323816E+01      1.697E-14
  4  7       1.00       2.00       3.00 **PmatFit parameters
  -1.464290989834E-04   2.123434054804E+00  -1.373686967669E+01      1.200E-12
  4  8       2.00       3.00       4.00 **VQfit parameters
  -4.885716834598E-04   3.095238186298E-01  -6.572276578157E+01      1.667E-14
  4  8       1.00       2.00       3.00 **PmatFit parameters
  -1.403173819017E-04   1.689192401628E+00  -1.448934316031E+01      1.078E-12
  4  9       2.00       3.00       4.00 **VQfit parameters
   5.054437140235E-04  -3.286437106136E-01   6.941936776407E+01      1.491E-14
  4  9       1.00       2.00       3.00 **PmatFit parameters
   1.347767640379E-04  -1.416051026518E+00   1.519643128923E+01      9.422E-13
  4 10       2.00       3.00       4.00 **VQfit parameters
  -5.016376398060E-04   3.375139017109E-01  -7.227512995561E+01      1.177E-14
  4 10       1.00       2.00       3.00 **PmatFit parameters
  -1.274756596451E-04   1.225231927604E+00  -1.573655875676E+01      7.746E-13
  4 11       2.00       3.00       4.00 **VQfit parameters
  -4.778727470598E-04   3.363942629002E-01  -7.400252455661E+01      7.405E-15
  4 11       1.00       2.00       3.00 **PmatFit parameters
  -1.174979001443E-04   1.082194300667E+00  -1.605817272621E+01      5.718E-13
  4 12       2.00       3.00       4.00 **VQfit parameters
  -4.355507557830E-04   3.258788194422E-01  -7.450892252409E+01      2.005E-15
  4 12       1.00       2.00       3.00 **PmatFit parameters
  -1.045596090247E-04   9.693047747794E-01  -1.614178826622E+01      3.371E-13
  4 13       2.00       3.00       4.00 **VQfit parameters
  -3.767424379203E-04   3.068993788843E-01  -7.380064477820E+01      4.206E-15
  4 13       1.00       2.00       3.00 **PmatFit parameters
  -8.873162674025E-05   8.766172989852E-01  -1.598659113234E+01      7.781E-14
  4 14       2.00       3.00       4.00 **VQfit parameters
   3.041411364172E-04  -2.807175279896E-01   7.194531050532E+01      1.094E-14
  4 14       1.00       2.00       3.00 **PmatFit parameters
   7.031267817555E-05  -7.981287176806E-01   1.560433115710E+01      1.975E-13
  4 15       2.00       3.00       4.00 **VQfit parameters
  -2.210404026795E-04   2.489352553282E-01  -6.905332725716E+01      1.795E-14
  4 15       1.00       2.00       3.00 **PmatFit parameters
  -4.975603068671E-05   7.300445466297E-01  -1.501578330888E+01      4.768E-13
  4 16       2.00       3.00       4.00 **VQfit parameters
   1.314096855424E-04  -2.135676856369E-01   6.526788619327E+01      2.492E-14
  4 16       1.00       2.00       3.00 **PmatFit parameters
   2.761762363179E-05  -6.698914835032E-01   1.424822527661E+01      7.495E-13
  4 17       2.00       3.00       4.00 **VQfit parameters
  -4.023484846306E-05   1.772809254351E-01  -6.076174973769E+01      3.159E-14
  4 17       1.00       2.00       3.00 **PmatFit parameters
  -4.516329497501E-06   6.160264446354E-01  -1.333345678891E+01      1.004E-12
  4 18       2.00       3.00       4.00 **VQfit parameters
   4.534423518616E-05   1.441269550380E-01  -5.574622469378E+01      3.763E-14
  4 18       1.00       2.00       3.00 **PmatFit parameters
   1.890081038272E-05   5.673460713888E-01  -1.230604535914E+01      1.230E-12
  4 19       2.00       3.00       4.00 **VQfit parameters
   1.117193346025E-04   1.222592131760E-01  -5.052119774728E+01      4.262E-14
  4 19       1.00       2.00       3.00 **PmatFit parameters
   4.198732754277E-05   5.231059706090E-01  -1.120182492413E+01      1.419E-12
  4 20       2.00       3.00       4.00 **VQfit parameters
  -1.122215201322E-04  -1.405009670082E-01   4.579345406562E+01      4.532E-14
  4 20       1.00       2.00       3.00 **PmatFit parameters
  -6.412188523101E-05  -4.828028959679E-01   1.005657613632E+01      1.563E-12
  5  5       0.00       2.00       3.00 **VQfit parameters
   2.361464090981E-07   3.818389410765E+02   1.385730947449E+03      4.964E-13
  5  6       2.00       3.00       4.00 **VQfit parameters
   4.082587321505E-04  -2.664597368979E-01   1.405813415811E+02      1.244E-14
  5  6       1.00       2.00       3.00 **PmatFit parameters
   4.842620483419E-04  -7.281816608517E+00   4.297222700434E+01      4.195E-12
  5  7       2.00       3.00       4.00 **VQfit parameters
   5.644116059764E-04  -3.588786025885E-01   9.656535990433E+01      1.910E-14
  5  7       1.00       2.00       3.00 **PmatFit parameters
   3.257041451737E-04  -3.994096889181E+00   3.144926795774E+01      2.735E-12
  5  8       2.00       3.00       4.00 **VQfit parameters
   6.302312268459E-04  -4.065859408722E-01   9.412892954561E+01      1.953E-14
  5  8       1.00       2.00       3.00 **PmatFit parameters
   2.746461909244E-04  -2.860237740310E+00   2.857388572879E+01      2.189E-12
  5  9       2.00       3.00       4.00 **VQfit parameters
  -6.574672838612E-04   4.352019430113E-01  -9.676518867346E+01      1.732E-14
  5  9       1.00       2.00       3.00 **PmatFit parameters
  -2.465957141242E-04   2.271195658812E+00  -2.760643766190E+01      1.819E-12
  5 10       2.00       3.00       4.00 **VQfit parameters
   6.532936424769E-04  -4.481965397909E-01   9.961863352499E+01      1.304E-14
  5 10       1.00       2.00       3.00 **PmatFit parameters
   2.244666773743E-04  -1.902835217052E+00   2.717728117961E+01      1.479E-12
  5 11       2.00       3.00       4.00 **VQfit parameters
   6.205630350913E-04  -4.468651055194E-01   1.014275560494E+02      7.026E-15
  5 11       1.00       2.00       3.00 **PmatFit parameters
   2.026360998565E-04  -1.645988177370E+00   2.682552056286E+01      1.126E-12
  5 12       2.00       3.00       4.00 **VQfit parameters
   5.619056218466E-04  -4.323801055576E-01   1.017857726906E+02      4.667E-16
  5 12       1.00       2.00       3.00 **PmatFit parameters
   1.789240198866E-04  -1.453332067976E+00   2.636002799385E+01      7.477E-13
  5 13       2.00       3.00       4.00 **VQfit parameters
   4.805019955840E-04  -4.061933704874E-01   1.005927597896E+02      8.956E-15
  5 13       1.00       2.00       3.00 **PmatFit parameters
   1.525641200535E-04  -1.300977623884E+00   2.569838361901E+01      3.475E-13
  5 14       2.00       3.00       4.00 **VQfit parameters
  -3.802474271188E-04   3.701404063522E-01  -9.789308018851E+01      1.820E-14
  5 14       1.00       2.00       3.00 **PmatFit parameters
  -1.235012867696E-04   1.175592509865E+00  -2.481187525991E+01      6.690E-14
  5 15       2.00       3.00       4.00 **VQfit parameters
   2.658076757110E-04  -3.264993566588E-01   9.381568916698E+01      2.777E-14
  5 15       1.00       2.00       3.00 **PmatFit parameters
   9.208698790861E-05  -1.069208188194E+00   2.370229471368E+01      4.808E-13
  5 16       2.00       3.00       4.00 **VQfit parameters
  -1.427688648342E-04   2.781155818642E-01  -8.854712676167E+01      3.729E-14
  5 16       1.00       2.00       3.00 **PmatFit parameters
  -5.891874882814E-05   9.768317001809E-01  -2.239026033252E+01      8.820E-13
  5 17       2.00       3.00       4.00 **VQfit parameters
   1.815088106109E-05  -2.287546756720E-01   8.232238812515E+01      4.634E-14
  5 17       1.00       2.00       3.00 **PmatFit parameters
   2.473987415634E-05  -8.952322229398E-01   2.090834147566E+01      1.255E-12
  5 18       2.00       3.00       4.00 **VQfit parameters
  -9.793914379134E-05  -1.841663846766E-01   7.543742047650E+01      5.449E-14
  5 18       1.00       2.00       3.00 **PmatFit parameters
  -9.630395075147E-06  -8.222741955543E-01   1.929649914901E+01      1.588E-12
  5 19       2.00       3.00       4.00 **VQfit parameters
  -1.860802804659E-04  -1.559963034883E-01   6.832658454824E+01      6.113E-14
  5 19       1.00       2.00       3.00 **PmatFit parameters
  -4.335037453155E-05  -7.565261330025E-01   1.759873594925E+01      1.866E-12
  5 20       2.00       3.00       4.00 **VQfit parameters
   1.791984426869E-04   1.856371460233E-01  -6.205983390419E+01      6.450E-14
  5 20       1.00       2.00       3.00 **PmatFit parameters
   7.559755954921E-05   6.970189134729E-01  -1.586052512697E+01      2.081E-12
  6  6       0.00       2.00       3.00 **VQfit parameters
  -3.009251565474E-07   6.313344299807E+02   2.265154732203E+03      5.388E-12
  6  7       2.00       3.00       4.00 **VQfit parameters
   3.855064954848E-04  -2.883768653941E-01   2.015861841701E+02      2.491E-15
  6  7       1.00       2.00       3.00 **PmatFit parameters
   9.000529896382E-04  -9.329671779446E+00   8.973012818423E+01      7.627E-12
  6  8       2.00       3.00       4.00 **VQfit parameters
   6.720953049601E-04  -4.529424251197E-01   1.333030550561E+02      1.587E-14
  6  8       1.00       2.00       3.00 **PmatFit parameters
   5.641924928160E-04  -5.063009042403E+00   5.946400922739E+01      4.596E-12
  6  9       2.00       3.00       4.00 **VQfit parameters
  -7.432328426839E-04   5.083103221057E-01  -1.260433354609E+02      1.532E-14
  6  9       1.00       2.00       3.00 **PmatFit parameters
  -4.490291718451E-04   3.604672638108E+00  -5.019552144971E+01      3.439E-12
  6 10       2.00       3.00       4.00 **VQfit parameters
   7.494077735753E-04  -5.309521795983E-01   1.262831707465E+02      1.061E-14
  6 10       1.00       2.00       3.00 **PmatFit parameters
   3.840241148387E-04  -2.852219661961E+00   4.584425176946E+01      2.688E-12
  6 11       2.00       3.00       4.00 **VQfit parameters
   7.123612908080E-04  -5.317794995387E-01   1.271080646616E+02      3.298E-15
  6 11       1.00       2.00       3.00 **PmatFit parameters
   3.350882760887E-04  -2.383683759131E+00   4.317984370468E+01      2.056E-12
  6 12       2.00       3.00       4.00 **VQfit parameters
   6.400564423320E-04  -5.146542812906E-01   1.268018776593E+02      5.962E-15
  6 12       1.00       2.00       3.00 **PmatFit parameters
   2.911338102181E-04  -2.057703692070E+00   4.112980457682E+01      1.456E-12
  6 13       2.00       3.00       4.00 **VQfit parameters
   5.381719444978E-04  -4.822677821031E-01   1.248575490987E+02      1.660E-14
  6 13       1.00       2.00       3.00 **PmatFit parameters
   2.478295174897E-04  -1.813395698450E+00   3.924986097078E+01      8.618E-13
  6 14       2.00       3.00       4.00 **VQfit parameters
  -4.123680934194E-04   4.373259956200E-01  -1.211847651457E+02      2.812E-14
  6 14       1.00       2.00       3.00 **PmatFit parameters
  -2.035048969755E-04   1.620239580936E+00  -3.733965606699E+01      2.717E-13
  6 15       2.00       3.00       4.00 **VQfit parameters
   2.689383336975E-04  -3.829228610779E-01   1.158824994067E+02      4.002E-14
  6 15       1.00       2.00       3.00 **PmatFit parameters
   1.577501927188E-04  -1.461322591180E+00   3.531284628089E+01      3.070E-13
  6 16       2.00       3.00       4.00 **VQfit parameters
  -1.152170964997E-04   3.228117361838E-01  -1.091573939508E+02      5.180E-14
  6 16       1.00       2.00       3.00 **PmatFit parameters
  -1.108260911404E-04   1.326602847986E+00  -3.314354798515E+01      8.591E-13
  6 17       2.00       3.00       4.00 **VQfit parameters
  -3.964354982900E-05  -2.619214944635E-01   1.012958166705E+02      6.295E-14
  6 17       1.00       2.00       3.00 **PmatFit parameters
   6.336836368842E-05  -1.209822903468E+00   3.084056561972E+01      1.370E-12
  6 18       2.00       3.00       4.00 **VQfit parameters
  -1.824203217744E-04  -2.077970211913E-01   9.267677291402E+01      7.292E-14
  6 18       1.00       2.00       3.00 **PmatFit parameters
   1.621660523984E-05  -1.106948383725E+00   2.843324598472E+01      1.824E-12
  6 19       2.00       3.00       4.00 **VQfit parameters
  -2.874779935069E-04  -1.758259730246E-01   8.388310104755E+01      8.089E-14
  6 19       1.00       2.00       3.00 **PmatFit parameters
  -2.969557893082E-05  -1.015314370493E+00   2.596287041651E+01      2.206E-12
  6 20       2.00       3.00       4.00 **VQfit parameters
   2.655388751901E-04   2.210528805648E-01  -7.642922548463E+01      8.453E-14
  6 20       1.00       2.00       3.00 **PmatFit parameters
   7.341714846728E-05   9.331280468409E-01  -2.347693210180E+01      2.505E-12
  7  7       0.00       2.00       3.00 **VQfit parameters
  -1.701639547749E-06   9.433434689295E+02   3.337061087484E+03      1.916E-11
  7  8       2.00       3.00       4.00 **VQfit parameters
   1.432385625454E-04  -2.043785692996E-01   2.599745945274E+02      2.282E-14
  7  8       1.00       2.00       3.00 **PmatFit parameters
   1.467440862853E-03  -1.146633753659E+01   1.576699540349E+02      1.199E-11
  7  9       2.00       3.00       4.00 **VQfit parameters
  -6.636273666804E-04   4.962855170649E-01  -1.674905141545E+02      3.092E-15
  7  9       1.00       2.00       3.00 **PmatFit parameters
  -8.748179999224E-04   6.168188232519E+00  -9.838923107029E+01      6.820E-12
  7 10       2.00       3.00       4.00 **VQfit parameters
   7.482515815486E-04  -5.639573317634E-01   1.545719648537E+02      2.113E-15
  7 10       1.00       2.00       3.00 **PmatFit parameters
   6.668572766889E-04  -4.366274849685E+00   7.913932147041E+01      4.841E-12
  7 11       2.00       3.00       4.00 **VQfit parameters
   7.288308834675E-04  -5.783397897151E-01   1.514692245729E+02      5.150E-15
  7 11       1.00       2.00       3.00 **PmatFit parameters
   5.491343493893E-04  -3.440352825740E+00   6.949340412792E+01      3.594E-12
  7 12       2.00       3.00       4.00 **VQfit parameters
   6.527420654459E-04  -5.636496638913E-01   1.493721665229E+02      1.551E-14
  7 12       1.00       2.00       3.00 **PmatFit parameters
   4.630707742016E-04  -2.865477277583E+00   6.336523063192E+01      2.598E-12
  7 13       2.00       3.00       4.00 **VQfit parameters
   5.361787611175E-04  -5.279880684935E-01   1.461751247840E+02      2.781E-14
  7 13       1.00       2.00       3.00 **PmatFit parameters
   3.896659904752E-04  -2.466293709442E+00   5.874264212984E+01      1.708E-12
  7 14       2.00       3.00       4.00 **VQfit parameters
  -3.891931502030E-04   4.763067250810E-01  -1.413051206863E+02      4.123E-14
  7 14       1.00       2.00       3.00 **PmatFit parameters
  -3.214100979745E-04   2.167559682090E+00  -5.478963586962E+01      8.738E-13
  7 15       2.00       3.00       4.00 **VQfit parameters
   2.207541671313E-04  -4.130717420630E-01   1.347051943561E+02      5.510E-14
  7 15       1.00       2.00       3.00 **PmatFit parameters
   2.552176668600E-04  -1.931716981786E+00   5.111948982808E+01      8.703E-14
  7 16       2.00       3.00       4.00 **VQfit parameters
  -4.043096866187E-05   3.432110804457E-01  -1.265495483656E+02      6.878E-14
  7 16       1.00       2.00       3.00 **PmatFit parameters
  -1.900315021220E-04   1.738041831352E+00  -4.755030218578E+01      6.524E-13
  7 17       2.00       3.00       4.00 **VQfit parameters
  -1.402081314884E-04  -2.729823920771E-01   1.171531715826E+02      8.166E-14
  7 17       1.00       2.00       3.00 **PmatFit parameters
   1.258271578393E-04  -1.574275003948E+00   4.400525028869E+01      1.327E-12
  7 18       2.00       3.00       4.00 **VQfit parameters
  -3.045420809715E-04  -2.118995307431E-01   1.069726415312E+02      9.305E-14
  7 18       1.00       2.00       3.00 **PmatFit parameters
   6.313180832487E-05  -1.432795882379E+00   4.046567450544E+01      1.924E-12
  7 19       2.00       3.00       4.00 **VQfit parameters
  -4.201392334562E-04  -1.794517515415E-01   9.675624644938E+01      1.019E-13
  7 19       1.00       2.00       3.00 **PmatFit parameters
   2.757635558618E-06  -1.308692277143E+00   3.694619909819E+01      2.429E-12
  7 20       2.00       3.00       4.00 **VQfit parameters
   3.730978796239E-04   2.457995843249E-01  -8.856895388607E+01      1.054E-13
  7 20       1.00       2.00       3.00 **PmatFit parameters
   5.435830358391E-05   1.198709657202E+00  -3.348033516117E+01      2.829E-12
  8  8       0.00       2.00       3.00 **VQfit parameters
  -4.398993321722E-06   1.317950636970E+03   4.584592412745E+03      4.444E-11
  8  9       2.00       3.00       4.00 **VQfit parameters
   4.030174477226E-04  -3.126734999761E-02  -3.085504659882E+02      6.728E-14
  8  9       1.00       2.00       3.00 **PmatFit parameters
  -2.176902173550E-03   1.369448235541E+01  -2.483940120902E+02      1.693E-11
  8 10       2.00       3.00       4.00 **VQfit parameters
   4.948395873361E-04  -4.654511562605E-01   1.954579936199E+02      2.119E-14
  8 10       1.00       2.00       3.00 **PmatFit parameters
   1.249100276707E-03  -7.311885782051E+00   1.487534499031E+02      9.185E-12
  8 11       2.00       3.00       4.00 **VQfit parameters
   6.122687812106E-04  -5.558924897147E-01   1.768656134548E+02      2.134E-14
  8 11       1.00       2.00       3.00 **PmatFit parameters
   9.204000765273E-04  -5.147254735113E+00   1.155939376706E+02      6.230E-12
  8 12       2.00       3.00       4.00 **VQfit parameters
   5.703546472325E-04  -5.635240685164E-01   1.699356828531E+02      3.054E-14
  8 12       1.00       2.00       3.00 **PmatFit parameters
   7.349877536150E-04  -4.037717829005E+00   9.859386071080E+01      4.408E-12
  8 13       2.00       3.00       4.00 **VQfit parameters
   4.561807389985E-04  -5.334613009115E-01   1.644083881648E+02      4.339E-14
  8 13       1.00       2.00       3.00 **PmatFit parameters
   6.023429430188E-04  -3.350242180267E+00   8.770533230010E+01      3.007E-12
  8 14       2.00       3.00       4.00 **VQfit parameters
  -2.979764899243E-04   4.801426363593E-01  -1.579181121858E+02      5.801E-14
  8 14       1.00       2.00       3.00 **PmatFit parameters
  -4.930884919479E-04   2.873718163464E+00  -7.961008621515E+01      1.807E-12
  8 15       2.00       3.00       4.00 **VQfit parameters
   1.118024191932E-04  -4.117399197613E-01   1.498814073811E+02      7.329E-14
  8 15       1.00       2.00       3.00 **PmatFit parameters
   3.954795553251E-04  -2.517761670719E+00   7.292418569613E+01      7.325E-13
  8 16       2.00       3.00       4.00 **VQfit parameters
   8.878708364737E-05   3.352932271117E-01  -1.403107062506E+02      8.839E-14
  8 16       1.00       2.00       3.00 **PmatFit parameters
  -3.044737207672E-04   2.237367938102E+00  -6.699639464483E+01      2.436E-13
  8 17       2.00       3.00       4.00 **VQfit parameters
  -2.889604975958E-04  -2.588569687622E-01   1.294996204738E+02      1.025E-13
  8 17       1.00       2.00       3.00 **PmatFit parameters
   2.180417355213E-04  -2.007761234148E+00   6.150516243991E+01      1.119E-12
  8 18       2.00       3.00       4.00 **VQfit parameters
  -4.681056513651E-04  -1.942607773384E-01   1.179676473847E+02      1.149E-13
  8 18       1.00       2.00       3.00 **PmatFit parameters
   1.356532267651E-04  -1.814308259950E+00   5.629531330222E+01      1.888E-12
  8 19       2.00       3.00       4.00 **VQfit parameters
  -5.861254032069E-04  -1.656244497878E-01   1.066470668571E+02      1.242E-13
  8 19       1.00       2.00       3.00 **PmatFit parameters
   5.755687489663E-05  -1.647913062906E+00   5.130205968023E+01      2.538E-12
  8 20       2.00       3.00       4.00 **VQfit parameters
   5.013227617485E-04   2.601525173635E-01  -9.828599801975E+01      1.268E-13
  8 20       1.00       2.00       3.00 **PmatFit parameters
   1.560315878010E-05   1.502699552704E+00  -4.651163314262E+01      3.058E-12
  9  9       0.00       2.00       3.00 **VQfit parameters
  -8.864223641835E-06   1.755249605556E+03   5.988802365415E+03      8.498E-11
  9 10       2.00       3.00       4.00 **VQfit parameters
   1.320742832579E-03  -4.572248815845E-01  -3.406846618850E+02      1.326E-13
  9 10       1.00       2.00       3.00 **PmatFit parameters
  -3.002823636802E-03   1.600700748058E+01  -3.623818357016E+02      2.188E-11
  9 11       2.00       3.00       4.00 **VQfit parameters
  -1.341914756863E-04   3.425926636677E-01  -2.140580600181E+02      5.751E-14
  9 11       1.00       2.00       3.00 **PmatFit parameters
  -1.670933741220E-03   8.490348686893E+00  -2.105397582684E+02      1.139E-11
  9 12       2.00       3.00       4.00 **VQfit parameters
  -3.151842620386E-04   4.724066940894E-01  -1.906534645797E+02      5.490E-14
  9 12       1.00       2.00       3.00 **PmatFit parameters
  -1.197256705076E-03   5.945264712344E+00  -1.594026438858E+02      7.394E-12
  9 13       2.00       3.00       4.00 **VQfit parameters
  -2.623846592851E-04   4.791461221796E-01  -1.799387664525E+02      6.493E-14
  9 13       1.00       2.00       3.00 **PmatFit parameters
  -9.315092516979E-04   4.642795701024E+00  -1.329437187361E+02      4.975E-12
  9 14       2.00       3.00       4.00 **VQfit parameters
   1.191760629664E-04  -4.379793458559E-01   1.709197745142E+02      7.917E-14
  9 14       1.00       2.00       3.00 **PmatFit parameters
   7.446312323709E-04  -3.837041921980E+00   1.159935486604E+02      3.167E-12
  9 15       2.00       3.00       4.00 **VQfit parameters
   6.965217413471E-05   3.722575203598E-01  -1.611654397341E+02      9.491E-14
  9 15       1.00       2.00       3.00 **PmatFit parameters
  -5.946623717478E-04   3.279499860274E+00  -1.035417587301E+02      1.672E-12
  9 16       2.00       3.00       4.00 **VQfit parameters
  -2.797392854343E-04  -2.947723644640E-01   1.501665115335E+02      1.107E-13
  9 16       1.00       2.00       3.00 **PmatFit parameters
   4.646572138852E-04  -2.863912903060E+00   9.349079046544E+01      3.789E-13
  9 17       2.00       3.00       4.00 **VQfit parameters
   4.902705242870E-04   2.168477405203E-01  -1.380771939440E+02      1.255E-13
  9 17       1.00       2.00       3.00 **PmatFit parameters
  -3.471054087186E-04   2.537442855884E+00  -8.484119237367E+01      7.531E-13
  9 18       2.00       3.00       4.00 **VQfit parameters
   6.752032406651E-04   1.534374557784E-01  -1.254442140337E+02      1.382E-13
  9 18       1.00       2.00       3.00 **PmatFit parameters
  -2.386901994814E-04   2.271029087633E+00  -7.708407238525E+01      1.731E-12
  9 19       2.00       3.00       4.00 **VQfit parameters
   7.853539189040E-04   1.341372080699E-01  -1.134010831366E+02      1.474E-13
  9 19       1.00       2.00       3.00 **PmatFit parameters
  -1.381529511921E-04   2.047508163335E+00  -6.995590053798E+01      2.555E-12
  9 20       2.00       3.00       4.00 **VQfit parameters
  -6.470623014758E-04  -2.657380727420E-01   1.055412534943E+02      1.485E-13
  9 20       1.00       2.00       3.00 **PmatFit parameters
   4.529208013579E-05  -1.856195385616E+00   6.332530230525E+01      3.217E-12
 10 10       0.00       2.00       3.00 **VQfit parameters
  -1.558599546977E-05   2.255339692340E+03   7.529230446149E+03      1.445E-10
 10 11       2.00       3.00       4.00 **VQfit parameters
  -2.651745036113E-03   1.100722652628E+00   3.508675652932E+02      2.181E-13
 10 11       1.00       2.00       3.00 **PmatFit parameters
   3.904682264823E-03  -1.838835368101E+01   4.990150927685E+02      2.615E-11
 10 12       2.00       3.00       4.00 **VQfit parameters
  -4.328800335885E-04  -1.177367340055E-01   2.209403745152E+02      1.049E-13
 10 12       1.00       2.00       3.00 **PmatFit parameters
   2.117398442465E-03  -9.695234180171E+00   2.832109057365E+02      1.306E-11
 10 13       2.00       3.00       4.00 **VQfit parameters
  -1.469715566455E-04  -3.094776917428E-01   1.944477972260E+02      9.719E-14
 10 13       1.00       2.00       3.00 **PmatFit parameters
   1.480990125259E-03  -6.754719702229E+00   2.100864270999E+02      8.095E-12
 10 14       2.00       3.00       4.00 **VQfit parameters
   1.902464627159E-04   3.258859955417E-01  -1.805456326659E+02      1.065E-13
 10 14       1.00       2.00       3.00 **PmatFit parameters
  -1.125997427772E-03   5.251582041135E+00  -1.721198491361E+02      5.125E-12
 10 15       2.00       3.00       4.00 **VQfit parameters
  -3.445630762820E-04  -2.826546524309E-01   1.684602457616E+02      1.206E-13
 10 15       1.00       2.00       3.00 **PmatFit parameters
   8.798625751236E-04  -4.322955412646E+00   1.478625186697E+02      2.955E-12
 10 16       2.00       3.00       4.00 **VQfit parameters
   5.430738183810E-04   2.152949440838E-01  -1.559585521097E+02      1.358E-13
 10 16       1.00       2.00       3.00 **PmatFit parameters
  -6.863622143196E-04   3.681536557819E+00  -1.302255087739E+02      1.210E-12
 10 17       2.00       3.00       4.00 **VQfit parameters
  -7.490829823886E-04  -1.437394388762E-01   1.427469144057E+02      1.504E-13
 10 17       1.00       2.00       3.00 **PmatFit parameters
   5.225941550783E-04  -3.204564197500E+00   1.162308241558E+02      2.556E-13
 10 18       2.00       3.00       4.00 **VQfit parameters
  -9.270390718589E-04  -8.830931393706E-02   1.293141710044E+02      1.627E-13
 10 18       1.00       2.00       3.00 **PmatFit parameters
   3.781633478085E-04  -2.831026517136E+00   1.044458852749E+02      1.490E-12
 10 19       2.00       3.00       4.00 **VQfit parameters
  -1.015957202066E-03  -8.564750921313E-02   1.170054315336E+02      1.711E-13
 10 19       1.00       2.00       3.00 **PmatFit parameters
   2.481974507464E-04  -2.527369088860E+00   9.412572321057E+01      2.520E-12
 10 20       2.00       3.00       4.00 **VQfit parameters
   8.045376339377E-04   2.655923753221E-01  -1.104566322603E+02      1.700E-13
 10 20       1.00       2.00       3.00 **PmatFit parameters
  -1.305141011799E-04   2.273755661753E+00  -8.486763959686E+01      3.349E-12
 11 11       0.00       2.00       3.00 **VQfit parameters
  -2.504943405304E-05   2.818322353848E+03   9.184492107214E+03      2.262E-10
 11 12       2.00       3.00       4.00 **VQfit parameters
  -4.405975362530E-03   1.974215956728E+00   3.351402684279E+02      3.202E-13
 11 12       1.00       2.00       3.00 **PmatFit parameters
   4.829234962773E-03  -2.081576139020E+01   6.566634058668E+02      2.893E-11
 11 13       2.00       3.00       4.00 **VQfit parameters
  -1.201005550855E-03   2.094854825102E-01   2.147532961052E+02      1.609E-13
 11 13       1.00       2.00       3.00 **PmatFit parameters
   2.559996507716E-03  -1.091460552210E+01   3.657616050535E+02      1.381E-11
 11 14       2.00       3.00       4.00 **VQfit parameters
   7.598314064952E-04   7.220316787608E-02  -1.876898201733E+02      1.456E-13
 11 14       1.00       2.00       3.00 **PmatFit parameters
  -1.751998967934E-03   7.567656918027E+00  -2.668828896809E+02      8.078E-12
 11 15       2.00       3.00       4.00 **VQfit parameters
  -7.641718678893E-04  -1.139649121188E-01   1.717585875703E+02      1.522E-13
 11 15       1.00       2.00       3.00 **PmatFit parameters
   1.303771016170E-03  -5.858321829718E+00   2.155081125480E+02      4.683E-12
 11 16       2.00       3.00       4.00 **VQfit parameters
   9.013413292484E-04   8.365603139617E-02  -1.575647689578E+02      1.644E-13
 11 16       1.00       2.00       3.00 **PmatFit parameters
  -9.966533889370E-04   4.803697785308E+00  -1.828079720227E+02      2.246E-12
 11 17       2.00       3.00       4.00 **VQfit parameters
  -1.074846796725E-03  -3.359897638209E-02   1.434311579392E+02      1.772E-13
 11 17       1.00       2.00       3.00 **PmatFit parameters
   7.592436214762E-04  -4.076619102687E+00   1.592461284521E+02      3.346E-13
 11 18       2.00       3.00       4.00 **VQfit parameters
  -1.225854370314E-03   2.986118109700E-03   1.295824774968E+02      1.882E-13
 11 18       1.00       2.00       3.00 **PmatFit parameters
   5.622435626608E-04  -3.537334065099E+00   1.408041895487E+02      1.228E-12
 11 19       2.00       3.00       4.00 **VQfit parameters
  -1.275185201538E-03  -2.120336111495E-02   1.175699510014E+02      1.950E-13
 11 19       1.00       2.00       3.00 **PmatFit parameters
   3.921115210968E-04  -3.116390065621E+00   1.255346203907E+02      2.501E-12
 11 20       2.00       3.00       4.00 **VQfit parameters
   9.655026782124E-04   2.641343427370E-01  -1.133151293263E+02      1.907E-13
 11 20       1.00       2.00       3.00 **PmatFit parameters
  -2.422338405196E-04   2.775569440833E+00  -1.124090724930E+02      3.520E-12
 12 12       0.00       2.00       3.00 **VQfit parameters
  -3.771676824637E-05   3.444297862312E+03   1.093284792413E+04      3.332E-10
 12 13       2.00       3.00       4.00 **VQfit parameters
  -6.557996197072E-03   3.073121563153E+00   2.913876441189E+02      4.332E-13
 12 13       1.00       2.00       3.00 **PmatFit parameters
   5.713465443775E-03  -2.326071265924E+01   8.328188818902E+02      2.940E-11
 12 14       2.00       3.00       4.00 **VQfit parameters
   2.143021850708E-03  -6.284471379964E-01  -1.952793648887E+02      2.217E-13
 12 14       1.00       2.00       3.00 **PmatFit parameters
  -2.966207538941E-03   1.213384278845E+01  -4.567922652795E+02      1.324E-11
 12 15       2.00       3.00       4.00 **VQfit parameters
  -1.488813667574E-03   2.236849069873E-01   1.708591269472E+02      1.964E-13
 12 15       1.00       2.00       3.00 **PmatFit parameters
   1.988546927360E-03  -8.374437118664E+00   3.287967300995E+02      7.098E-12
 12 16       2.00       3.00       4.00 **VQfit parameters
   1.414607079374E-03  -1.346134172933E-01  -1.546413055294E+02      1.984E-13
 12 16       1.00       2.00       3.00 **PmatFit parameters
  -1.448912090805E-03   6.456079500408E+00  -2.623408891304E+02      3.482E-12
 12 17       2.00       3.00       4.00 **VQfit parameters
  -1.491621381390E-03   1.279489671987E-01   1.399558670115E+02      2.065E-13
 12 17       1.00       2.00       3.00 **PmatFit parameters
   1.082857472594E-03  -5.274087691238E+00   2.202172637816E+02      9.243E-13
 12 18       2.00       3.00       4.00 **VQfit parameters
  -1.579386393629E-03   1.255737729951E-01   1.262568529235E+02      2.145E-13
 12 18       1.00       2.00       3.00 **PmatFit parameters
   8.038504441378E-04  -4.460815316657E+00   1.901072493265E+02      1.047E-12
 12 19       2.00       3.00       4.00 **VQfit parameters
  -1.561381600398E-03   5.884239225979E-02   1.152804539083E+02      2.185E-13
 12 19       1.00       2.00       3.00 **PmatFit parameters
   5.761663358826E-04  -3.859225236614E+00   1.668062572828E+02      2.604E-12
 12 20       2.00       3.00       4.00 **VQfit parameters
   1.119698294763E-03   2.669905539694E-01  -1.145525219565E+02      2.101E-13
 12 20       1.00       2.00       3.00 **PmatFit parameters
  -3.830565798912E-04   3.391252211824E+00  -1.477767946068E+02      3.833E-12
 13 13       0.00       2.00       3.00 **VQfit parameters
  -5.401130509200E-05   4.133362402598E+03   1.275271686078E+04      4.676E-10
 13 14       2.00       3.00       4.00 **VQfit parameters
   9.045559004404E-03  -4.374312554002E+00  -2.195065136240E+02      5.493E-13
 13 14       1.00       2.00       3.00 **PmatFit parameters
  -6.488040796563E-03   2.569055674847E+01  -1.024266771275E+03      2.678E-11
 13 15       2.00       3.00       4.00 **VQfit parameters
  -3.208206821448E-03   1.115882324953E+00   1.635394144351E+02      2.826E-13
 13 15       1.00       2.00       3.00 **PmatFit parameters
   3.301203818306E-03  -1.333653653476E+01   5.545963281730E+02      1.098E-11
 13 16       2.00       3.00       4.00 **VQfit parameters
   2.275812552673E-03  -5.491589555405E-01  -1.456092875987E+02      2.453E-13
 13 16       1.00       2.00       3.00 **PmatFit parameters
  -2.167876800039E-03   9.164383829735E+00  -3.946578450341E+02      4.935E-12
 13 17       2.00       3.00       4.00 **VQfit parameters
  -2.068148594626E-03   3.809050789330E-01   1.315686933196E+02      2.406E-13
 13 17       1.00       2.00       3.00 **PmatFit parameters
   1.545042307147E-03  -7.037228132809E+00   3.117387019546E+02      1.379E-12
 13 18       2.00       3.00       4.00 **VQfit parameters
  -2.012247315141E-03   2.943810971196E-01   1.191128985444E+02      2.422E-13
 13 18       1.00       2.00       3.00 **PmatFit parameters
   1.126130840271E-03  -5.728435284867E+00   2.594004753849E+02      1.117E-12
 13 19       2.00       3.00       4.00 **VQfit parameters
  -1.878534819364E-03   1.574221010935E-01   1.102885368286E+02      2.416E-13
 13 19       1.00       2.00       3.00 **PmatFit parameters
   8.106366875277E-04  -4.829783741893E+00   2.222551533977E+02      2.994E-12
 13 20       2.00       3.00       4.00 **VQfit parameters
   1.255955972263E-03   2.804598809055E-01  -1.147331267423E+02      2.275E-13
 13 20       1.00       2.00       3.00 **PmatFit parameters
  -5.568520757547E-04   4.166881589893E+00  -1.937863929649E+02      4.437E-12
 14 14       0.00       2.00       3.00 **VQfit parameters
  -7.430288050400E-05   4.885605411468E+03   1.462315279137E+04      6.309E-10
 14 15       2.00       3.00       4.00 **VQfit parameters
   1.176873777585E-02  -5.834475373647E+00  -1.215040826237E+02      6.594E-13
 14 15       1.00       2.00       3.00 **PmatFit parameters
  -7.080935596610E-03   2.807021288611E+01  -1.227275602070E+03      2.035E-11
 14 16       2.00       3.00       4.00 **VQfit parameters
  -4.318177661411E-03   1.632515817392E+00   1.219539656864E+02      3.382E-13
 14 16       1.00       2.00       3.00 **PmatFit parameters
   3.529626329023E-03  -1.450537351243E+01   6.572555608246E+02      6.717E-12
 14 17       2.00       3.00       4.00 **VQfit parameters
   3.029789179395E-03  -8.552026478980E-01  -1.150944885817E+02      2.875E-13
 14 17       1.00       2.00       3.00 **PmatFit parameters
  -2.267309537777E-03   9.926372107394E+00  -4.631820488300E+02      1.410E-12
 14 18       2.00       3.00       4.00 **VQfit parameters
   2.599932259810E-03  -5.538966409725E-01  -1.069804111804E+02      2.736E-13
 14 18       1.00       2.00       3.00 **PmatFit parameters
  -1.576082086011E-03   7.593884869292E+00  -3.627531946044E+02      1.751E-12
 14 19       2.00       3.00       4.00 **VQfit parameters
   2.248107401534E-03  -2.876464257362E-01  -1.024211023723E+02      2.647E-13
 14 19       1.00       2.00       3.00 **PmatFit parameters
  -1.114482288880E-03   6.160879533287E+00  -2.996223192152E+02      3.944E-12
 14 20       2.00       3.00       4.00 **VQfit parameters
  -1.365119168735E-03  -3.099195951619E-01   1.144800736320E+02      2.426E-13
 14 20       1.00       2.00       3.00 **PmatFit parameters
   7.703790772199E-04  -5.179042589061E+00   2.551031919766E+02      5.566E-12
 15 15       0.00       2.00       3.00 **VQfit parameters
  -9.889745204233E-05   5.701107490152E+03   1.652423767542E+04      8.240E-10
 15 16       2.00       3.00       4.00 **VQfit parameters
   1.458591095493E-02  -7.386106397200E+00  -1.664061879431E+00      7.537E-13
 15 16       1.00       2.00       3.00 **PmatFit parameters
  -7.420998564315E-03   3.036386377341E+01  -1.437794346894E+03      9.546E-12
 15 17       2.00       3.00       4.00 **VQfit parameters
  -5.353974965020E-03   2.113938320486E+00   7.479566523808E+01      3.827E-13
 15 17       1.00       2.00       3.00 **PmatFit parameters
   3.617251473684E-03  -1.562296486719E+01   7.627349257972E+02      3.086E-13
 15 18       2.00       3.00       4.00 **VQfit parameters
  -3.596159448975E-03   1.052623247859E+00   8.500940419161E+01      3.171E-13
 15 18       1.00       2.00       3.00 **PmatFit parameters
   2.265277062467E-03  -1.064936763786E+01   5.330312556391E+02      3.627E-12
 15 19       2.00       3.00       4.00 **VQfit parameters
  -2.745257531949E-03   4.942079398425E-01   9.027135126791E+01      2.900E-13
 15 19       1.00       2.00       3.00 **PmatFit parameters
   1.526951123341E-03  -8.118297101421E+00   4.144090567164E+02      5.971E-12
 15 20       2.00       3.00       4.00 **VQfit parameters
   1.448828413824E-03   3.547388533447E-01  -1.142488444601E+02      2.556E-13
 15 20       1.00       2.00       3.00 **PmatFit parameters
  -1.036776221095E-03   6.565680950027E+00  -3.401329916170E+02      7.614E-12
 16 16       0.00       2.00       3.00 **VQfit parameters
  -1.280292581249E-04   6.579938730780E+03   1.843740832274E+04      1.047E-09
 16 17       2.00       3.00       4.00 **VQfit parameters
   1.729665498249E-02  -8.924973375025E+00   1.328551760610E+02      8.223E-13
 16 17       1.00       2.00       3.00 **PmatFit parameters
  -7.441207442692E-03   3.253653251966E+01  -1.651643106231E+03      6.054E-12
 16 18       2.00       3.00       4.00 **VQfit parameters
   6.112793933585E-03  -2.442164577804E+00  -2.969498117426E+01      4.093E-13
 16 18       1.00       2.00       3.00 **PmatFit parameters
  -3.532486627365E-03   1.667259694281E+01  -8.689728429390E+02      8.700E-12
 16 19       2.00       3.00       4.00 **VQfit parameters
   3.637365228858E-03  -9.358968794954E-01  -6.763085548743E+01      3.257E-13
 16 19       1.00       2.00       3.00 **PmatFit parameters
  -2.142215849825E-03   1.132289586945E+01  -6.028692164673E+02      1.022E-11
 16 20       2.00       3.00       4.00 **VQfit parameters
  -1.550029482419E-03  -3.900907281094E-01   1.134863666940E+02      2.680E-13
 16 20       1.00       2.00       3.00 **PmatFit parameters
   1.384168724675E-03  -8.603172506516E+00   4.657425497841E+02      1.133E-11
 17 17       0.00       2.00       3.00 **VQfit parameters
  -1.618570742475E-04   7.522157641241E+03   2.034568705548E+04      1.298E-09
 17 18       2.00       3.00       4.00 **VQfit parameters
  -1.957714813677E-02   1.026733391471E+01  -2.697525666667E+02      8.544E-13
 17 18       1.00       2.00       3.00 **PmatFit parameters
   7.081438824398E-03  -3.455546446758E+01   1.864687149513E+03      2.657E-11
 17 19       2.00       3.00       4.00 **VQfit parameters
  -6.135041024292E-03   2.335199009088E+00   3.654683166601E+00      4.075E-13
 17 19       1.00       2.00       3.00 **PmatFit parameters
   3.247605034976E-03  -1.763886904032E+01   9.739617834203E+02      2.005E-11
 17 20       2.00       3.00       4.00 **VQfit parameters
   1.881865160017E-03   2.889342939474E-01  -1.068902892016E+02      2.861E-13
 17 20       1.00       2.00       3.00 **PmatFit parameters
  -1.881291253286E-03   1.193743213792E+01  -6.714106633830E+02      1.840E-11
 18 18       0.00       2.00       3.00 **VQfit parameters
  -2.004629090643E-04   8.527810491930E+03   2.223382117176E+04      1.577E-09
 18 19       2.00       3.00       4.00 **VQfit parameters
  -2.069978177197E-02   1.097035265477E+01  -3.816749402808E+02      8.332E-13
 18 19       1.00       2.00       3.00 **PmatFit parameters
   6.290644756217E-03  -3.639126098720E+01   2.072987086287E+03      5.206E-11
 18 20       2.00       3.00       4.00 **VQfit parameters
   3.581805915649E-03  -6.385451657223E-01  -6.168164104945E+01      3.401E-13
 18 20       1.00       2.00       3.00 **PmatFit parameters
  -2.739676026043E-03   1.850819854720E+01  -1.075816111667E+03      3.380E-11
 19 19       0.00       2.00       3.00 **VQfit parameters
  -2.438493085873E-04   9.596930664198E+03   2.408828860358E+04      1.882E-09
 19 20       2.00       3.00       4.00 **VQfit parameters
   1.753256759964E-02  -9.064643995145E+00   3.558215160356E+02      6.978E-13
 19 20       1.00       2.00       3.00 **PmatFit parameters
  -5.028380181129E-03   3.801873440296E+01  -2.272920497084E+03      8.233E-11
 20 20       0.00       2.00       3.00 **VQfit parameters
  -2.918963994938E-04   1.072953386158E+04   2.589653587683E+04      2.208E-09
