    1.000000000000E-06    1.559068710917E+02   -2.874915616498E-47    1.844920607148E-46    3.117691453657E+13   -1.472639335641E-47    1.247076581453E+14
    5.076629378046E-03   -5.999904430501E+00   -3.771506389901E-39   -6.040268512155E-37    1.209706630671E+06   -1.508779399782E-38    4.838844522379E+06
    2.030351751218E-02   -5.998571930765E+00    4.638070314101E-34   -1.614875225696E-28    7.562338552642E+04    1.943502327661E-33    3.025115378202E+05
    4.568166440241E-02   -5.992779684139E+00   -3.184373004530E-32   -1.368773765171E-23    1.493396239867E+04   -9.107781514361E-32    5.975382793349E+04
    8.121107004874E-02   -5.977240083912E+00   -1.552297317275E-29   -4.252841039838E-20    4.721208498537E+03   -4.933623178717E-29    1.890276571432E+04
    1.268917344512E-01   -5.944736718282E+00   -1.146423690061E-25   -2.136847620967E-17    1.930327708360E+03   -5.108182985325E-25    7.739145043565E+03
    1.827236576097E-01   -5.886530415428E+00   -1.596539771910E-22   -3.345698272230E-15    9.278913294459E+02   -7.110431297065E-22    3.729224909014E+03
    2.487068395243E-01   -5.793129831646E+00   -6.906711129145E-20   -2.304295382191E-13    4.982383656390E+02   -3.075233649403E-19    2.010332852043E+03
    3.248412801949E-01   -5.655517428021E+00   -1.246138673809E-17   -8.535369454727E-12    2.897990483710E+02   -5.546641654492E-17    1.176162745764E+03
    4.111269796217E-01   -5.466782797279E+00   -1.125018784494E-15   -1.927969912936E-10    1.789842864413E+02   -5.005308628483E-15    7.323374941611E+02
    5.075639378046E-01   -5.223897385370E+00   -5.732587886655E-14   -2.885153698803E-09    1.157945609847E+02   -2.549056468897E-13    4.788499361482E+02
    6.141521547436E-01   -4.929140244138E+00   -1.792412552895E-12   -3.030141707044E-08    7.772815163732E+01   -7.964905958578E-12    3.257000275346E+02
    7.308916304386E-01   -4.590601794198E+00   -3.655747500640E-11   -2.330766392241E-07    5.377099345037E+01   -1.623306985994E-10    2.288557794291E+02
    8.577823648898E-01   -4.221387953387E+00   -5.100910053065E-10   -1.358319430247E-06    3.815060783050E+01   -2.263273071815E-09    1.652665891742E+02
    9.948243580970E-01   -3.837606826912E+00   -5.066367416286E-09   -6.174125881740E-06    2.766456572763E+01   -2.246207464819E-08    1.221710282352E+02
    1.142017610060E+00   -3.455722282689E+00   -3.710223703407E-08   -2.247255408445E-05    2.044928792420E+01   -1.643729826382E-07    9.216402579541E+01
    1.299362120780E+00   -3.090103726595E+00   -2.069466295793E-07   -6.713540712574E-05    1.537620122802E+01   -9.161981435895E-07    7.077397006650E+01
    1.466857890255E+00   -2.751446468230E+00   -9.064039912502E-07   -1.685030060127E-04    1.173916436491E+01   -4.010342291223E-06    5.520740274906E+01
    1.644504918487E+00   -2.446304148685E+00   -3.207992166424E-06   -3.631732828061E-04    9.084573812100E+00   -1.418547101939E-05    4.366775929769E+01
    1.832303205475E+00   -2.177534578292E+00   -9.421790954547E-06   -6.857815645064E-04    7.114773254240E+00   -4.163835015605E-05    3.497022114020E+01
    2.030252751218E+00   -1.945226657493E+00   -2.352520943366E-05   -1.155099416585E-03    5.630880917145E+00   -1.038935188113E-04    2.831599051827E+01
    2.238353555718E+00   -1.747690574563E+00   -5.102923512394E-05   -1.762753941732E-03    4.497791661383E+00   -2.251217174966E-04    2.315578393714E+01
    2.456605618974E+00   -1.582256670292E+00   -9.799753560129E-05   -2.469613988795E-03    3.622199040722E+00   -4.315742558649E-04    1.910502439773E+01
    2.685008940986E+00   -1.445807026788E+00   -1.693627888033E-04   -3.211070998920E-03    2.938547734090E+00   -7.436977428591E-04    1.588992260759E+01
    2.923563521755E+00   -1.335077805587E+00   -2.671067916808E-04   -3.909093758030E-03    2.399952347185E+00   -1.167496872882E-03    1.331250507120E+01
    3.172269361279E+00   -1.246810219371E+00   -3.890142488929E-04   -4.487401957029E-03    1.972283483021E+00   -1.688608143210E-03    1.122752544843E+01
    3.431126459559E+00   -1.177822692586E+00   -5.285100583795E-04   -4.885914275169E-03    1.630291548109E+00   -2.271846268789E-03    9.526971723028E+00
    3.700134816596E+00   -1.125055897622E+00   -6.756744617440E-04   -5.071080218989E-03    1.355040769368E+00   -2.866973662939E-03    8.129509940107E+00
    3.979294432388E+00   -1.085620154656E+00   -8.191009464467E-04   -5.039751840822E-03    1.132178924537E+00   -3.418967330975E-03    6.973185059682E+00
    4.268605306937E+00   -1.056854182230E+00   -9.479955250793E-04   -4.816060214625E-03    9.507367926295E-01   -3.879270174956E-03    6.010301688888E+00
    4.568067440241E+00   -1.036387380901E+00   -1.053905720556E-03   -4.442928044482E-03    8.022678571030E-01   -4.214346553246E-03    5.203784074839E+00
    4.877680832302E+00   -1.022189200145E+00   -1.131686449695E-03   -3.971373839148E-03    6.802169387025E-01   -4.409354797793E-03    4.524553715564E+00
    5.197445483119E+00   -1.012591303982E+00   -1.179628141947E-03   -3.450866542394E-03    5.794530296190E-01   -4.466938136012E-03    3.949616508679E+00
    5.527361392692E+00   -1.006277923176E+00   -1.198936003274E-03   -2.922809368916E-03    4.959249814116E-01   -4.402783182073E-03    3.460651191966E+00
    5.867428561021E+00   -1.002249983635E+00   -1.192868720816E-03   -2.417629151101E-03    4.264091989418E-01   -4.240077038642E-03    3.042956475071E+00
    6.217646988106E+00   -9.997741050930E-01   -1.165824559377E-03   -1.954759471884E-03    3.683244598081E-01   -4.004517752639E-03    2.684657935986E+00
    6.578016673948E+00   -9.983276088325E-01   -1.122565375702E-03   -1.544345153709E-03    3.195943379548E-01   -3.720699847735E-03    2.376105159263E+00
    6.948537618545E+00   -9.975474651661E-01   -1.067660902950E-03   -1.189602473019E-03    2.785429826426E-01   -3.409993532850E-03    2.109409649162E+00
    7.329209821898E+00   -9.971872635630E-01   -1.005155391056E-03   -8.891242262953E-04    2.438145214367E-01   -3.089644901676E-03    1.878087901434E+00
    7.720033284008E+00   -9.970832908329E-01   -9.384156459196E-04   -6.387773247222E-04    2.143096815286E-01   -2.772704799254E-03    1.676783712318E+00
    8.121008004874E+00   -9.971290509227E-01   -8.701061134999E-04   -4.330951810979E-04    1.891354001493E-01   -2.468430720352E-03    1.501050667790E+00
    8.532133984495E+00   -9.972567967290E-01   -8.022407673464E-04   -2.662071388788E-04    1.675645265294E-01   -2.182900479717E-03    1.347180679896E+00
    8.953411222873E+00   -9.974245119656E-01   -7.362730146460E-04   -1.324027956573E-04    1.490035173052E-01   -1.919671826246E-03    1.212067998435E+00
    9.384839720007E+00   -9.976069396851E-01   -6.731973772659E-04   -2.643584984717E-05    1.329665280846E-01   -1.680396496943E-03    1.093100732940E+00
    9.826419475897E+00   -9.977895199267E-01   -6.136473092598E-04    5.634342419611E-05    1.190546416360E-01   -1.465347147663E-03    9.880738405367E-01
    1.027815049054E+01   -9.979643685213E-01   -5.579812685271E-04    1.199599478642E-04    1.069392211489E-01   -1.273845614740E-03    8.951189621370E-01
    1.074003276395E+01   -9.981276588771E-01   -5.063542276229E-04    1.678434030570E-04    9.634857091216E-02   -1.104597079152E-03    8.126475575352E-01
    1.121206629610E+01   -9.982779499396E-01   -4.587747588455E-04    2.028856172769E-04    8.705724347113E-02   -9.559420655546E-04    7.393045946125E-01
    1.169425108702E+01   -9.984151411240E-01   -4.151492980866E-04    2.275077054407E-04    7.887746058404E-02   -8.260405075150E-04    6.739306577636E-01
    1.218658713669E+01   -9.985398353198E-01   -3.753157277881E-04    2.437269108930E-04    7.165222040702E-02   -7.130017496328E-04    6.155308060763E-01
    1.268907444512E+01   -9.986529622377E-01   -3.390684282108E-04    2.532181471803E-04    6.524974904695E-02   -6.149727780068E-04    5.632488690470E-01
    1.320171301230E+01   -9.987555632251E-01   -3.061767014122E-04    2.573682473559E-04    5.955902404704E-02   -5.301949817728E-04    5.163461433985E-01
    1.372450283824E+01   -9.988486756503E-01   -2.763981374930E-04    2.573225873684E-04    5.448615314860E-02   -4.570377641744E-04    4.741836680925E-01
    1.425744392293E+01   -9.989332755739E-01   -2.494881644113E-04    2.540245772504E-04    4.995143639666E-02   -3.940155464475E-04    4.362074216764E-01
    1.480053626638E+01   -9.990102531155E-01   -2.252067356026E-04    2.482488556459E-04    4.588697518400E-02   -3.397931970005E-04    4.019359165536E-01
    1.535377986859E+01   -9.990804065441E-01   -2.033228778567E-04    2.406290999123E-04    4.223471999356E-02   -2.931836818312E-04    3.709497672820E-01
    1.591717472955E+01   -9.991444458118E-01   -1.836176449130E-04    2.316813113932E-04    3.894487093629E-02   -2.531407484663E-04    3.428828912757E-01
    1.649072084927E+01   -9.992029989989E-01   -1.658858885811E-04    2.218233299255E-04    3.597456280049E-02   -2.187486850255E-04    3.174150646223E-01
    1.707441822775E+01   -9.992566212288E-01   -1.499371578674E-04    2.113912125526E-04    3.328678019843E-02   -1.892106008658E-04    2.942656066925E-01
    1.766826686498E+01   -9.993058038208E-01   -1.355959637928E-04    2.006530016425E-04    3.084945942026E-02   -1.638362287665E-04    2.731880084379E-01
    1.827226676097E+01   -9.993509819809E-01   -1.227015914731E-04    1.898203125378E-04    2.863474227717E-02   -1.420299137207E-04    2.539653521621E-01
    1.888641791571E+01   -9.993925412019E-01   -1.111075978357E-04    1.790580919121E-04    2.661835407106E-02   -1.232792077311E-04    2.364063970192E-01
    1.951072032921E+01   -9.994308251029E-01   -1.006811000456E-04    1.684928342657E-04    2.477908326562E-02   -1.071443137697E-04    2.203422259758E-01
    2.014517400146E+01   -9.994661387323E-01   -9.130193631085E-05    1.582194962742E-04    2.309834481027E-02   -9.324850109965E-05    2.056233678691E-01
    2.078977893248E+01   -9.994987550566E-01   -8.286175704187E-05    1.483073050679E-04    2.155981243425E-02   -8.126952591308E-05    1.921173219773E-01
    2.144453512224E+01   -9.995289181736E-01   -7.526309212474E-05    1.388046286569E-04    2.014910806017E-02   -7.093203999289E-05    1.797064248773E-01
    2.210944257077E+01   -9.995568466472E-01   -6.841842516763E-05    1.297430483123E-04    1.885353863325E-02   -6.200093298521E-05    1.682860086828E-01
    2.278450127805E+01   -9.995827372677E-01   -6.224929685728E-05    1.211407526759E-04    1.766187245312E-02   -5.427553547162E-05    1.577628079468E-01
    2.346971124408E+01   -9.996067659351E-01   -5.668545261113E-05    1.130053567588E-04    1.656414852884E-02   -4.758460124438E-05    1.480535792644E-01
    2.416507246888E+01   -9.996290920505E-01   -5.166404259250E-05    1.053362321652E-04    1.555151359895E-02   -4.178198361020E-05    1.390839029426E-01
    2.487058495243E+01   -9.996498593921E-01   -4.712888001996E-05    9.812642551476E-05    1.461608243433E-02   -3.674292464173E-05    1.307871410831E-01
    2.558624869473E+01   -9.996691976201E-01   -4.302975887932E-05    9.136422878749E-05    1.375081776404E-02   -3.236087964239E-05    1.231035300420E-01
    2.631206369579E+01   -9.996872242893E-01   -3.932183071577E-05    8.503445715955E-05    1.294942679893E-02   -2.854480621788E-05    1.159793886257E-01
    2.704802995561E+01   -9.997040459429E-01   -3.596503876355E-05    7.911948211617E-05    1.220627183577E-02   -2.521685443549E-05    1.093664261488E-01
    2.779414747418E+01   -9.997197588906E-01   -3.292360643025E-05    7.360006025675E-05    1.151629283456E-02   -2.231040148586E-05    1.032211367684E-01
    2.855041625151E+01   -9.997344511873E-01   -3.016557654562E-05    6.845599212238E-05    1.087494020351E-02   -1.976838114260E-05    9.750426846749E-02
    2.931683628759E+01   -9.997482033269E-01   -2.766239780392E-05    6.366664076184E-05    1.027811631492E-02   -1.754186496181E-05    9.218035678179E-02
    3.009340758243E+01   -9.997610880286E-01   -2.538855443800E-05    5.921133472346E-05    9.722124502842E-03   -1.558885777350E-05    8.721731472781E-02
    3.088013013603E+01   -9.997731720302E-01   -2.332123508885E-05    5.506967598000E-05    9.203624485298E-03   -1.387327518548E-05    8.258607157113E-02
    3.167700394839E+01   -9.997845158108E-01   -2.144003745035E-05    5.122177090291E-05    8.719593324498E-03   -1.236407574448E-05    7.826025417420E-02
    3.248402901949E+01   -9.997951749012E-01   -1.972670494327E-05    4.764839847607E-05    8.267291163091E-03   -1.103452408673E-05    7.421590544619E-02
    3.330120534936E+01   -9.998052001771E-01   -1.816489231668E-05    4.433112831550E-05    7.844231095332E-03   -9.861565172424E-06    7.043123522943E-02
    3.412853293798E+01   -9.998146386350E-01   -1.673995707500E-05    4.125239845913E-05    7.448152621503E-03   -8.825292552735E-06    6.688639954964E-02
    3.496601178536E+01   -9.998235324474E-01   -1.543877407197E-05    3.839556152095E-05    7.076998217669E-03   -7.908496315351E-06    6.356330473346E-02
    3.581364189149E+01   -9.998319211882E-01   -1.424957056991E-05    3.574490566341E-05    6.728892613677E-03   -7.096278393696E-06    6.044543331261E-02
    3.667142325638E+01   -9.998398409051E-01   -1.316177977111E-05    3.328565662389E-05    6.402124438864E-03   -6.375725070053E-06    5.751768911486E-02
    3.753935588003E+01   -9.998473239902E-01   -1.216591061682E-05    3.100396501842E-05    6.095129934103E-03   -5.735627845828E-06    5.476625921241E-02
    3.841743976243E+01   -9.998544011444E-01   -1.125343201801E-05    2.888688260408E-05    5.806478472846E-03   -5.166245301643E-06    5.217849072069E-02
    3.930567490359E+01   -9.998611000590E-01   -1.041667006070E-05    2.692233089904E-05    5.534859672587E-03   -4.659099803466E-06    4.974278073066E-02
    4.020406130350E+01   -9.998674465933E-01   -9.648716555728E-06    2.509906414433E-05    5.279071900648E-03   -4.206803695734E-06    4.744847781700E-02
    4.111259896217E+01   -9.998734641365E-01   -8.943347773042E-06    2.340662882028E-05    5.038012010077E-03   -3.802910598964E-06    4.528579381086E-02
    4.203128787960E+01   -9.998791750878E-01   -8.294952114754E-06    2.183532098036E-05    4.810666158340E-03   -3.441788001246E-06    4.324572465083E-02
    4.296012805578E+01   -9.998845985914E-01   -7.698465844583E-06    2.037614289908E-05    4.596101585361E-03   -3.118508026309E-06    4.131997931176E-02
    4.389911949072E+01   -9.998897529648E-01   -7.149315788117E-06    1.902075948164E-05    4.393459236600E-03   -2.828753600347E-06    3.950091587849E-02
    4.484826218441E+01   -9.998946556590E-01   -6.643368367169E-06    1.776145551003E-05    4.201947138216E-03   -2.568737814585E-06    3.778148400256E-02
    4.580755613687E+01   -9.998993225121E-01   -6.176884209048E-06    1.659109410346E-05    4.020834438847E-03   -2.335134526961E-06    3.615517303629E-02
    4.677700134807E+01   -9.999037671985E-01   -5.746477688112E-06    1.550307671291E-05    3.849446043538E-03   -2.125018557728E-06    3.461596522757E-02
    4.775659781803E+01   -9.999080033749E-01   -5.349080812793E-06    1.449130481118E-05    3.687157774141E-03   -1.935814076969E-06    3.315829342681E-02
    4.874634554675E+01   -9.999120440284E-01   -4.981911052540E-06    1.355014365394E-05    3.533392000775E-03   -1.765250039057E-06    3.177700284346E-02
    4.974624453423E+01   -9.999158996001E-01   -4.642442631358E-06    1.267438810336E-05    3.387613693091E-03   -1.611321642636E-06    3.046731642100E-02
    5.075629478046E+01   -9.999195812099E-01   -4.328380829447E-06    1.185923035496E-05    3.249326845191E-03   -1.472256932912E-06    2.922480344079E-02
    5.177649628545E+01   -9.999230981280E-01   -4.037639086879E-06    1.110022990942E-05    3.118071237870E-03   -1.346487872272E-06    2.804535104737E-02
    5.280684904919E+01   -9.999264599078E-01   -3.768318479209E-06    1.039328541730E-05    2.993419500492E-03   -1.232625207246E-06    2.692513837469E-02
    5.384735307169E+01   -9.999296743300E-01   -3.518689396019E-06    9.734608592607E-06    2.874974443804E-03   -1.129436640374E-06    2.586061302909E-02
    5.489800835295E+01   -9.999327497117E-01   -3.287175096854E-06    9.120699885092E-06    2.762366634372E-03   -1.035827819828E-06    2.484846967780E-02
    5.595881489296E+01   -9.999356929474E-01   -3.072337016450E-06    8.548326039977E-06    2.655252188046E-03   -9.508257902834E-07    2.388563054980E-02
    5.702977269172E+01   -9.999385105193E-01   -2.872861564453E-06    8.014499269000E-06    2.553310759318E-03   -8.735645472490E-07    2.296922764950E-02
    5.811088174925E+01   -9.999412089355E-01   -2.687548288178E-06    7.516458024508E-06    2.456243707935E-03   -8.032724228586E-07    2.209658652333E-02
    5.920214206553E+01   -9.999437939431E-01   -2.515299252514E-06    7.051649280241E-06    2.363772425621E-03   -7.392610586537E-07    2.126521143034E-02
    6.030355364056E+01   -9.999462702324E-01   -2.355109493043E-06    6.617712184331E-06    2.275636807130E-03   -6.809157501917E-07    2.047277178109E-02
    6.141511647436E+01   -9.999486450133E-01   -2.206058408677E-06    6.212462939008E-06    2.191593851486E-03   -6.276869769517E-07    1.971708972104E-02
    6.253683056690E+01   -9.999509204875E-01   -2.067302078734E-06    5.833881054509E-06    2.111416383079E-03   -5.790829908580E-07    1.899612876977E-02
    6.366869591821E+01   -9.999531029538E-01   -1.938066249957E-06    5.480096443028E-06    2.034891877724E-03   -5.346632746387E-07    1.830798338548E-02
    6.481071252827E+01   -9.999551958058E-01   -1.817640101485E-06    5.149377786604E-06    1.961821388227E-03   -4.940328168171E-07    1.765086940765E-02
    6.596288039709E+01   -9.999572035367E-01   -1.705370562356E-06    4.840121680376E-06    1.892018556900E-03   -4.568370523445E-07    1.702311526789E-02
    6.712519952466E+01   -9.999591282225E-01   -1.600657215781E-06    4.550842747753E-06    1.825308709329E-03   -4.227574141982E-07    1.642315391924E-02
    6.829766991099E+01   -9.999609751963E-01   -1.502947654573E-06    4.280164441726E-06    1.761528020262E-03   -3.915073956822E-07    1.584951540407E-02
    6.948029155607E+01   -9.999627467595E-01   -1.411733328712E-06    4.026810722752E-06    1.700522747376E-03   -3.628290869825E-07    1.530082002282E-02
    7.067306445991E+01   -9.999644466797E-01   -1.326545743121E-06    3.789598285659E-06    1.642148524627E-03   -3.364900991039E-07    1.477577203141E-02
    7.187598862251E+01   -9.999660769698E-01   -1.246953041011E-06    3.567429490944E-06    1.586269711744E-03   -3.122808494326E-07    1.427315383656E-02
    7.308906404386E+01   -9.999676409548E-01   -1.172556883708E-06    3.359285801821E-06    1.532758793786E-03   -2.900121497240E-07    1.379182063555E-02
    7.431229072397E+01   -9.999691410665E-01   -1.102989635495E-06    3.164221793726E-06    1.481495827351E-03   -2.695130714924E-07    1.333069547056E-02
    7.554566866284E+01   -9.999705798337E-01   -1.037911796017E-06    2.981359612864E-06    1.432367928853E-03   -2.506290474693E-07    1.288876465695E-02
    7.678919786046E+01   -9.999719597192E-01   -9.770096691468E-07    2.809883884812E-06    1.385268801606E-03   -2.332201850506E-07    1.246507355670E-02
    7.804287831684E+01   -9.999732838179E-01   -9.199932393445E-07    2.649037019822E-06    1.340098298342E-03   -2.171597650356E-07    1.205872266728E-02
    7.930671003197E+01   -9.999745529748E-01   -8.665942458951E-07    2.498114912400E-06    1.296762016492E-03   -2.023329069247E-07    1.166886400220E-02
    8.058069300586E+01   -9.999757702355E-01   -8.165644103026E-07    2.356462929844E-06    1.255170922872E-03   -1.886353742745E-07    1.129469773356E-02
    8.186482723850E+01   -9.999769370653E-01   -7.696738381155E-07    2.223472268653E-06    1.215241006304E-03   -1.759725139580E-07    1.093546908376E-02
    8.315911272991E+01   -9.999780555060E-01   -7.257095465134E-07    2.098576557001E-06    1.176892955093E-03   -1.642583051216E-07    1.059046543848E-02
    8.446354948006E+01   -9.999791280175E-01   -6.844741242496E-07    1.981248736060E-06    1.140051857828E-03   -1.534145104503E-07    1.025901366817E-02
    8.577813748898E+01   -9.999801548914E-01   -6.457845102861E-07    1.870998193731E-06    1.104646925632E-03   -1.433699178087E-07    9.940477640700E-03
    8.710287675665E+01   -9.999811386692E-01   -6.094708638849E-07    1.767368083840E-06    1.070611233729E-03   -1.340596578373E-07    9.634255906586E-03
    8.843776728307E+01   -9.999820809399E-01   -5.753755432743E-07    1.669932889086E-06    1.037881481511E-03   -1.254245958319E-07    9.339779549404E-03
    8.978280906826E+01   -9.999829842674E-01   -5.433521611207E-07    1.578296145269E-06    1.006397769068E-03   -1.174107839352E-07    9.056510183285E-03
    9.113800211219E+01   -9.999838486615E-01   -5.132647266018E-07    1.492088362059E-06    9.761033893710E-04   -1.099689713979E-07    8.783938090418E-03
    9.250334641489E+01   -9.999846769569E-01   -4.849868454415E-07    1.410965064483E-06    9.469446343452E-04   -1.030541612356E-07    8.521580482559E-03
    9.387884197634E+01   -9.999854679141E-01   -4.584010022596E-07    1.334605030634E-06    9.188706145946E-04   -9.662521579935E-08    8.268979884762E-03
    9.526448879655E+01   -9.999862264317E-01   -4.333978792095E-07    1.262708598196E-06    8.918330906526E-04   -9.064449620783E-08    8.025702622156E-03
    9.666028687551E+01   -9.999869514968E-01   -4.098757571217E-07    1.194996177068E-06    8.657863163299E-04   -8.507754444578E-08    7.791337414954E-03
    9.806623621323E+01   -9.999876446146E-01   -3.877399399571E-07    1.131206801424E-06    8.406868917385E-04   -7.989279061383E-08    7.565494060105E-03
    9.948233680970E+01   -9.999883073127E-01   -3.669022381378E-07    1.071096826936E-06    8.164936263870E-04   -7.506129205326E-08    7.347802203075E-03
    1.009085886649E+02   -9.999889417778E-01   -3.472804892434E-07    1.014438714119E-06    7.931674111324E-04   -7.055649693028E-08    7.137910188919E-03
    1.023449917789E+02   -9.999895477770E-01   -3.287981198036E-07    9.610199111228E-07    7.706710985426E-04   -6.635403144293E-08    6.935483988696E-03
    1.037915461517E+02   -9.999901264245E-01   -3.113837349569E-07    9.106417999841E-07    7.489693907782E-04   -6.243150585641E-08    6.740206193242E-03
    1.052482517832E+02   -9.999906789586E-01   -2.949707447916E-07    8.631187338239E-07    7.280287347847E-04   -5.876834014183E-08    6.551775072496E-03
    1.067151086734E+02   -9.999912062574E-01   -2.794970187515E-07    8.182771418611E-07    7.078172241440E-04   -5.534560588495E-08    6.369903694285E-03
    1.081921168224E+02   -9.999917093799E-01   -2.649045657216E-07    7.759546968470E-07    6.883045070463E-04   -5.214588281585E-08    6.194319098272E-03
    1.096792762302E+02   -9.999921900214E-01   -2.511392387740E-07    7.359995433666E-07    6.694617000544E-04   -4.915312875421E-08    6.024761521670E-03
    1.111765868967E+02   -9.999926489943E-01   -2.381504636815E-07    6.982695856492E-07    6.512613072786E-04   -4.635256189956E-08    5.860983673358E-03
    1.126840488220E+02   -9.999930873706E-01   -2.258909860394E-07    6.626318209635E-07    6.336771444540E-04   -4.373055349143E-08    5.702750052167E-03
    1.142016620060E+02   -9.999935040576E-01   -2.143166397342E-07    6.289617275373E-07    6.166842677657E-04   -4.127453080810E-08    5.549836307625E-03
    1.157294264488E+02   -9.999939015004E-01   -2.033861277798E-07    5.971426817030E-07    6.002589068288E-04   -3.897288781964E-08    5.402028638030E-03
    1.172673421504E+02   -9.999942805838E-01   -1.930608260181E-07    5.670654356070E-07    5.843784019520E-04   -3.681490539633E-08    5.259123226843E-03
    1.188154091107E+02   -9.999946406121E-01   -1.833045980870E-07    5.386276223778E-07    5.690211450405E-04   -3.479067790386E-08    5.120925711877E-03
    1.203736273297E+02   -9.999949842353E-01   -1.740836216725E-07    5.117332893776E-07    5.541665239536E-04   -3.289104579186E-08    4.987250685395E-03
    1.219419968076E+02   -9.999953124899E-01   -1.653662325642E-07    4.862924790846E-07    5.397948703313E-04   -3.110753528349E-08    4.857921225300E-03
    1.235205175441E+02   -9.999956236397E-01   -1.571227778953E-07    4.622208329573E-07    5.258874103981E-04   -2.943230285735E-08    4.732768453213E-03
    1.251091895395E+02   -9.999959195978E-01   -1.493254767784E-07    4.394392134321E-07    5.124262185477E-04   -2.785808383769E-08    4.611631117331E-03
    1.267080127935E+02   -9.999962017834E-01   -1.419482958119E-07    4.178733662879E-07    4.993941737812E-04   -2.637814651267E-08    4.494355200939E-03
    1.283169873064E+02   -9.999964694593E-01   -1.349668322071E-07    3.974536025319E-07    4.867749186007E-04   -2.498624990016E-08    4.380793553105E-03
    1.299361130780E+02   -9.999967233211E-01   -1.283582032593E-07    3.781144963536E-07    4.745528202011E-04   -2.367660467555E-08    4.270805539812E-03
    1.315653901083E+02   -9.999969660624E-01   -1.221009450227E-07    3.597946077761E-07    4.627129339070E-04   -2.244383771404E-08    4.164256715376E-03
    1.332048183974E+02   -9.999971961147E-01   -1.161749204230E-07    3.424362309557E-07    4.512409687600E-04   -2.128296012073E-08    4.061018513154E-03
    1.348543979453E+02   -9.999974139620E-01   -1.105612295074E-07    3.259851469311E-07    4.401232548900E-04   -2.018933698642E-08    3.960967952198E-03
    1.365141287519E+02   -9.999976211628E-01   -1.052421285831E-07    3.103904008000E-07    4.293467127786E-04   -1.915866023038E-08    3.863987361098E-03
    1.381840108173E+02   -9.999978162273E-01   -1.002009558464E-07    2.956040964799E-07    4.188988242961E-04   -1.818692387459E-08    3.769964117439E-03
    1.398640441414E+02   -9.999980039064E-01   -9.542205830094E-08    2.815811939263E-07    4.087676051467E-04   -1.727040050585E-08    3.678790400249E-03
    1.415542287243E+02   -9.999981806322E-01   -9.089073044250E-08    2.682793397104E-07    3.989415791105E-04   -1.640562111915E-08    3.590362958356E-03
    1.432545645660E+02   -9.999983471138E-01   -8.659314966797E-08    2.556586869130E-07    3.894097533826E-04   -1.558935497266E-08    3.504582888696E-03
    1.449650516664E+02   -9.999985054064E-01   -8.251632045059E-08    2.436817397915E-07    3.801615954206E-04   -1.481859200663E-08    3.421355428127E-03
    1.466856900255E+02   -9.999986550707E-01   -7.864802237704E-08    2.323132089405E-07    3.711870110320E-04   -1.409052668360E-08    3.340589756465E-03
    1.484164796434E+02   -9.999987963981E-01   -7.497676002452E-08    2.215198710705E-07    3.624763235756E-04   -1.340254275296E-08    3.262198809411E-03
    1.501574205201E+02   -9.999989316148E-01   -7.149171679917E-08    2.112704397294E-07    3.540202542816E-04   -1.275219934572E-08    3.186099101637E-03
    1.519085126555E+02   -9.999990589603E-01   -6.818271332487E-08    2.015354487699E-07    3.458099036691E-04   -1.213721847257E-08    3.112210559708E-03
    1.536697560497E+02   -9.999991781154E-01   -6.504016627043E-08    1.922871365269E-07    3.378367338524E-04   -1.155547299850E-08    3.040456362916E-03
    1.554411507027E+02   -9.999992916500E-01   -6.205505085933E-08    1.834993403111E-07    3.300925517958E-04   -1.100497575265E-08    2.970762792747E-03
    1.572226966144E+02   -9.999993977174E-01   -5.921886741263E-08    1.751474023062E-07    3.225694935104E-04   -1.048386980875E-08    2.903059090747E-03
    1.590143937848E+02   -9.999994970147E-01   -5.652360751924E-08    1.672080739394E-07    3.152600089507E-04   -9.990418962349E-09    2.837277322696E-03
    1.608162422140E+02   -9.999995930265E-01   -5.396172374510E-08    1.596594302863E-07    3.081568477410E-04   -9.522999215758E-09    2.773352250281E-03
    1.626282419020E+02   -9.999996808414E-01   -5.152610301076E-08    1.524807949425E-07    3.012530457132E-04   -9.080091264835E-09    2.711221209937E-03
    1.644503928487E+02   -9.999997660672E-01   -4.921003710211E-08    1.456526561170E-07    2.945419119047E-04   -8.660272579291E-09    2.650823996005E-03
    1.662826950542E+02   -9.999998450126E-01   -4.700720093369E-08    1.391566053015E-07    2.880170164895E-04   -8.262211312025E-09    2.592102752127E-03
    1.681251485184E+02   -9.999999173268E-01   -4.491162742201E-08    1.329752656761E-07    2.816721790853E-04   -7.884659648891E-09    2.535001866108E-03
    1.699777532414E+02   -9.999999874145E-01   -4.291768573996E-08    1.270922302495E-07    2.755014577319E-04   -7.526448024585E-09    2.479467870748E-03
    1.718405092231E+02   -1.000000052063E+00   -4.102006263700E-08    1.214920088336E-07    2.694991384813E-04   -7.186480117468E-09    2.425449350275E-03
    1.737134164636E+02   -1.000000113385E+00   -3.921374176338E-08    1.161599689274E-07    2.636597253643E-04   -6.863727539378E-09    2.372896850037E-03
    1.755964749629E+02   -1.000000168452E+00   -3.749398717300E-08    1.110822887593E-07    2.579779309796E-04   -6.557225516487E-09    2.321762791852E-03
    1.774896847209E+02   -1.000000221373E+00   -3.585632528629E-08    1.062459056171E-07    2.524486674057E-04   -6.266068338405E-09    2.272001392336E-03
    1.793930457377E+02   -1.000000267519E+00   -3.429653104439E-08    1.016384764140E-07    2.470670377232E-04   -5.989405778294E-09    2.223568586537E-03
    1.813065580132E+02   -1.000000313049E+00   -3.281061123033E-08    9.724832974498E-08    2.418283277404E-04   -5.726438991729E-09    2.176421953610E-03
    1.832302215475E+02   -1.000000354180E+00   -3.139479290709E-08    9.306443294423E-08    2.367279983365E-04   -5.476417562646E-09    2.130520647852E-03
    1.851640363405E+02   -1.000000390444E+00   -3.004550921143E-08    8.907635121412E-08    2.317616779904E-04   -5.238636054193E-09    2.085825331530E-03
    1.871080023923E+02   -1.000000425320E+00   -2.875938732834E-08    8.527421309887E-08    2.269251557255E-04   -5.012431073940E-09    2.042298111473E-03
    1.890621197028E+02   -1.000000456382E+00   -2.753323806525E-08    8.164868059416E-08    2.222143744476E-04   -4.797178725055E-09    1.999902479026E-03
    1.910263882721E+02   -1.000000482202E+00   -2.636404461594E-08    7.819091677828E-08    2.176254245039E-04   -4.592291931423E-09    1.958603252182E-03
    1.930008081002E+02   -1.000000505743E+00   -2.524895238795E-08    7.489255650756E-08    2.131545375659E-04   -4.397218026475E-09    1.918366520555E-03
    1.949853791870E+02   -1.000000525799E+00   -2.418526034203E-08    7.174568151789E-08    2.087980808488E-04   -4.211436694445E-09    1.879159593339E-03
    1.969801015326E+02   -1.000000542743E+00   -2.317041177273E-08    6.874279380642E-08    2.045525515343E-04   -4.034457826971E-09    1.840950949154E-03
    1.989849751369E+02   -1.000000556383E+00   -2.220198623734E-08    6.587679235325E-08    2.004145714816E-04   -3.865819648277E-09    1.803710188471E-03
    2.010000000000E+02   -1.000000566850E+00   -2.127769176066E-08    6.314095060492E-08    1.963808821716E-04   -3.705086924445E-09    1.767407988115E-03
