#       20      200
    1.000000000000E-06    1.559068710917E+02    3.117691453657E+13    1.247076581453E+14    2.805922308265E+14    4.988306325802E+14    7.794228634063E+14    1.122368923305E+15    1.527668812276E+15    1.995322530320E+15    2.525330077436E+15    3.117691453624E+15    3.772406658885E+15    4.489475693219E+15    5.268898556625E+15    6.110675249103E+15    7.014805770654E+15    7.981290121278E+15    9.010128300974E+15    1.010132030974E+16    1.125486614758E+16
    5.076629378046E-03   -5.999904430501E+00    1.209706630671E+06    4.838844522379E+06    1.088740767523E+07    1.935539608921E+07    3.024280976433E+07    4.354964870059E+07    5.927591289799E+07    7.742160235653E+07    9.798671707621E+07    1.209712570570E+08    1.463752222990E+08    1.741986128021E+08    2.044414285663E+08    2.371036695917E+08    2.721853358782E+08    3.096864274258E+08    3.496069442346E+08    3.919468863046E+08    4.367062536356E+08
    2.030351751218E-02   -5.998571930765E+00    7.562338552642E+04    3.025115378202E+05    6.806584583099E+05    1.210064146995E+06    1.890728603877E+06    2.722651828954E+06    3.705833822227E+06    4.840274583696E+06    6.125974113361E+06    7.562932411222E+06    9.151149477278E+06    1.089062531153E+07    1.278135991398E+07    1.482335328462E+07    1.701660542346E+07    1.936111633050E+07    2.185688600573E+07    2.450391444916E+07    2.730220166079E+07
    4.568166440241E-02   -5.992779684139E+00    1.493396239867E+04    5.975382793349E+04    1.344536038249E+05    2.390332900728E+05    3.734928866772E+05    5.378323936382E+05    7.320518109558E+05    9.561511386299E+05    1.210130376661E+06    1.493989525048E+06    1.807728583791E+06    2.151347552892E+06    2.524846432349E+06    2.928225222162E+06    3.361483922332E+06    3.824622532858E+06    4.317641053742E+06    4.840539484981E+06    5.393317826578E+06
    8.121107004874E-02   -5.977240083912E+00    4.721208498537E+03    1.890276571432E+04    4.253869440729E+04    7.562899457745E+04    1.181736662248E+05    1.701727093493E+05    2.316261239511E+05    3.025339100300E+05    3.828960675861E+05    4.727125966194E+05    5.719834971298E+05    6.807087691175E+05    7.988884125824E+05    9.265224275244E+05    1.063610813944E+06    1.210153571840E+06    1.366150701214E+06    1.531602202065E+06    1.706508074393E+06
    1.268917344512E-01   -5.944736718282E+00    1.930327708360E+03    7.739145043565E+03    1.742050726890E+04    3.097441438438E+04    4.840086638999E+04    6.969986328574E+04    9.487140507163E+04    1.239154917476E+05    1.568321233138E+05    1.936212997701E+05    2.342830211165E+05    2.788172873531E+05    3.272240984798E+05    3.795034544966E+05    4.356553554036E+05    4.956798012007E+05    5.595767918880E+05    6.273463274654E+05    6.989884079330E+05
    1.827236576097E-01   -5.886530415428E+00    9.278913294459E+02    3.729224909014E+03    8.398114208295E+03    1.493455922729E+04    2.333855996599E+04    3.361011642441E+04    4.574922860254E+04    5.975589650038E+04    7.563012011794E+04    9.337189945521E+04    1.129812345122E+05    1.344581252889E+05    1.578025717853E+05    1.830145740014E+05    2.100941319372E+05    2.390412455928E+05    2.698559149680E+05    3.025381400630E+05    3.370879208777E+05
    2.487068395243E-01   -5.793129831647E+00    4.982383656390E+02    2.010332852043E+03    4.530490329382E+03    8.058710797657E+03    1.259499425687E+04    1.813934070701E+04    2.469175014810E+04    3.225222258011E+04    4.082075800307E+04    5.039735641696E+04    6.098201782178E+04    7.257474221754E+04    8.517552960424E+04    9.878437998187E+04    1.134012933504E+05    1.290262697099E+05    1.456593090604E+05    1.633004114018E+05    1.819495767341E+05
    3.248412801949E-01   -5.655517428057E+00    2.897990483709E+02    1.176162745764E+03    2.653435574751E+03    4.721617535334E+03    7.380708627511E+03    1.063070885128E+04    1.447161820665E+04    1.890343669361E+04    2.392616431217E+04    2.953980106232E+04    3.574434694407E+04    4.253980195741E+04    4.992616610235E+04    5.790343937888E+04    6.647162178701E+04    7.563071332674E+04    8.538071399806E+04    9.572162380097E+04    1.066534427355E+05
    4.111269796217E-01   -5.466782798097E+00    1.789842864405E+02    7.323374941611E+02    1.654592840358E+03    2.945750325034E+03    4.605809948189E+03    6.634771709822E+03    9.032635609934E+03    1.179940164853E+04    1.493506982560E+04    1.843964014114E+04    2.231311259517E+04    2.655548718768E+04    3.116676391866E+04    3.614694278813E+04    4.149602379607E+04    4.721400694249E+04    5.330089222739E+04    5.975667965078E+04    6.658136921264E+04
    5.075639378046E-01   -5.223897397611E+00    1.157945609718E+02    4.788499361473E+02    1.083942228067E+03    1.931071436754E+03    3.020237562210E+03    4.351440604433E+03    5.924680563424E+03    7.739957439183E+03    9.797271231710E+03    1.209662194100E+04    1.463800956707E+04    1.742143410990E+04    2.044689556950E+04    2.371439394586E+04    2.722392923900E+04    3.097550144890E+04    3.496911057557E+04    3.920475661901E+04    4.368243957922E+04
    6.141521547436E-01   -4.929140372696E+00    7.772815150162E+01    3.257000275249E+02    7.389864872742E+02    1.317587530927E+03    2.061503158481E+03    2.970733369937E+03    4.045278165294E+03    5.285137544552E+03    6.690311507711E+03    8.260800054772E+03    9.996603185733E+03    1.189772090060E+04    1.396415319936E+04    1.619590008202E+04    1.859296154859E+04    2.115533759906E+04    2.388302823343E+04    2.677603345170E+04    2.983435325387E+04
    7.308916304386E-01   -4.590602783059E+00    5.377099240658E+01    2.288557793544E+02    5.206637560124E+02    9.291949233636E+02    1.454449281394E+03    2.096426830102E+03    2.855127569484E+03    3.730551499542E+03    4.722698620274E+03    5.831568931681E+03    7.057162433762E+03    8.399479126518E+03    9.858519009949E+03    1.143428208405E+04    1.312676834883E+04    1.493597780429E+04    1.686191045042E+04    1.890456628722E+04    2.106394531470E+04
    8.577823648898E-01   -4.221393716249E+00    3.815060174748E+01    1.652665887388E+02    3.771265603361E+02    6.737305207640E+02    1.055078469935E+03    1.521170407830E+03    2.072006334442E+03    2.707586249767E+03    3.427910153805E+03    4.232978046555E+03    5.122789928016E+03    6.097345798189E+03    7.156645657073E+03    8.300689504668E+03    9.529477340974E+03    1.084300916599E+04    1.224128497972E+04    1.372430478216E+04    1.529206857331E+04
    9.948243580970E-01   -3.837633021542E+00    2.766453807776E+01    1.221710262560E+02    2.796818176588E+02    5.001969265914E+02    7.837163526134E+02    1.130240095623E+03    1.539768155587E+03    2.012300532491E+03    2.547837226329E+03    3.146378237096E+03    3.807923564792E+03    4.532473209414E+03    5.320027170963E+03    6.170585449437E+03    7.084148044836E+03    8.060714957161E+03    9.100286186411E+03    1.020286173259E+04    1.136844159569E+04
    1.142017610060E+00   -3.455817626265E+00    2.044918728403E+01    9.216401859145E+01    2.116886798636E+02    3.790232096147E+02    5.941676060401E+02    8.571218687236E+02    1.167885997526E+03    1.526459992391E+03    1.932843853290E+03    2.387037580210E+03    2.889041173143E+03    3.438854632084E+03    4.036477957029E+03    4.681911147978E+03    5.375154204928E+03    6.116207127878E+03    6.905069916829E+03    7.741742571779E+03    8.626225092728E+03
    1.299362120780E+00   -3.090388564892E+00    1.537590056824E+01    7.077394854309E+01    1.631039140392E+02    2.923658792388E+02    4.585598380041E+02    6.616857889181E+02    9.017437315085E+02    1.178733665581E+03    1.492655591043E+03    1.843509507846E+03    2.231295415964E+03    2.656013315380E+03    3.117663206083E+03    3.616245088068E+03    4.151758961328E+03    4.724204825862E+03    5.333582681666E+03    5.979892528740E+03    6.663134367082E+03
    1.466857890255E+00   -2.752161418255E+00    1.173840971739E+01    5.520734871242E+01    1.276554211942E+02    2.290827616202E+02    3.594893522903E+02    5.188751891165E+02    7.072402707363E+02    9.245845965885E+02    1.170908166407E+03    1.446210980054E+03    1.750493037449E+03    2.083754338546E+03    2.445994883315E+03    2.837214671736E+03    3.257413703796E+03    3.706591979486E+03    4.184749498800E+03    4.691886261733E+03    5.228002268280E+03
    1.644504918487E+00   -2.447845244895E+00    9.082947224904E+00    4.366764274721E+01    1.013087210850E+02    1.820063279127E+02    2.857604190934E+02    4.125709844262E+02    5.624380205109E+02    7.353615259472E+02    9.313415000721E+02    1.150377942538E+03    1.392470853149E+03    1.657620231786E+03    1.945826078376E+03    2.257088392871E+03    2.591407175237E+03    2.948782425450E+03    3.329214143496E+03    3.732702329362E+03    4.159246983039E+03
    1.832303205475E+00   -2.180445240871E+00    7.111701445679E+00    3.497000067676E+01    8.140084506859E+01    1.464042406364E+02    2.299800904677E+02    3.321283721375E+02    4.528490781704E+02    5.921422054884E+02    7.500077526334E+02    9.264457188418E+02    1.121456103682E+03    1.335038906894E+03    1.567194128316E+03    1.817921767841E+03    2.087221825396E+03    2.375094300931E+03    2.681539194410E+03    3.006556505807E+03    3.350146235101E+03
    2.030252751218E+00   -1.950130882432E+00    5.625706229243E+00    2.831561782010E+01    6.613360398085E+01    1.190792044192E+02    1.871522286269E+02    2.703526324419E+02    3.686804011426E+02    4.821355286670E+02    6.107180121435E+02    7.544278500681E+02    9.132650415904E+02    1.087229586200E+03    1.276321483577E+03    1.480540733510E+03    1.699887335856E+03    1.934361290516E+03    2.183962597420E+03    2.448691256515E+03    2.728547267763E+03
    2.238353555718E+00   -1.755178177272E+00    4.489894003514E+00    2.315521116691E+01    5.426778433922E+01    9.782613743422E+01    1.538299301267E+02    2.222790833291E+02    3.031735706747E+02    3.965133813062E+02    5.022985100802E+02    6.205289543026E+02    7.512047124506E+02    8.943257836106E+02    1.049892167207E+03    1.217903862864E+03    1.398360870324E+03    1.591263189411E+03    1.796610819998E+03    2.014403761991E+03    2.244642015322E+03
    2.456605618974E+00   -1.592752509494E+00    3.611135113077E+00    1.910421193685E+01    4.493351769916E+01    8.109578224244E+01    1.275904456674E+02    1.844173774395E+02    2.515765340333E+02    3.290678975240E+02    4.168914594202E+02    5.150472152741E+02    6.235351625713E+02    7.423552998034E+02    8.715076260205E+02    1.010992140600E+03    1.160808843121E+03    1.320957733289E+03    1.491438810895E+03    1.672252075785E+03    1.863397527845E+03
    2.685008940986E+00   -1.459461558860E+00    2.924167873091E+00    1.588884457849E+01    3.750984737616E+01    6.778114983584E+01    1.067018935683E+02    1.542718776581E+02    2.104910350906E+02    2.753593382648E+02    3.488767741046E+02    4.310433357600E+02    5.218590193591E+02    6.213238225786E+02    7.294377439557E+02    8.462007825319E+02    9.716129376579E+02    1.105674208881E+03    1.248384595879E+03    1.399744098414E+03    1.559752716312E+03
    2.923563521755E+00   -1.351708370256E+00    2.382463554850E+00    1.331115138545E+01    3.154660550511E+01    5.707898688094E+01    8.990705637941E+01    1.300305226362E+02    1.774492884171E+02    2.321633136673E+02    2.941725794088E+02    3.634770756992E+02    4.400767969183E+02    5.239717396938E+02    6.151619019020E+02    7.136472821517E+02    8.194278795005E+02    9.325036932913E+02    1.052874723055E+03    1.180540968449E+03    1.315502429219E+03
    3.172269361279E+00   -1.265908219080E+00    1.952242236760E+00    1.122590063022E+01    2.671276283953E+01    4.839814351869E+01    7.628034309362E+01    1.103589599046E+02    1.506338598003E+02    1.971049875035E+02    2.497723168193E+02    3.086358340233E+02    3.736955313569E+02    4.449514041643E+02    5.224034495137E+02    6.060516654843E+02    6.958960507748E+02    7.919366044781E+02    8.941733259464E+02    1.002606214707E+03    1.117235270408E+03
    3.431126459559E+00   -1.198625636877E+00    1.608527244371E+00    9.525091720187E+00    2.276168274701E+01    4.129787785054E+01    6.513144471961E+01    9.426185295324E+01    1.286889251905E+02    1.684125883203E+02    2.134328076895E+02    2.637495651392E+02    3.193628504029E+02    3.802726573197E+02    4.464789820096E+02    5.179818219307E+02    5.947811753607E+02    6.768770410990E+02    7.642694182882E+02    8.569583063026E+02    9.549437046768E+02
    3.700134816596E+00   -1.146666994080E+00    1.332528051137E+00    8.127398331678E+00    1.950736835942E+01    3.544563216437E+01    5.593936299862E+01    8.098788552622E+01    1.105909735488E+02    1.447485337724E+02    1.834605219643E+02    2.267269149414E+02    2.745476995949E+02    3.269228680574E+02    3.838524153742E+02    4.453363382988E+02    5.113746346314E+02    5.819673028390E+02    6.571143418261E+02    7.368157507937E+02    8.210715291472E+02
    3.979294432388E+00   -1.107145177867E+00    1.109890959623E+00    6.970869719423E+00    1.680797896290E+01    3.058769404933E+01    4.830654422422E+01    6.996369575214E+01    9.555886877478E+01    1.250919477807E+02    1.585628779819E+02    1.959716306557E+02    2.373181895585E+02    2.826025449402E+02    3.318246906598E+02    3.849846226931E+02    4.420823383137E+02    5.031178356209E+02    5.680911132569E+02    6.370021702309E+02    7.098510058060E+02
    4.268605306937E+00   -1.077521381646E+00    9.295158815697E-01    6.007812416947E+00    1.455422812618E+01    2.652852044801E+01    4.192653742956E+01    6.074727634051E+01    8.299039968233E+01    1.086557680168E+02    1.377433151737E+02    1.702530064522E+02    2.061848222235E+02    2.455387507037E+02    2.883147844703E+02    3.345129186588E+02    3.841331499728E+02    4.371754761147E+02    4.936398954429E+02    5.535264067595E+02    6.168350091734E+02
    4.568067440241E+00   -1.055624447695E+00    7.827411812703E-01    5.201151234367E+00    1.266110828441E+01    2.311597312326E+01    3.656088728742E+01    5.299467121177E+01    7.241692658502E+01    9.482748863838E+01    1.202262791311E+02    1.486132570164E+02    1.799883990692E+02    2.143516913442E+02    2.517031250561E+02    2.920426944466E+02    3.353703956135E+02    3.816862258365E+02    4.309901831722E+02    4.832822662019E+02    5.385624738710E+02
    4.877680832302E+00   -1.039648283213E+00    6.627674811993E-01    4.521807626694E+00    1.106191353780E+01    2.023064448784E+01    3.202242131918E+01    4.643588227903E+01    6.347056580359E+01    8.312628066035E+01    1.054029359707E+02    1.303004840345E+02    1.578188978534E+02    1.879581612127E+02    2.207182638953E+02    2.560991992039E+02    2.941009625995E+02    3.347235509174E+02    3.779669618967E+02    4.238311938870E+02    4.723162456610E+02
    5.197445483119E+00   -1.028130093496E+00    5.642377245459E-01    3.946787260016E+00    9.703871315014E+00    1.777805106633E+01    2.816302293926E+01    4.085723979409E+01    5.586017501894E+01    7.317161001551E+01    9.279144080059E+01    1.147196127638E+02    1.389560949836E+02    1.655008688835E+02    1.943539227563E+02    2.255152489263E+02    2.589848421910E+02    2.947626989228E+02    3.328488165295E+02    3.732431931192E+02    4.159458272847E+02
    5.527361392692E+00   -1.019914468405E+00    4.829217661781E-01    3.457768570354E+00    8.544914541924E+00    1.568286235781E+01    2.486459032495E+01    3.608836454421E+01    4.935359211791E+01    6.466002637493E+01    8.200754984296E+01    1.013961007846E+02    1.228256442264E+02    1.462961591509E+02    1.718076323091E+02    1.993600550131E+02    2.289534213731E+02    2.605877272821E+02    2.942629698050E+02    3.299791467994E+02    3.677362566716E+02
    5.867428561021E+00   -1.014109481178E+00    4.154737357824E-01    3.040049817809E+00    7.551271982561E+00    1.388459130034E+01    2.203228406055E+01    3.199242978540E+01    4.376436853674E+01    5.734782502972E+01    7.274266798585E+01    8.994882835549E+01    1.089662670017E+02    1.297949603958E+02    1.524348937015E+02    1.768860571879E+02    2.031484442572E+02    2.312220503078E+02    2.611068720512E+02    2.928029070863E+02    3.263101536272E+02
    6.217646988106E+00   -1.010040619405E+00    3.592425895884E-01    2.681755821253E+00    6.695652151147E+00    1.233434584371E+01    1.958943696703E+01    2.845882000261E+01    3.894176764034E+01    5.103797558589E+01    6.474729849413E+01    8.006965984381E+01    9.700501623577E+01    1.155533415672E+02    1.357146193734E+02    1.574888388526E+02    1.808759926795E+02    2.058760757443E+02    2.324890843948E+02    2.607150159643E+02    2.905538684690E+02
    6.578016673948E+00   -1.007207011739E+00    3.121232396697E-01    2.373234939087E+00    5.955862409732E+00    1.099235881841E+01    1.747368336704E+01    2.539754827782E+01    3.476315891480E+01    4.557018171004E+01    5.781845704122E+01    7.150790077780E+01    8.663846517041E+01    1.032101214850E+02    1.212228515906E+02    1.406766435884E+02    1.615714894077E+02    1.839073834176E+02    2.076843215929E+02    2.329023009943E+02    2.595613194347E+02
    6.948537618545E+00   -1.005242688724E+00    2.724394965835E-01    2.106596883677E+00    5.313750285562E+00    9.826094179791E+00    1.563399151853E+01    2.273497624759E+01    3.112818679730E+01    4.081326018528E+01    5.179002234793E+01    6.405838142731E+01    7.761828524505E+01    9.246970238365E+01    1.086126130102E+02    1.260470041051E+02    1.447728668348E+02    1.647901950352E+02    1.860989842990E+02    2.086992314076E+02    2.325909339658E+02
    7.329209821898E+00   -1.003884075782E+00    2.388522290586E-01    1.875355775144E+00    4.754385559207E+00    8.808783946445E+00    1.402837096526E+01    2.041050748070E+01    2.795426570754E+01    3.665925322710E+01    4.652528141570E+01    5.755225058850E+01    6.974010406799E+01    8.308880770518E+01    9.759833993246E+01    1.132686865861E+02    1.300998380538E+02    1.480917876263E+02    1.672445305058E+02    1.875580631876E+02    2.090323830640E+02
    7.720033284008E+00   -1.002943799947E+00    2.102875099741E-01    1.674152510724E+00    4.265423803863E+00    7.918289696204E+00    1.262208847873E+01    1.837401438530E+01    2.517307444968E+01    3.301884691187E+01    4.191112851481E+01    5.184981166612E+01    6.283483512745E+01    7.486616197452E+01    8.794376887426E+01    1.020676404972E+02    1.172377664367E+02    1.334541394270E+02    1.507167542713E+02    1.690256071731E+02    1.883806953067E+02
    8.121008004874E+00   -1.002290243110E+00    1.858805160961E-01    1.498537375430E+00    3.836607758920E+00    7.136210574993E+00    1.138627028111E+01    1.658382223138E+01    2.272780962845E+01    2.981778158191E+01    3.785352017468E+01    4.683490984565E+01    5.676188474270E+01    6.763440512675E+01    7.945244587078E+01    9.221599045921E+01    1.059250276760E+02    1.205795496882E+02    1.361795508921E+02    1.527250271929E+02    1.702159755427E+02
    8.532133984495E+00   -1.001831973121E+00    1.649317643644E-01    1.344798736962E+00    3.459374188259E+00    6.447179938855E+00    1.029679983934E+01    1.500511945232E+01    2.057101981967E+01    2.699402124759E+01    3.427389118018E+01    4.241050604698E+01    5.140379533842E+01    6.125371646560E+01    7.196024248143E+01    8.352335566497E+01    9.594304397683E+01    1.092192990065E+02    1.233521147354E+02    1.383414867648E+02    1.541874118198E+02
    8.953411222873E+00   -1.001506130950E+00    1.468729547783E-01    1.209827228818E+00    3.126542028764E+00    5.838307351073E+00    9.333443409393E+00    1.360869640644E+01    1.866288722332E+01    2.449550780659E+01    3.110631103198E+01    3.849516530054E+01    4.666199541153E+01    5.560675589607E+01    6.532941796337E+01    7.582996266939E+01    8.710837713812E+01    9.916465237152E+01    1.119987819286E+02    1.256107611011E+02    1.400005863827E+02
    9.384839720007E+00   -1.001269917345E+00    1.312402674519E-01    1.091007435743E+00    2.832063598113E+00    5.298733330866E+00    8.479152240423E+00    1.236993891292E+01    1.696985640886E+01    2.227836887696E+01    2.829521474522E+01    3.502025438980E+01    4.245340789563E+01    5.059462688888E+01    5.944388071416E+01    6.900114918807E+01    7.926641858557E+01    9.023967931166E+01    1.019209244959E+02    1.143101491148E+02    1.274073494265E+02
    9.826419475897E+00   -1.001094446444E+00    1.176534344112E-01    9.861310217718E-01    2.570825024806E+00    4.819272114008E+00    7.719502674173E+00    1.126802065541E+01    1.546353398721E+01    2.030547970202E+01    2.579358195193E+01    3.192769311536E+01    3.870772855098E+01    4.613363696064E+01    5.420538580644E+01    6.292295365094E+01    7.228632590865E+01    8.229549237875E+01    9.295044575457E+01    1.042511806920E+02    1.161976932098E+02
    1.027815049054E+01   -1.000960371010E+00    1.057992855527E-01    8.933266740835E-01    2.338485326987E+00    4.392123525012E+00    7.042244526843E+00    1.028525174718E+01    1.411980102889E+01    1.854530309168E+01    2.356146803540E+01    2.916814029216E+01    3.536523049435E+01    4.215268440614E+01    4.953046759231E+01    5.749855734851E+01    6.605693821838E+01    7.520559938703E+01    8.494453310512E+01    9.527373370305E+01    1.061931969560E+02
    1.074003276395E+01   -1.000854810531E+00    9.541876610475E-02    8.110033095918E-01    2.131346009217E+00    4.010639428826E+00    6.436934985945E+00    9.406550624213E+00    1.291809349875E+01    1.697094894402E+01    2.156481328379E+01    2.669952308029E+01    3.237498425192E+01    3.859113961817E+01    4.534795283515E+01    5.264539992057E+01    6.048346453787E+01    6.886213525059E+01    7.778140386067E+01    8.724126436826E+01    9.724171230120E+01
    1.121206629610E+01   -1.000769221950E+00    8.629665400306E-02    7.378038004300E-01    1.946244886617E+00    3.669133520069E+00    5.894640410019E+00    8.619013867877E+00    1.184081610666E+01    1.555940812880E+01    1.977447281123E+01    2.448583894806E+01    2.969340776890E+01    3.539711914822E+01    4.159693482568E+01    4.829282953211E+01    5.548478604260E+01    6.317279229227E+01    7.135683962880E+01    8.003692171762E+01    8.921303383568E+01
    1.169425108702E+01   -1.000697942591E+00    7.825338332374E-02    6.725670876333E-01    1.780469241115E+00    3.362725701874E+00    5.407692326850E+00    7.911564194207E+00    1.087286265140E+01    1.429092554860E+01    1.816542269878E+01    2.249617525546E+01    2.728307979776E+01    3.252607326182E+01    3.822511546688E+01    4.438017985011E+01    5.099124829136E+01    5.805830809128E+01    6.558135013823E+01    7.356036775878E+01    8.199535597558E+01
    1.218658713669E+01   -1.000637205789E+00    7.113851608059E-02    6.142970196633E-01    1.631684479377E+00    3.087214209114E+00    4.969486906859E+00    7.274661145925E+00    1.000122179129E+01    1.314848484678E+01    1.671610749835E+01    2.070390341238E+01    2.511176456933E+01    2.993962498090E+01    3.518744254597E+01    4.085518940354E+01    4.694284653270E+01    5.345040059437E+01    6.037784201307E+01    6.772516377267E+01    7.549236063843E+01
    1.268907444512E+01   -1.000584484161E+00    6.482550883108E-02    5.621366104025E-01    1.497875279403E+00    2.838970091091E+00    4.574319476082E+00    6.700062322241E+00    9.214651669205E+00    1.211738310448E+01    1.540790167809E+01    1.908601374904E+01    2.315160676456E+01    2.760461183327E+01    3.244498493793E+01    3.767269691722E+01    4.328772784541E+01    4.929006373934E+01    5.567969455565E+01    6.245661293211E+01    6.962081337363E+01
    1.320171301230E+01   -1.000538055705E+00    5.920750020467E-02    5.153466868424E-01    1.377296843976E+00    2.614849796018E+00    4.217247398887E+00    6.180625527792E+00    8.503410288348E+00    1.118487840169E+01    1.422466332728E+01    1.762256432278E+01    2.137846438146E+01    2.549229173785E+01    2.996400046709E+01    3.479356010800E+01    3.998094982739E+01    4.552615499461E+01    5.142916509502E+01    5.768997241718E+01    6.430857120308E+01
    1.372450283824E+01   -1.000496721359E+00    5.419390643432E-02    4.732881094208E-01    1.268434368318E+00    2.412122473646E+00    3.893976030035E+00    5.710144197042E+00    7.859031225591E+00    1.033989663413E+01    1.315236289066E+01    1.629622238388E+01    1.977135374635E+01    2.357768237518E+01    2.771516045092E+01    3.218375621551E+01    3.698344792730E+01    4.211422030570E+01    4.757606236198E+01    5.336896603286E+01    5.949292529497E+01
    1.425744392293E+01   -1.000459622528E+00    4.970765889320E-02    4.354069138655E-01    1.169969211952E+00    2.228409295296E+00    3.600763505118E+00    5.283209992444E+00    7.274136369796E+00    9.572786721867E+00    1.217877317701E+01    1.509188151371E+01    1.831198611102E+01    2.183900957321E+01    2.567290220373E+01    2.981363095338E+01    3.426117317268E+01    3.901551292963E+01    4.407663875930E+01    4.944454224430E+01    5.511921709387E+01
    1.480053626638E+01   -1.000426123611E+00    4.568295370512E-02    4.012218526136E-01    1.080750564183E+00    2.061632625397E+00    3.334340976180E+00    4.895097682836E+00    6.742279018223E+00    8.875115496824E+00    1.129320961026E+01    1.399634081171E+01    1.698437934798E+01    2.025724508291E+01    2.381488646503E+01    2.765726916246E+01    3.178436962024E+01    3.619617125460E+01    4.089266212294E+01    4.587383345199E+01    5.113967868177E+01
    1.535377986859E+01   -1.000395737595E+00    4.206341134472E-02    3.703139152140E-01    9.997716284307E-01    1.909973299769E+00    3.091845559180E+00    4.541668360178E+00    6.257811960788E+00    8.239495250769E+00    1.048631183673E+01    1.299803515727E+01    1.577453146216E+01    1.881571793523E+01    2.212154119691E+01    2.569196564398E+01    2.952696682007E+01    3.362652749037E+01    3.799063523390E+01    4.261928092015E+01    4.751245771848E+01
    1.591717472955E+01   -1.000368079049E+00    3.880056577636E-02    3.423174873791E-01    9.261495376901E-01    1.771834599864E+00    2.870763782807E+00    4.219287806650E+00    5.815776208767E+00    7.659438267206E+00    9.749859501043E+00    1.208680767028E+01    1.467014517680E+01    1.749978659275E+01    2.057567674205E+01    2.389777876434E+01    2.746606730773E+01    3.128052448825E+01    3.534113740653E+01    3.964789657402E+01    4.420079488826E+01
    1.649072084927E+01   -1.000342833094E+00    3.585261947788E-02    3.169128718846E-01    8.591083620182E-01    1.645811777541E+00    2.668883743767E+00    3.924757423353E+00    5.411806840895E+00    7.129233727390E+00    9.076616353860E+00    1.125371716214E+01    1.366039486910E+01    1.629656151155E+01    1.916216015320E+01    2.225715269368E+01    2.558151289331E+01    2.913522222202E+01    3.291826730282E+01    3.693063828882E+01    4.117232780491E+01
    1.707441822775E+01   -1.000319736241E+00    3.318341376164E-02    2.938199449047E-01    7.979646869802E-01    1.530666196149E+00    2.484254504687E+00    3.655255609509E+00    5.042053090703E+00    6.643843231556E+00    8.460197932026E+00    1.049087469960E+01    1.273572874256E+01    1.519466964656E+01    1.786763875621E+01    2.075459675124E+01    2.385551651374E+01    2.717037887184E+01    3.069916997248E+01    3.444187961062E+01    3.839850013813E+01
    1.766826686498E+01   -1.000298564199E+00    3.076157410615E-02    2.727927621967E-01    7.421153374397E-01    1.425303324063E+00    2.315151537362E+00    3.408287865232E+00    4.703110322168E+00    6.198811860049E+00    7.894958917146E+00    9.791304472462E+00    1.188770041527E+01    1.418405397217E+01    1.668030481446E+01    1.937641242507E+01    2.227234881934E+01    2.536809418910E+01    2.866363420761E+01    3.215895831246E+01    3.585405858238E+01
    1.827226676097E+01   -1.000279123065E+00    2.855979826481E-02    2.536149622151E-01    6.910268974567E-01    1.328753953505E+00    2.160047228170E+00    3.181644199719E+00    4.391961961353E+00    5.790192248760E+00    7.375896974580E+00    9.148825015608E+00    1.110882514446E+01    1.325580232840E+01    1.558969461608E+01    1.811046031961E+01    2.081807060103E+01    2.371250502261E+01    2.679374878716E+01    3.006179097618E+01    3.351662339565E+01
    1.888641791571E+01   -1.000261242716E+00    2.655426126236E-02    2.360958396113E-01    6.442267385939E-01    1.240158127720E+00    2.017585635229E+00    2.973362675915E+00    4.105929791391E+00    5.414479597267E+00    6.898570437099E+00    8.557947530253E+00    1.039245674720E+01    1.240200090322E+01    1.458651647957E+01    1.694596064660E+01    1.948030372840E+01    2.218952466567E+01    2.507360819482E+01    2.813254304324E+01    3.136632074481E+01
    1.951072032921E+01   -1.000244774203E+00    2.472411641008E-02    2.200669840397E-01    6.012953188044E-01    1.158751348989E+00    1.886560826985E+00    2.781698124841E+00    3.842631293579E+00    5.068555888101E+00    6.459027653370E+00    8.013788612419E+00    9.732681959585E+00    1.161560847285E+01    1.366250312600E+01    1.587332197965E+01    1.824803453715E+01    2.078661912699E+01    2.348906002412E+01    2.635534560425E+01    2.938546713034E+01
    2.014517400146E+01   -1.000229584510E+00    2.305107551299E-02    2.053793971390E-01    5.618595554425E-01    1.083852713889E+00    1.765898247322E+00    2.605095228817E+00    3.599942943208E+00    4.749641890419E+00    6.053746194423E+00    7.511995156931E+00    9.124229532849E+00    1.089034818460E+01    1.281028464303E+01    1.488399389392E+01    1.711144463911E+01    1.949261460549E+01    2.202748761233E+01    2.471605168677E+01    2.755829782238E+01
    2.078977893248E+01   -1.000215555956E+00    2.151905454513E-02    1.919010144212E-01    5.255871080062E-01    1.014854680247E+00    1.654638643822E+00    2.442165305388E+00    3.375968549981E+00    4.455255758715E+00    5.679580412360E+00    7.048679577591E+00    8.562391816333E+00    1.022061420398E+01    1.202327889735E+01    1.397033984525E+01    1.606176496919E+01    1.829753140630E+01    2.067762252689E+01    2.320202601323E+01    2.587073259147E+01
    2.144453512224E+01   -1.000202583444E+00    2.011387369108E-02    1.795145712538E-01    4.921814345108E-01    9.512142206400E-01    1.551924174128E+00    2.291666236162E+00    3.169011885362E+00    4.183177236025E+00    5.333716096715E+00    6.620363793829E+00    8.042956951461E+00    9.601390992861E+00    1.129559677409E+01    1.312552724772E+01    1.509114957791E+01    1.719244032529E+01    1.942938241876E+01    2.180196320002E+01    2.431017313025E+01
    2.210944257077E+01   -1.000190572728E+00    1.882300263625E-02    1.681157615382E-01    4.613775069050E-01    8.924451563523E-01    1.456986367017E+00    2.152485074030E+00    2.977552961295E+00    3.931416630958E+00    5.013631176722E+00    6.223930685003E+00    7.562150104751E+00    9.028183347905E+00    1.062196004715E+01    1.234343220235E+01    1.419256624529E+01    1.616933817454E+01    1.827373048607E+01    2.050573018597E+01    2.286532747328E+01
    2.278450127805E+01   -1.000179439830E+00    1.763534365149E-02    1.576116459718E-01    4.329380895966E-01    8.381114991741E-01    1.369135667082E+00    2.023622937570E+00    2.800227427160E+00    3.698187871702E+00    4.717061587068E+00    5.856581922506E+00    7.116582420782E+00    8.496955628785E+00    9.997630037168E+00    1.161855673932E+01    1.335970146147E+01    1.522103965592E+01    1.720255339504E+01    1.930422935490E+01    2.152605747567E+01
    2.346971124408E+01   -1.000169108180E+00    1.654104635103E-02    1.479192736149E-01    4.066505005014E-01    7.878216560759E-01    1.287752335217E+00    1.904181863728E+00    2.635808636650E+00    3.481885050853E+00    4.441971554756E+00    5.515801262692E+00    6.703206585144E+00    8.004078855077E+00    9.418345506158E+00    1.094595677420E+01    1.258687770851E+01    1.434108323215E+01    1.620855500416E+01    1.818927937676E+01    2.028324603502E+01
    2.416507246888E+01   -1.000159509759E+00    1.553134904724E-02    1.389644858894E-01    3.823237861050E-01    7.412233737454E-01    1.212278511736E+00    1.793353340156E+00    2.483192005021E+00    3.281061965142E+00    4.186527679260E+00    5.199322525417E+00    6.319278059232E+00    7.546284555127E+00    8.880268478290E+00    1.032117925837E+01    1.186898129817E+01    1.352364900981E+01    1.528516365013E+01    1.715351125433E+01    1.912868125655E+01
    2.487058495243E+01   -1.000150583149E+00    1.459844254018E-02    1.306808771722E-01    3.597862531973E-01    6.979993199164E-01    1.142211279950E+00    1.690408282853E+00    2.341381337120E+00    3.094414232044E+00    3.949076276393E+00    4.905101603878E+00    5.962321194747E+00    7.120624423848E+00    8.379936879555E+00    9.740207239152E+00    1.120139929111E+01    1.276348695612E+01    1.442645110081E+01    1.619027745083E+01    1.805495519405E+01
    2.558624869473E+01   -1.000142272573E+00    1.373535285576E-02    1.230088898173E-01    3.388833080692E-01    6.578632132958E-01    1.077096591637E+00    1.594688259168E+00    2.209476853777E+00    2.920763627297E+00    3.728123535231E+00    4.631291949318E+00    5.630099554491E+00    6.724434987888E+00    7.914223055574E+00    9.199411738526E+00    1.057996424469E+01    1.205585402405E+01    1.362706156592E+01    1.529357229445E+01    1.705537515632E+01
    2.631206369579E+01   -1.000134527752E+00    1.293584004403E-02    1.158950248697E-01    3.194755615107E-01    6.205564274424E-01    1.016523936993E+00    1.505597786613E+00    2.086664685455E+00    2.759044341185E+00    3.522318105439E+00    4.376223057895E+00    5.320589867315E+00    6.355306597132E+00    7.480297368096E+00    8.695509523022E+00    1.000090572473E+01    1.139645897440E+01    1.288214939773E+01    1.445796212607E+01    1.612388587049E+01
    2.704802995561E+01   -1.000127303099E+00    1.219431062799E-02    1.092911525382E-01    3.014371641120E-01    5.858450050635E-01    9.601216591289E-01    1.422597563070E+00    1.972207636234E+00    2.608290896126E+00    3.330435788894E+00    4.138381556977E+00    5.031959129677E+00    6.011056162114E+00    7.075596188829E+00    8.225525974529E+00    9.460807673821E+00    1.078141386207E+01    1.218732431596E+01    1.367852388330E+01    1.525500104554E+01
    2.779414747418E+01   -1.000120556841E+00    1.150574168097E-02    1.031539087974E-01    2.846543414227E-01    5.535170283405E-01    9.075528275452E-01    1.345198504843E+00    1.865437049740E+00    2.467627505411E+00    3.151366056860E+00    3.916394546518E+00    4.762544437045E+00    5.689703141247E+00    6.697793708280E+00    7.786762386501E+00    8.956570860619E+00    1.020719130431E+01    1.153860316053E+01    1.295079100351E+01    1.444374309151E+01
    2.855041625151E+01   -1.000114251525E+00    1.086561483490E-02    9.744416647234E-02    2.690241028657E-01    5.233802987068E-01    8.585115973638E-01    1.272956486735E+00    1.765745632753E+00    2.336258684528E+00    2.984100153874E+00    3.709014900591E+00    4.510835188194E+00    5.389448352979E+00    6.344777060844E+00    7.376767107060E+00    8.485379746052E+00    9.670586774925E+00    1.093236731908E+01    1.227070568961E+01    1.368558992847E+01
    2.931683628759E+01   -1.000108353425E+00    1.026985879622E-02    9.212657088844E-02    2.544531020935E-01    4.952602863022E-01    8.127199917002E-01    1.205467693651E+00    1.672581113057E+00    2.213460953628E+00    2.827720583865E+00    3.515108276440E+00    4.275457356516E+00    5.108655248701E+00    6.014624338640E+00    6.993310033053E+00    8.044673196886E+00    9.168685276764E+00    1.036532509741E+01    1.163457671786E+01    1.297642797106E+01
    3.009340758243E+01   -1.000102831182E+00    9.714799163356E-03    8.716913154366E-02    2.408566294927E-01    4.689983147675E-01    7.699250531966E-01    1.142364505705E+00    1.585440625136E+00    2.098575492027E+00    2.681391802334E+00    3.333641613455E+00    4.055159564997E+00    4.845833332935E+00    5.705585126096E+00    6.634360028231E+00    7.632118556665E+00    8.698831834542E+00    9.834478403520E+00    1.103904208217E+01    1.231251050216E+01
    3.088013013603E+01   -1.000097656592E+00    9.197114522757E-03    8.254286244710E-02    2.281577201315E-01    4.444499516956E-01    7.298963180709E-01    1.083311849438E+00    1.503865731882E+00    1.991001624706E+00    2.544351962610E+00    3.163672934409E+00    3.848800737737E+00    4.599623460455E+00    5.416063238001E+00    6.298064897526E+00    7.245588651523E+00    8.258605327485E+00    9.337093202284E+00    1.048103586617E+01    1.169042075770E+01
    3.167700394839E+01   -1.000092803426E+00    8.713797964351E-03    7.822146487181E-02    2.162863628952E-01    4.214835794057E-01    6.924235728191E-01    1.028003957467E+00    1.427438003538E+00    1.890191037749E+00    2.415905585569E+00    3.004342287527E+00    3.655339132545E+00    4.368784777602E+00    5.144601387722E+00    5.982733600365E+00    6.883141366769E+00    7.845795247355E+00    8.870673273130E+00    9.957758818684E+00    1.110703913799E+01
    3.248402901949E+01   -1.000088247946E+00    8.262123276482E-03    7.418104705567E-02    2.051787982725E-01    3.999791238085E-01    6.573148586757E-01    9.761614861435E-01    1.355775085182E+00    1.795642632931E+00    2.295417039166E+00    2.854863689090E+00    3.473822584834E+00    4.152183105732E+00    4.889867548469E+00    5.686820428005E+00    6.543001478533E+00    7.458381022656E+00    8.432936865034E+00    9.466652177729E+00    1.055951403906E+01
    3.330120534936E+01   -1.000083968493E+00    7.839615196956E-03    7.039987619709E-02    1.947768940645E-01    3.798269223351E-01    6.243946939240E-01    9.275289479513E-01    1.288527193667E+00    1.706897944142E+00    2.182304729809E+00    2.714517945487E+00    3.303379816208E+00    3.948780592230E+00    4.650642802633E+00    5.408910907086E+00    6.223544467436E+00    7.094513598305E+00    8.021795898057E+00    9.005374349826E+00    1.004523586557E+01
    3.412853293798E+01   -1.000079945623E+00    7.444023182834E-03    6.685815868561E-02    1.850275896032E-01    3.609267142521E-01    5.935024878916E-01    8.818724208165E-01    1.225373992437E+00    1.623537048214E+00    2.076035920169E+00    2.582646249259E+00    3.143212680113E+00    3.757626477167E+00    4.425810500882E+00    5.147709222589E+00    5.923282076818E+00    6.752499000535E+00    7.635337406358E+00    8.571780102511E+00    9.561813844241E+00
    3.496601178536E+01   -1.000076160607E+00    7.073298242628E-03    6.353784508334E-02    1.758824003567E-01    3.431867389689E-01    5.644911240358E-01    8.389775016382E-01    1.166021799576E+00    1.545174911742E+00    1.976122099430E+00    2.458644457694E+00    2.992589233807E+00    3.577848843764E+00    4.214346576208E+00    4.902026980585E+00    5.640849409297E+00    6.430783652382E+00    7.271806957683E+00    8.163901972935E+00    9.107055306659E+00
    3.581364189149E+01   -1.000072597143E+00    6.725572433268E-03    6.042245678906E-02    1.672969757196E-01    3.265229295910E-01    5.372256921582E-01    7.986474752137E-01    1.110201089808E+00    1.471458122560E+00    1.882114840982E+00    2.341957973737E+00    2.850837539634E+00    3.408647237180E+00    4.015310877450E+00    4.670773153679E+00    5.374993381341E+00    6.127941234562E+00    6.929593817767E+00    7.779933632973E+00    8.678947152271E+00
    3.667142325638E+01   -1.000069239978E+00    6.399140688840E-03    5.749693179609E-02    1.592307038870E-01    3.108581908974E-01    5.115823527578E-01    7.607016739373E-01    1.057664256786E+00    1.402061961764E+00    1.793602091629E+00    2.232077160061E+00    2.717340111737E+00    3.249286051760E+00    3.827839404942E+00    4.452945072965E+00    5.124562379409E+00    5.842660913710E+00    6.607217658530E+00    7.418214985265E+00    8.275639240165E+00
    3.753935588003E+01   -1.000066074370E+00    6.092444686039E-03    5.474748722518E-02    1.516463583059E-01    2.961217519957E-01    4.874473182786E-01    7.249740062676E-01    1.008183605666E+00    1.336687777086E+00    1.710204842686E+00    2.128533225020E+00    2.591528934160E+00    3.099088598589E+00    3.651137344889E+00    4.247620346572E+00    4.888496980041E+00    5.573736781349E+00    6.303316633303E+00    7.077218792059E+00    7.895429488874E+00
    3.841743976243E+01   -1.000063087684E+00    5.804058494067E-03    5.216149663534E-02    1.445097809370E-01    2.822485851985E-01    4.647159380194E-01    6.913116348357E-01    9.615495498654E-01    1.275060623480E+00    1.631574139726E+00    2.030894527105E+00    2.472880985659E+00    2.957431776398E+00    3.484472812109E+00    4.053949600010E+00    4.665821613563E+00    5.320058366734E+00    6.016636664565E+00    6.755538663586E+00    7.536750491158E+00
    3.930567490359E+01   -1.000060267745E+00    5.532675794526E-03    4.972738040372E-02    1.377895982280E-01    2.691788838470E-01    4.432918753060E-01    6.595737876868E-01    9.175689894412E-01    1.216927141326E+00    1.557388393439E+00    1.938763251449E+00    2.360914214976E+00    2.823741278777E+00    3.327171222400E+00    3.871149946913E+00    4.455637066434E+00    5.080602104020E+00    5.746021809147E+00    6.451878254540E+00    7.198157474965E+00
    4.020406130350E+01   -1.000057603714E+00    5.277098478691E-03    4.743450762537E-02    1.314569660552E-01    2.568575924390E-01    4.230863665598E-01    6.296306877091E-01    8.760638507135E-01    1.162053645669E+00    1.487350957967E+00    1.851772416899E+00    2.255183916387E+00    2.697487278030E+00    3.178610224537E+00    3.698499109038E+00    4.257113729104E+00    4.854423647846E+00    5.490405581418E+00    6.165041534707E+00    6.878317461380E+00
    4.111259896217E+01   -1.000055085175E+00    5.036226460723E-03    4.527310822798E-02    1.254853404681E-01    2.452339834299E-01    4.040175534490E-01    6.013625874944E-01    8.368697697021E-01    1.110224403629E+00    1.421187947713E+00    1.769583177765E+00    2.155279462065E+00    2.578180533849E+00    3.038215131032E+00    3.535330114869E+00    4.069485508249E+00    4.640650944970E+00    5.248803130087E+00    5.893924016728E+00    6.575999489103E+00
    4.203128787960E+01   -1.000052703376E+00    4.809048561862E-03    4.323419412174E-02    1.198502713564E-01    2.342612755806E-01    3.860098801244E-01    5.746588980939E-01    7.998349036466E-01    1.061240079430E+00    1.358646266600E+00    1.691882388154E+00    2.060821352407E+00    2.465368880644E+00    2.905454793471E+00    3.381026514016E+00    3.892044331271E+00    4.438477979930E+00    5.020304176076E+00    5.637504837217E+00    6.290065789878E+00
    4.296012805578E+01   -1.000050448733E+00    4.594634344045E-03    4.130948838919E-02    1.145292165985E-01    2.238962895014E-01    3.689935487326E-01    5.494174018207E-01    7.648188571364E-01    1.014916329383E+00    1.299491827363E+00    1.618380401110E+00    1.971458550662E+00    2.358634053351E+00    2.779837875247E+00    3.235018052619E+00    3.724135180126E+00    4.247159123050E+00    4.804066630466E+00    5.394839600417E+00    6.019463813609E+00
    4.389911949072E+01   -1.000048313057E+00    4.392126780259E-03    3.949136158700E-02    1.095013744015E-01    2.140991363037E-01    3.529040268412E-01    5.255435399385E-01    7.316917103881E-01    9.710825305446E-01    1.243507940311E+00    1.548809077250E+00    1.886866071288E+00    2.257588815418E+00    2.660909479114E+00    3.096776760421E+00    3.565151597899E+00    4.066004016488E+00    4.599310819993E+00    5.165053903110E+00    5.763219012657E+00
    4.484826218441E+01   -1.000046289329E+00    4.200735669986E-03    3.777277440200E-02    1.047475319556E-01    2.048329360023E-01    3.376816015193E-01    5.029497676256E-01    7.003331392471E-01    9.295806293867E-01    1.190493854162E+00    1.482919981315E+00    1.806742795846E+00    2.161874357718E+00    2.548248092824E+00    2.965813406872E+00    3.414531619101E+00    3.894372942470E+00    4.405314256952E+00    4.947337469943E+00    5.520428306330E+00
    4.580755613687E+01   -1.000044370785E+00    4.019731715353E-03    3.614722595932E-02    1.002499286551E-01    1.960635625353E-01    3.232709751919E-01    4.815549691825E-01    6.706316173248E-01    8.902640979253E-01    1.140263433086E+00    1.420482747070E+00    1.730809492756E+00    2.071157940212E+00    2.441462819793E+00    2.841674287893E+00    3.271754079650E+00    3.731672623612E+00    4.221406896996E+00    4.740938835817E+00    5.290254154987E+00
    4.677700134807E+01   -1.000042550206E+00    3.848441184465E-03    3.460870716944E-02    9.599213235018E-02    1.877594126496E-01    3.096208989707E-01    4.612839272837E-01    6.424836918192E-01    8.529969862541E-01    1.092643955935E+00    1.361283593222E+00    1.658807019936E+00    1.985130751401E+00    2.340190865479E+00    2.723938309327E+00    3.136335267545E+00    3.577352410965E+00    4.046966834702E+00    4.545160519139E+00    5.071919181131E+00
    4.775659781803E+01   -1.000040821928E+00    3.686241097004E-03    3.315165856828E-02    9.195892725815E-02    1.798911961813E-01    2.966838396092E-01    4.420668407293E-01    6.157933254589E-01    8.176530615959E-01    1.047475025143E+00    1.305123974894E+00    1.590494691634E+00    1.903505963323E+00    2.244095253390E+00    2.612214336814E+00    3.007825879489E+00    3.430900820270E+00    3.881416392343E+00    4.359354635988E+00    4.864701281856E+00
    4.874634554675E+01   -1.000039181055E+00    3.532554877309E-03    3.177093219025E-02    8.813621237216E-02    1.724317456401E-01    2.844156768112E-01    4.238388859671E-01    5.904712980980E-01    7.841150253768E-01    1.004607574504E+00    1.251819357301E+00    1.525648793212E+00    1.826016962716E+00    2.152862747923E+00    2.506138785630E+00    2.885808253037E+00    3.291842381751E+00    3.724218562653E+00    4.182918911196E+00    4.667929183581E+00
    4.974624453423E+01   -1.000037621470E+00    3.386848424223E-03    3.046175704517E-02    8.451090928140E-02    1.653558431363E-01    2.727754278326E-01    4.065398179811E-01    5.664346619664E-01    7.522738004830E-01    9.639029658857E-01    1.201198099338E+00    1.464061229065E+00    1.752415740734E+00    2.066201963370E+00    2.405373426491E+00    2.769893846751E+00    3.159734772147E+00    3.574873770291E+00    4.015293046776E+00    4.480978394974E+00
    5.075629478046E+01   -1.000036138945E+00    3.248626552035E-03    2.921970781155E-02    8.107087841379E-02    1.586400628596E-01    2.617249965856E-01    3.901136065381E-01    5.436062451216E-01    7.220278815855E-01    9.252321659030E-01    1.153100436035E+00    1.405538290272E+00    1.682471425266E+00    1.983841640411E+00    2.309603385740E+00    2.659720943584E+00    3.034166200830E+00    3.432916920212E+00    3.855955412091E+00    4.303267518469E+00
    5.177649628545E+01   -1.000034728518E+00    3.117429766533E-03    2.804067644012E-02    7.780484292162E-02    1.522626276982E-01    2.512289450295E-01    3.745081045792E-01    5.219141986932E-01    6.932827427226E-01    8.884749951325E-01    1.107377550622E+00    1.349899530773E+00    1.615968942484E+00    1.905529074305E+00    2.218535321481E+00    2.554952556284E+00    2.914753025807E+00    3.297914705599E+00    3.704420025036E+00    4.134254886015E+00
    5.280684904919E+01   -1.000033386533E+00    2.992831338811E-03    2.692084634887E-02    7.470231939080E-02    1.462032785085E-01    2.412542845264E-01    3.596747454339E-01    5.012915834177E-01    6.659502962833E-01    8.535194424809E-01    1.063890727166E+00    1.296976741130E+00    1.552707794618E+00    1.831028679602E+00    2.131895758155E+00    2.455274514775E+00    2.801137576837E+00    3.169463149671E+00    3.560233795495E+00    3.973435487145E+00
    5.384735307169E+01   -1.000032108498E+00    2.874434648420E-03    2.585666896628E-02    7.175355474891E-02    1.404431548968E-01    2.317702853792E-01    3.455682662741E-01    4.816759919209E-01    6.399483987286E-01    8.202610387710E-01    1.022510576370E+00    1.246613010884E+00    1.492500943235E+00    1.760120678714E+00    2.049429564807E+00    2.360393718512E+00    2.692986166303E+00    3.047185359482E+00    3.422974006485E+00    3.820338161879E+00
    5.489800835295E+01   -1.000030891322E+00    2.761870766760E-03    2.484484237280E-02    6.894946872562E-02    1.349646863357E-01    2.227483027078E-01    3.321464551654E-01    4.630092031676E-01    6.152003983897E-01    7.886022836599E-01    9.831163273051E-01    1.198661870793E+00    1.435173787666E+00    1.692599902242E+00    1.970898563023E+00    2.270036537782E+00    2.589987269608E+00    2.930729471161E+00    3.292246009986E+00    3.674523032898E+00
    5.595881489296E+01   -1.000029731283E+00    2.654796258315E-03    2.388229184832E-02    6.628160136803E-02    1.297514927024E-01    2.141616172360E-01    3.193699196516E-01    4.452368662455E-01    5.916347216131E-01    7.584521211366E-01    9.455951791780E-01    1.152986507743E+00    1.380563229966E+00    1.628274690901E+00    1.896080252757E+00    2.183947350350E+00    2.491849859593E+00    2.819766769048E+00    3.167681117751E+00    3.535579154976E+00
    5.702977269172E+01   -1.000028624975E+00    2.552891176780E-03    2.296615212681E-02    6.374206509387E-02    1.247882932944E-01    2.059852895070E-01    3.072018747449E-01    4.283082106031E-01    5.691844935031E-01    7.297254588659E-01    9.098417072867E-01    1.109459045322E+00    1.328516818094E+00    1.566965889312E+00    1.824766644743E+00    2.101887200539E+00    2.398301880309E+00    2.713989962204E+00    3.048934668589E+00    3.403122361090E+00
    5.811088174925E+01   -1.000027569687E+00    2.455857237563E-03    2.209375119903E-02    6.132350086785E-02    1.200608235587E-01    1.981960263310E-01    2.956079485965E-01    4.121757803802E-01    5.477871901645E-01    7.023427274428E-01    8.757573183081E-01    1.067959884122E+00    1.278891960228E+00    1.508505923320E+00    1.756763189840E+00    2.023632569606E+00    2.309088847457E+00    2.613111603945E+00    2.935684256036E+00    3.276793287248E+00
    5.920214206553E+01   -1.000026562561E+00    2.363416149632E-03    2.126259551491E-02    5.901903811359E-02    1.155557588225E-01    1.907720583452E-01    2.845560042363E-01    3.967951906399E-01    5.273843195770E-01    6.762294759197E-01    8.432497504065E-01    1.028377096333E+00    1.231555203726E+00    1.452737953234E+00    1.691887796455E+00    1.948974247274E+00    2.223972563963E+00    2.516862641380E+00    2.827628101789E+00    3.156255559769E+00
    6.030355364056E+01   -1.000025600247E+00    2.275308091065E-03    2.047035645051E-02    5.682225800650E-02    1.112606443710E-01    1.836930276598E-01    2.740159759035E-01    3.821249034898E-01    5.079211284754E-01    6.513160002830E-01    8.122326140654E-01    9.906058696486E-01    1.186381572832E+00    1.399515096057E+00    1.629969928020E+00    1.877716295200E+00    2.142729940170E+00    2.424991083094E+00    2.724483561625E+00    3.041194130190E+00
    6.141511647436E+01   -1.000024682438E+00    2.191290314211E-03    1.971485791620E-02    5.472715982385E-02    1.071638312746E-01    1.769398846487E-01    2.639597186156E-01    3.681260222557E-01    4.893463328362E-01    6.275370018433E-01    7.826249698946E-01    9.545479959704E-01    1.143253959747E+00    1.348699710380E+00    1.570849773207E+00    1.809675093990E+00    2.065151909154E+00    2.337260774251E+00    2.625985751800E+00    2.931313744456E+00
    6.253683056690E+01   -1.000023804293E+00    2.111135870210E-03    1.899406501773E-02    5.272813011942E-02    1.032544175340E-01    1.704947932060E-01    2.543608699895E-01    3.547621023470E-01    4.716118701711E-01    6.048312732292E-01    7.543509405223E-01    9.201114013608E-01    1.102062564784E+00    1.300162738908E+00    1.514377482962E+00    1.744678466914E+00    1.991042429280E+00    2.253450270171E+00    2.531886285818E+00    2.826337535072E+00
    6.366869591821E+01   -1.000022965512E+00    2.034632438084E-03    1.830607364010E-02    5.081991437857E-02    9.952219390560E-02    1.643410434653E-01    2.451947228842E-01    3.419989768981E-01    4.546726711623E-01    5.831414089157E-01    7.273393528460E-01    8.872097128051E-01    1.062704380426E+00    1.253783102576E+00    1.460412467480E+00    1.682564872509E+00    1.920217565241E+00    2.173351798595E+00    2.441952110728E+00    2.726005724218E+00
    6.481071252827E+01   -1.000022163294E+00    1.961581252934E-03    1.764910090739E-02    4.899759103047E-02    9.595759417795E-02    1.584629716163E-01    2.364381083220E-01    3.298045964120E-01    4.384864495810E-01    5.624135388823E-01    7.015234088247E-01    8.557618594978E-01    1.025082716442E+00    1.209447142851E+00    1.408822749013E+00    1.623182661268E+00    1.852504641967E+00    2.096770304180E+00    2.355964435555E+00    2.630074429494E+00
    6.596288039709E+01   -1.000021396312E+00    1.891796120788E-03    1.702147640872E-02    4.725654752584E-02    9.255164935606E-02    1.528458859651E-01    2.280692874715E-01    3.181488807760E-01    4.230135083981E-01    5.425970828002E-01    6.768403816652E-01    8.256917049090E-01    9.891067617092E-01    1.167048107152E+00    1.359484364780E+00    1.566389389883E+00    1.787741464088E+00    2.023522567048E+00    2.273717742833E+00    2.538314562312E+00
    6.712519952466E+01   -1.000020661168E+00    1.825102514414E-03    1.642163414109E-02    4.559245834930E-02    8.929594550967E-02    1.474759988509E-01    2.200678521236E-01    3.070035828603E-01    4.082165610288E-01    5.236445233800E-01    6.532313356654E-01    7.969277074833E-01    9.546911800980E-01    1.126485674277E+00    1.312280816246E+00    1.512051188742E+00    1.725775595977E+00    1.953436389743E+00    2.195018876808E+00    2.450510811694E+00
    6.829766991099E+01   -1.000019958036E+00    1.761336741023E-03    1.584810508913E-02    4.400126475356E-02    8.618258488787E-02    1.423403637900E-01    2.124146327628E-01    2.963421624883E-01    3.940605661495E-01    5.055111969204E-01    6.306408673296E-01    7.694026071160E-01    9.217557370942E-01    1.087665515927E+00    1.267102560344E+00    1.460042177598E+00    1.666463696666E+00    1.886349846152E+00    2.119686201160E+00    2.366460705598E+00
    6.948029155607E+01   -1.000019284355E+00    1.700345177615E-03    1.529951040456E-02    4.247915611592E-02    8.320415011369E-02    1.374268175516E-01    2.050916137967E-01    2.861396701718E-01    3.805125752714E-01    4.881551000010E-01    6.090168664077E-01    7.430531357341E-01    8.902249550926E-01    1.050498891890E+00    1.223846539694E+00    1.410243926018E+00    1.609670905676E+00    1.822110587911E+00    2.047548821162E+00    2.285973743990E+00
    7.067306445991E+01   -1.000018639302E+00    1.641983565753E-03    1.477455511292E-02    4.102255272387E-02    8.035367109669E-02    1.327239265932E-01    1.980818551274E-01    2.763726395116E-01    3.675415916571E-01    4.715367105558E-01    5.883102947218E-01    7.178197494356E-01    8.600277943938E-01    1.014902275422E+00    1.182415747921E+00    1.362544954150E+00    1.555270274784E+00    1.760575202702E+00    1.978445864047E+00    2.208870596837E+00
    7.187598862251E+01   -1.000018020548E+00    1.586116362291E-03    1.427202231737E-02    3.962808990842E-02    7.762459451077E-02    1.282209376108E-01    1.913694197044E-01    2.670189877654E-01    3.551184399116E-01    4.556188224583E-01    5.684749816721E-01    6.936463808138E-01    8.310973582216E-01    9.807970068317E-01    1.142718827656E+00    1.316840271020E+00    1.503142242485E+00    1.701608620749E+00    1.912225813417E+00    2.134982362297E+00
    7.308906404386E+01   -1.000017427312E+00    1.532616140042E-03    1.379076784586E-02    3.829260338182E-02    7.501075556736E-02    1.239077317774E-01    1.849393064471E-01    2.580579237533E-01    3.432156451760E-01    4.403663922765E-01    5.494674347882E-01    6.704802095083E-01    8.033706194597E-01    9.481089725747E-01    1.104669698170E+00    1.273030946875E+00    1.453174147209E+00    1.645083565101E+00    1.848745892756E+00    2.064149879658E+00
    7.431229072397E+01   -1.000016858133E+00    1.481363034964E-03    1.332971531221E-02    3.701311569977E-02    7.250635193397E-02    1.197747824293E-01    1.787773881860E-01    2.494698626215E-01    3.318073212894E-01    4.257463973814E-01    5.312466642999E-01    6.482714497233E-01    7.767881675854E-01    9.167683080614E-01    1.068187210507E+00    1.231023717097E+00    1.405259776476E+00    1.590880042471E+00    1.787871494432E+00    1.996223092946E+00
    7.554566866284E+01   -1.000016311848E+00    1.432244235306E-03    1.288785155024E-02    3.578682373903E-02    7.010591959189E-02    1.158131158731E-01    1.728703541517E-01    2.412363468240E-01    3.208690670878E-01    4.117277043674E-01    5.137740204500E-01    6.269731531803E-01    7.512939739886E-01    8.867091220591E-01    1.033194827683E+00    1.190730614906E+00    1.359298948826E+00    1.538884871105E+00    1.729475650215E+00    1.931060460824E+00
    7.678919786046E+01   -1.000015787415E+00    1.385153509463E-03    1.246422239258E-02    3.461108711344E-02    6.780431048810E-02    1.120142750826E-01    1.672056566757E-01    2.333399728641E-01    3.103778702390E-01    3.982809470162E-01    4.970130425975E-01    6.065410263427E-01    7.268351742850E-01    8.578692410504E-01    9.996203280409E-01    1.152068630665E+00    1.315197126011E+00    1.488991242833E+00    1.673438540133E+00    1.868528409197E+00
    7.804287831684E+01   -1.000015284596E+00    1.339990769182E-03    1.205792876427E-02    3.348341744787E-02    6.559667182881E-02    1.083702860407E-01    1.617714617515E-01    2.257643233167E-01    3.003120179887E-01    3.853784130176E-01    4.809293191384E-01    5.869332607408E-01    7.033618662304E-01    8.301899719129E-01    9.673955298642E-01    1.114959395602E+00    1.272865052997E+00    1.441098316504E+00    1.619647036524E+00    1.808500823066E+00
    7.930671003197E+01   -1.000014801063E+00    1.296661665457E-03    1.166812306751E-02    3.240146844665E-02    6.347842689470E-02    1.048736265365E-01    1.565566031762E-01    2.184939037503E-01    2.906510143195E-01    3.729939388112E-01    4.654903574565E-01    5.681103754357E-01    6.808269220865E-01    8.036158815632E-01    9.364560356750E-01    1.079328888121E+00    1.232218423671E+00    1.395110840464E+00    1.567994280649E+00    1.750858574642E+00
    8.058069300586E+01   -1.000014336843E+00    1.255077213757E-03    1.129400582809E-02    3.136302667610E-02    6.144525722544E-02    1.015171971730E-01    1.515505399234E-01    2.115140840748E-01    2.813755029053E-01    3.611028117764E-01    4.506654629582E-01    5.500350704896E-01    6.591858141016E-01    7.780945920139E-01    9.067409944248E-01    1.045107160694E+00    1.193177569972E+00    1.350938801493E+00    1.518379288996E+00    1.695489084583E+00
    8.186482723850E+01   -1.000013890520E+00    1.215153447138E-03    1.093482259039E-02    3.036600302630E-02    5.949308610716E-02    9.829429447978E-02    1.467433165896E-01    2.048110440945E-01    2.724671955700E-01    3.496816793906E-01    4.364256267090E-01    5.326720908413E-01    6.383964523711E-01    7.535765899556E-01    8.781928805275E-01    1.012228086066E+00    1.155667173014E+00    1.308497098557E+00    1.470706587396E+00    1.642285914193E+00
    8.315911272991E+01   -1.000013461385E+00    1.176811094149E-03    1.058986103353E-02    2.940842477755E-02    5.761806322152E-02    9.519858590331E-02    1.421255265874E-01    1.983717228280E-01    2.639088056813E-01    3.387084646440E-01    4.227434208048E-01    5.159880995526E-01    6.184190338641E-01    7.300150494581E-01    8.507572881269E-01    9.806291209803E-01    1.119615994140E+00    1.267705239090E+00    1.424885870410E+00    1.591148385817E+00
    8.446354948006E+01   -1.000013049274E+00    1.139975280031E-03    1.025844829547E-02    2.848842823573E-02    5.581655038768E-02    9.222408656647E-02    1.376882779258E-01    1.921837713716E-01    2.556839861846E-01    3.281622873342E-01    4.095929010043E-01    4.999515598430E-01    5.992159019114E-01    7.073656669537E-01    8.243827396097E-01    9.502510862501E-01    1.084956624590E+00    1.228487056290E+00    1.380831684289E+00    1.541981229482E+00
    8.577813748898E+01   -1.000012651966E+00    1.104575249304E-03    9.939948488200E-03    2.760425189069E-02    5.408510831065E-02    8.936513765669E-02    1.334231613743E-01    1.862355090307E-01    2.477772719191E-01    3.180233907857E-01    3.969495160635E-01    4.845326252365E-01    5.807514153507E-01    6.855865075576E-01    7.990205072713E-01    9.210379619399E-01    1.051625252366E+00    1.190770445824E+00    1.338463131686E+00    1.494694253798E+00
    8.710287675665E+01   -1.000012269602E+00    1.070544107656E-03    9.633760385166E-03    2.675423004661E-02    5.242048423788E-02    8.661638628639E-02    1.293222207842E-01    1.805158824116E-01    2.401740258143E-01    3.082730734917E-01    3.847900231556E-01    4.697030370819E-01    5.629918264575E-01    6.646378617115E-01    7.746244469703E-01    8.929366963224E-01    1.019561444780E+00    1.154487120264E+00    1.297703596275E+00    1.449202039040E+00
    8.843776728307E+01   -1.000011901471E+00    1.037818582285E-03    9.339315273628E-03    2.593678690443E-02    5.081960048650E-02    8.397276676444E-02    1.253779254762E-01    1.750144273463E-01    2.328603887982E-01    2.988936254568E-01    3.730924090946E-01    4.554360290926E-01    5.459051672278E-01    6.444821116265E-01    7.511508431416E-01    8.658970278704E-01    9.887079458310E-01    1.119572380258E+00    1.258480486114E+00    1.405423651120E+00
    8.978280906826E+01   -1.000011547934E+00    1.006338798680E-03    9.056074953977E-03    2.515043104721E-02    4.927954374730E-02    8.142948312832E-02    1.215831444771E-01    1.697212333561E-01    2.258232330353E-01    2.898682687639E-01    3.618358167812E-01    4.417062382137E-01    5.294611431981E-01    6.250836065809E-01    7.285582640914E-01    8.398713190654E-01    9.590104870428E-01    1.085964900905E+00    1.220724994078E+00    1.363282374578E+00
    9.113800211219E+01   -1.000011206887E+00    9.760480730316E-04    8.783529878824E-03    2.439375030918E-02    4.779755512849E-02    7.898199287676E-02    1.179311225164E-01    1.646269105315E-01    2.190501183316E-01    2.811811021544E-01    3.510004766046E-01    4.284896214860E-01    5.136310344018E-01    6.064085465919E-01    7.068074270029E-01    8.148144013500E-01    9.304176109741E-01    1.053606532436E+00    1.184371874320E+00    1.322705463448E+00
    9.250334641489E+01   -1.000010879140E+00    9.468927185057E-04    8.521197415978E-03    2.366540698475E-02    4.637102085591E-02    7.662599176922E-02    1.144154575898E-01    1.597225585653E-01    2.125292513662E-01    2.728170491954E-01    3.405676422833E-01    4.157633782877E-01    4.983876027358E-01    5.884248736229E-01    6.858610716938E-01    7.906834301439E-01    9.028805061982E-01    1.022442113864E+00    1.149359233287E+00    1.283623908344E+00
    9.387884197634E+01   -1.000010561509E+00    9.188218651515E-04    8.268620233469E-03    2.296413337294E-02    4.499746362037E-02    7.435739967674E-02    1.110300800656E-01    1.549997379029E-01    2.062494476980E-01    2.647618099629E-01    3.305195310425E-01    4.035058778217E-01    4.837050055633E-01    5.711021701015E-01    6.656838428440E-01    7.674377495721E-01    8.763528533209E-01    9.924192990745E-01    1.115628334688E+00    1.245972219078E+00
    9.526448879655E+01   -1.000010257025E+00    8.917872913179E-04    8.025364787518E-03    2.228872760456E-02    4.367453447186E-02    7.217234732266E-02    1.077692330985E-01    1.504504426941E-01    2.002000961399E-01    2.570018157333E-01    3.208392675189E-01    3.916965911249E-01    4.695587147123E-01    5.544115637869E-01    6.462421796077E-01    7.450387656923E-01    8.507906806925E-01    9.634883938950E-01    1.083123416772E+00    1.209688221029E+00
    9.666028687551E+01   -1.000009962881E+00    8.657432671475E-04    7.791019918603E-03    2.163804976662E-02    4.240000528780E-02    7.006716395667E-02    1.046274544149E-01    1.460670756263E-01    1.943711255974E-01    2.495241867944E-01    3.115108315113E-01    3.803160277204E-01    4.559254409877E-01    5.383256390937E-01    6.275042126942E-01    7.234498282773E-01    8.261522298329E-01    9.356022040998E-01    1.051791521861E+00    1.174712865140E+00
    9.806623621323E+01   -1.000009678860E+00    8.406464077360E-04    7.565195534082E-03    2.101101826483E-02    4.117176170220E-02    6.803836578002E-02    1.015995592035E-01    1.418424242807E-01    1.887529739126E-01    2.423166928067E-01    3.025190088920E-01    3.693456761100E-01    4.427830632696E-01    5.228183538153E-01    6.094396677340E-01    7.026361198355E-01    8.023978291170E-01    9.087158927711E-01    1.021582336392E+00    1.140990049648E+00
    9.948233680970E+01   -1.000009404832E+00    8.164555363472E-04    7.347521380842E-03    2.040660643383E-02    3.998779651391E-02    6.608264515063E-02    9.868062415188E-02    1.377696390660E-01    1.833365587757E-01    2.353677157857E-01    2.938493457537E-01    3.587679481771E-01    4.301105622598E-01    5.078649612976E-01    5.920197749570E-01    6.825645518697E-01    7.794897756876E-01    8.827868469371E-01    9.924480413536E-01    1.108466453389E+00
    1.009085886649E+02   -1.000009141390E+00    7.931315564749E-04    7.137645897165E-03    1.982383936537E-02    3.884620351704E-02    6.419686047639E-02    9.586597249757E-02    1.338422125460E-01    1.781132504697E-01    2.286662154115E-01    2.854881054349E-01    3.485661270772E-01    4.178879583834E-01    4.934419374923E-01    5.752171845358E-01    6.632036676446E-01    7.573922247787E-01    8.577745525829E-01    9.643431721146E-01    1.077091379575E+00
    1.023449917789E+02   -1.000008886769E+00    7.706373323026E-04    6.935235139852E-03    1.926179094385E-02    3.774517173280E-02    6.237802676279E-02    9.315116004081E-02    1.300539600936E-01    1.730748463565E-01    2.222016965480E-01    2.774222282767E-01    3.387243184354E-01    4.060962536254E-01    4.795269126296E-01    5.590058872857E-01    6.445235511027E-01    7.360710860354E-01    8.336404775590E-01    9.372244871033E-01    1.046816609432E+00
    1.037915461517E+02   -1.000008640609E+00    7.489375766763E-04    6.739971778650E-03    1.871958106712E-02    3.668298000055E-02    6.062330674683E-02    9.053196202219E-02    1.263990017358E-01    1.682135469298E-01    2.159641787532E-01    2.696392938430E-01    3.292274045284E-01    3.947173769261E-01    4.660986070714E-01    5.433611402194E-01    6.264957413616E-01    7.154939261907E-01    8.103479616750E-01    9.110508445567E-01    1.017596264834E+00
    1.052482517832E+02   -1.000008402730E+00    7.279987463764E-04    6.551554156165E-03    1.819637304787E-02    3.565799191877E-02    5.893000260162E-02    8.800436084079E-02    1.228717451566E-01    1.635219333892E-01    2.099441677198E-01    2.621274855263E-01    3.200610013552E-01    3.837341330111E-01    4.531367711958E-01    5.282593967757E-01    6.090931525737E-01    6.956298778422E-01    7.878621136771E-01    8.857830869811E-01    9.893866795352E-01
    1.067151086734E+02   -1.000008172646E+00    7.077889440434E-04    6.369695407178E-03    1.769137117861E-02    3.466865110340E-02    5.729554815940E-02    8.556453453642E-02    1.194668697531E-01    1.589929465990E-01    2.041326284750E-01    2.548755573306E-01    3.112114183439E-01    3.731301543633E-01    4.406221289696E-01    5.136782413270E-01    5.922899987001E-01    6.764495538227E-01    7.661497145433E-01    8.613839326990E-01    9.621462782928E-01
    1.081921168224E+02   -1.000007950100E+00    6.882778262156E-04    6.194122633081E-03    1.720381844876E-02    3.371347674117E-02    5.571750161628E-02    8.320884598261E-02    1.161793116718E-01    1.546198673375E-01    1.985209602193E-01    2.478728026807E-01    3.026656205133E-01    3.628898561166E-01    4.285363249534E-01    4.995963276704E-01    5.760617228613E-01    6.579249667798E-01    7.451791266624E-01    8.378178739967E-01    9.358354633508E-01
    1.096792762302E+02   -1.000007735525E+00    6.694365171542E-04    6.024576128034E-03    1.673299440422E-02    3.279105941970E-02    5.419353868919E-02    8.093383274661E-02    1.130042497654E-01    1.503962977559E-01    1.931009727022E-01    2.411090251330E-01    2.944111929388E-01    3.529983936947E-01    4.168618745277E-01    4.859933212552E-01    5.603849309768E-01    6.400294536384E-01    7.249202085262E-01    8.150510814525E-01    9.104165078122E-01
    1.111765868967E+02   -1.000007528514E+00    6.512375280732E-04    5.860808653476E-03    1.627821314054E-02    3.190005721665E-02    5.272144619644E-02    7.873619757449E-02    1.099370924112E-01    1.463161439714E-01    1.878648640399E-01    2.345745108702E-01    2.864363073774E-01    3.434416230196E-01    4.055821171375E-01    4.728498449118E-01    5.452373294247E-01    6.227376046353E-01    7.053442345838E-01    7.930513140544E-01    8.858534554612E-01
    1.126840488220E+02   -1.000007328969E+00    6.336546812660E-04    5.702584756779E-03    1.583882141777E-02    3.103919202550E-02    5.129911602497E-02    7.661279944745E-02    1.069734651186E-01    1.423735997002E-01    1.828051998529E-01    2.282600028300E-01    2.787296908736E-01    3.342060630809E-01    3.946811723079E-01    4.601474277963E-01    5.305976663965E-01    6.060251965630E-01    6.864238198515E-01    7.717878346517E-01    8.621120265329E-01
    1.142016620060E+02   -1.000007134668E+00    6.166630389763E-04    5.549680132326E-03    1.541419689241E-02    3.020724610867E-02    4.992453946977E-02    7.456064518751E-02    1.041091988951E-01    1.385631308864E-01    1.779148936715E-01    2.221566764015E-01    2.712805962646E-01    3.252788607651E-01    3.841438983136E-01    4.478684574132E-01    5.164456767835E-01    5.898691300298E-01    6.681328490544E-01    7.512313304864E-01    8.391595291415E-01
    1.157294264488E+02   -1.000006946971E+00    6.002388364199E-04    5.401881019888E-03    1.500374645238E-02    2.940305885101E-02    4.859580190112E-02    7.257688154777E-02    1.013403192810E-01    1.348794612155E-01    1.731871884656E-01    2.162561165148E-01    2.640787743735E-01    3.166477576989E-01    3.739558532152E-01    4.359961343869E-01    5.027620302245E-01    5.742473703225E-01    6.504464098428E-01    7.313538383001E-01    8.169647758138E-01
    1.172673421504E+02   -1.000006765718E+00    5.843594190851E-04    5.258983641288E-03    1.460690465775E-02    2.862552371869E-02    4.731107776786E-02    7.065878779923E-02    9.866303607090E-02    1.313175585284E-01    1.686156393186E-01    2.105502961450E-01    2.571144479159E-01    3.083010591289E-01    3.641032582827E-01    4.245144299982E-01    4.895282823231E-01    5.591388918702E-01    6.333407300677E-01    7.121286739845E-01    7.954980050788E-01
    1.188154091107E+02   -1.000006589206E+00    5.690031836703E-04    5.120793669850E-03    1.422313227190E-02    2.787358539414E-02    4.606862588924E-02    6.880376874404E-02    9.607373362342E-02    1.278726220132E-01    1.641940970913E-01    2.050315560432E-01    2.503782868938E-01    3.002276045745E-01    3.545729635041E-01    4.134080461431E-01    4.767268286483E-01    5.445236258801E-01    6.167931186409E-01    6.935303662569E-01    7.747308075463E-01
    1.203736273297E+02   -1.000006419119E+00    5.541495224730E-04    4.987125730717E-03    1.385191487816E-02    2.714623707709E-02    4.486678501871E-02    6.700934813138E-02    9.356896172866E-02    1.245400701314E-01    1.599166930205E-01    1.996925856242E-01    2.438613853919E-01    2.924167401538E-01    3.453524150587E-01    4.026623775710E-01    4.643408613570E-01    5.303824109570E-01    6.007819097683E-01    6.755345941194E-01    7.546360562069E-01
    1.219419968076E+02   -1.000006255561E+00    5.397787712449E-04    4.857802932262E-03    1.349276158212E-02    2.644251795253E-02    4.370396968115E-02    6.527316247738E-02    9.114542703342E-02    1.213155292783E-01    1.557778242513E-01    1.945264050100E-01    2.375552397735E-01    2.848582925728E-01    3.364296247413E-01    3.922634763851E-01    4.523543284065E-01    5.166969466689E-01    5.852864105024E-01    6.581181280364E-01    7.351878408681E-01
    1.235205175441E+02   -1.000006095899E+00    5.258721600212E-04    4.732656424349E-03    1.314520378840E-02    2.576151080331E-02    4.257866624727E-02    6.359295523620E-02    8.879998495225E-02    1.181948230853E-01    1.517721401852E-01    1.895263480845E-01    2.314517281029E-01    2.775425445774E-01    3.277931411059E-01    3.821980185369E-01    4.407518950623E-01    5.034497497239E-01    5.702868512490E-01    6.412587744249E-01    7.163614062860E-01
    1.251091895395E+02   -1.000005941185E+00    5.124117667303E-04    4.611524981370E-03    1.280879404574E-02    2.510233975597E-02    4.148942922641E-02    6.196657129452E-02    8.652963202645E-02    1.151739623123E-01    1.478945295819E-01    1.846860464815E-01    2.255430907005E-01    2.704602117564E-01    3.194320221963E-01    3.724532721669E-01    4.295189075256E-01    4.906241125650E-01    5.557643390043E-01    6.249353232138E-01    6.981330937211E-01
    1.267080127935E+02   -1.000005792006E+00    4.993804736528E-04    4.494254610922E-03    1.248310496303E-02    2.446416816461E-02    4.043487778576E-02    6.039195180105E-02    8.433149874596E-02    1.122491353509E-01    1.441401084362E-01    1.799994145324E-01    2.198219118590E-01    2.636024207258E-01    3.113358098985E-01    3.630170678208E-01    4.186413587130E-01    4.782040644076E-01    5.417008133477E-01    6.091274984842E-01    6.804802859223E-01
    1.283169873064E+02   -1.000005646830E+00    4.867619263353E-04    4.380698184642E-03    1.216772818662E-02    2.384619661406E-02    3.941369246509E-02    5.886712928563E-02    8.220284277239E-02    1.094166992562E-01    1.405042085292E-01    1.754606350500E-01    2.142811025744E-01    2.569606885226E-01    3.034945057122E-01    3.538777703158E-01    4.081058559299E-01    4.661743344362E-01    5.280790048724E-01    5.938159118478E-01    6.633813551631E-01
    1.299361130780E+02   -1.000005505584E+00    4.745404948010E-04    4.270715089477E-03    1.186227343417E-02    2.324766103331E-02    3.842461207263E-02    5.739022304675E-02    8.014104253382E-02    1.066731712703E-01    1.369823666052E-01    1.710641458872E-01    2.089138842182E-01    2.505269031206E-01    2.958985478426E-01    3.450242521385E-01    3.978995903069E-01    4.545203170061E-01    5.148823958839E-01    5.789820183691E-01    6.468156141162E-01
    1.315653901083E+02   -1.000005370223E+00    4.627012370024E-04    4.164170899227E-03    1.156636758452E-02    2.266783091800E-02    3.746643075985E-02    5.595943480424E-02    7.814359118648E-02    1.040152208295E-01    1.335703141653E-01    1.668046272600E-01    2.037137731340E-01    2.442933050490E-01    2.885387895859E-01    3.364458683441E-01    3.880103079565E-01    4.432280388049E-01    5.020951833079E-01    5.646080749648E-01    6.307632694866E-01
    1.332048183974E+02   -1.000005238470E+00    4.512298644248E-04    4.060937065365E-03    1.127965382093E-02    2.210600765697E-02    3.653799526691E-02    5.457304460462E-02    7.620809092650E-02    1.014396620330E-01    1.302639678478E-01    1.626769897983E-01    1.986745661182E-01    2.382524700609E-01    2.814064789476E-01    3.281324328836E-01    3.784262827702E-01    4.322841278766E-01    4.897022437017E-01    5.506771011582E-01    6.152053782667E-01
    1.348543979453E+02   -1.000005110128E+00    4.401127094711E-04    3.960890623796E-03    1.100179081847E-02    2.156152294481E-02    3.563820230953E-02    5.322940693643E-02    7.433224759277E-02    9.894344649717E-02    1.270594203016E-01    1.586763632067E-01    1.937903266406E-01    2.323972926886E-01    2.744932393041E-01    3.200741961457E-01    3.691362906122E-01    4.216757842404E-01    4.776891000685E-01    5.371728418614E-01    6.001238062569E-01
    1.365141287519E+02   -1.000004986099E+00    4.293366947385E-04    3.863913918793E-03    1.073245197880E-02    2.103373728694E-02    3.476599611782E-02    5.192694707067E-02    7.251386558154E-02    9.652365662106E-02    1.239529315816E-01    1.547980855749E-01    1.890553718529E-01    2.267209707337E-01    2.677910511617E-01    3.122618237698E-01    3.601295849723E-01    4.113907521676E-01    4.660418905422E-01    5.240797322515E-01    5.855011889157E-01
    1.381840108173E+02   -1.000004864265E+00    4.188893040673E-04    3.769894342543E-03    1.047132470834E-02    2.052203858909E-02    3.392036611347E-02    5.066415760657E-02    7.075084304553E-02    9.417749922735E-02    1.209409210246E-01    1.510376932801E-01    1.844642603152E-01    2.212169906155E-01    2.612922349229E-01    3.046863766274E-01    3.513958739588E-01    4.014172939823E-01    4.547473387931E-01    5.113828645755E-01    5.713208943592E-01
    1.398640441414E+02   -1.000004748771E+00    4.087585549966E-04    3.678724087681E-03    1.021810973226E-02    2.002584081687E-02    3.310034470246E-02    4.943959518874E-02    6.904116733103E-02    9.190229951852E-02    1.180199595259E-01    1.473909113904E-01    1.800117803312E-01    2.158791134456E-01    2.549894345081E-01    2.973392917987E-01    3.429252984381E-01    3.917441651718E-01    4.437927259139E-01    4.990679566200E-01    5.575669882208E-01
    1.415542287243E+02   -1.000004635470E+00    3.989329730167E-04    3.590299915710E-03    9.972520452475E-03    1.954458274098E-02    3.230500520824E-02    4.825187743249E-02    6.738291070301E-02    8.969549541271E-02    1.151867622998E-01    1.438536446652E-01    1.756929390063E-01    2.107013619604E-01    2.488756019817E-01    2.902123647113E-01    3.347084115034E-01    3.823605910022E-01    4.331658640017E-01    4.871213220743E-01    5.442242006112E-01
    1.432545645660E+02   -1.000004524511E+00    3.894015669175E-04    3.504522935388E-03    9.734282333287E-03    1.907772673648E-02    3.153345989389E-02    4.709967998166E-02    6.577422625471E-02    8.755463212429E-02    1.124381819533E-01    1.404219689463E-01    1.715029517813E-01    2.056780080260E-01    2.429439828555E-01    2.832977320681E-01    3.267361588559E-01    3.732562441808E-01    4.228550709267E-01    4.755298422345E-01    5.312778945836E-01
    1.449650516664E+02   -1.000004417416E+00    3.801538056443E-04    3.421298394598E-03    9.503132324322E-03    1.862475765481E-02    3.078485810383E-02    4.598173374350E-02    6.421334406237E-02    8.547735706807E-02    1.097712019716E-01    1.370921230588E-01    1.674372325848E-01    2.008035608773E-01    2.371881022507E-01    2.765878557716E-01    3.189998603264E-01    3.644212238117E-01    4.128491465591E-01    4.642809393351E-01    5.187140364072E-01
    1.466856900255E+02   -1.000004313231E+00    3.711795963928E-04    3.340535483446E-03    9.278818314542E-03    1.818518175641E-02    3.005838450518E-02    4.489682227169E-02    6.269856754557E-02    8.346141503526E-02    1.071829305507E-01    1.338605011423E-01    1.634913845072E-01    1.960727559797E-01    2.316017517935E-01    2.700755076963E-01    3.114911923720E-01    3.558460354613E-01    4.031373502476E-01    4.533625512867E-01    5.065191674065E-01
    1.484164796434E+02   -1.000004211753E+00    3.624692638182E-04    3.262147147240E-03    9.061098613691E-03    1.775852569693E-02    2.935325741727E-02    4.384377928019E-02    6.122827000922E-02    8.150464360990E-02    1.046705947364E-01    1.307236453637E-01    1.596611909382E-01    1.914805444446E-01    2.261789771607E-01    2.637537552201E-01    3.042021714447E-01    3.475215722179E-01    3.937093794236E-01    4.427631076763E-01    4.946803772113E-01
    1.501574205201E+02   -1.000004114736E+00    3.540135303615E-04    3.186049909625E-03    8.849741461791E-03    1.734433556820E-02    2.866872723113E-02    4.282148629085E-02    5.980089137113E-02    7.960496883076E-02    1.022315348771E-01    1.276782390188E-01    1.559426071764E-01    1.870220830069E-01    2.209140662871E-01    2.576159475206E-01    2.971251382391E-01    3.394390967515E-01    3.845553493328E-01    4.324715070320E-01    4.831852784133E-01
    1.519085126555E+02   -1.000004019966E+00    3.458034976733E-04    3.112163705550E-03    8.644524565937E-03    1.694217599244E-02    2.800407491672E-02    4.182887041107E-02    5.841493507013E-02    7.776040109174E-02    9.986319938064E-02    1.247211000100E-01    1.523317524960E-01    1.826927245477E-01    2.158015382112E-01    2.516557026139E-01    2.902527427915E-01    3.315902243405E-01    3.756657738587E-01    4.224770953099E-01    4.720219825851E-01
    1.536697560497E+02   -1.000003926687E+00    3.378306289259E-04    3.040411722141E-03    8.445234658984E-03    1.655162925930E-02    2.735861060044E-02    4.086490221624E-02    5.706896511966E-02    7.596903123517E-02    9.756313971699E-02    1.218491746318E-01    1.488249025867E-01    1.784880090634E-01    2.108361324486E-01    2.458668950051E-01    2.835779302831E-01    3.239669067041E-01    3.670315472568E-01    4.127696454056E-01    4.611790774416E-01
    1.554411507027E+02   -1.000003837051E+00    3.300867320728E-04    2.970720248218E-03    8.251667082142E-03    1.617229450956E-02    2.673167221952E-02    3.992859374620E-02    5.576160331970E-02    7.422902685453E-02    9.532900568925E-02    1.190595316875E-01    1.454184823962E-01    1.744036551140E-01    2.060127989263E-01    2.402436439917E-01    2.770939275933E-01    3.165614166850E-01    3.586439268496E-01    4.033393377412E-01    4.506456052012E-01
    1.572226966144E+02   -1.000003748812E+00    3.225639440509E-04    2.903018532179E-03    8.063625390827E-03    1.580378696417E-02    2.612262425110E-02    3.901899661262E-02    5.449152662274E-02    7.253862880073E-02    9.315854096354E-02    1.163493569277E-01    1.421090593632E-01    1.704355517369E-01    2.013266884655E-01    2.347803026011E-01    2.707942305794E-01    3.093663337591E-01    3.504945166530E-01    3.941767418957E-01    4.404110421057E-01
    1.590143937848E+02   -1.000003662283E+00    3.152547156813E-04    2.837238646224E-03    7.880920978008E-03    1.544573718760E-02    2.553085649761E-02    3.813520019038E-02    5.325746461639E-02    7.089614784329E-02    9.104957879729E-02    1.137159477359E-01    1.388933369511E-01    1.665797507209E-01    1.967731436872E-01    2.294714470215E-01    2.646725919255E-01    3.023745301960E-01    3.425752517401E-01    3.852727990654E-01    4.304652788700E-01
    1.608162422140E+02   -1.000003580580E+00    3.081517973997E-04    2.773315358048E-03    7.703372718312E-03    1.509779039165E-02    2.495578293891E-02    3.727632990784E-02    5.205819714357E-02    6.929996151325E-02    8.900003799956E-02    1.111567081015E-01    1.357681485306E-01    1.628324592956E-01    1.923476904068E-01    2.243118665996E-01    2.587230096419E-01    2.955791579569E-01    3.348783834374E-01    3.766188054551E-01    4.207986021667E-01
    1.626282419020E+02   -1.000003498439E+00    3.012482257982E-04    2.711186009715E-03    7.530806631988E-03    1.475960577807E-02    2.439684064819E-02    3.644154563214E-02    5.089255205434E-02    6.774851112051E-02    8.700791911364E-02    1.086691438689E-01    1.327304515975E-01    1.591900332206E-01    1.880460294973E-01    2.192965543808E-01    2.529397161856E-01    2.889736363004E-01    3.273964653175E-01    3.682063965622E-01    4.114016771035E-01
    1.644503928487E+02   -1.000003421130E+00    2.945373106267E-04    2.650790400838E-03    7.363055560849E-03    1.443085590464E-02    2.385348874665E-02    3.563004011211E-02    4.975940303837E-02    6.624029887817E-02    8.507130073731E-02    1.062508581589E-01    1.297773222004E-01    1.556489701260E-01    1.838640290510E-01    2.144206980004E-01    2.473171679880E-01    2.825516398539E-01    3.201223397234E-01    3.600275320610E-01    4.022655303764E-01
    1.662826950542E+02   -1.000003344638E+00    2.880126227269E-04    2.592070680004E-03    7.199958867024E-03    1.411122609573E-02    2.332520743130E-02    3.484103752985E-02    4.865766760780E-02    6.477388522567E-02    8.318833609593E-02    1.038995471025E-01    1.269059497470E-01    1.522059033044E-01    1.797977170678E-01    2.096796711802E-01    2.418500356749E-01    2.763070874690E-01    3.130491251719E-01    3.520744816664E-01    3.933815345058E-01
    1.681251485184E+02   -1.000003268302E+00    2.816679823432E-04    2.534971239654E-03    7.041362141318E-03    1.380041387173E-02    2.281149703391E-02    3.407379209882E-02    4.758630514524E-02    6.334788623855E-02    8.135724972722E-02    1.016129957143E-01    1.241136319821E-01    1.488575957071E-01    1.758432743881E-01    2.050690255153E-01    2.365331946207E-01    2.702341314619E-01    3.061702041963E-01    3.443398114967E-01    3.847413926352E-01
    1.699777532414E+02   -1.000003196230E+00    2.754974481030E-04    2.479438616937E-03    6.887116928135E-03    1.349812841080E-02    2.231187713321E-02    3.332758674089E-02    4.654431506147E-02    6.196097118340E-02    7.957633435110E-02    9.938907399650E-02    1.213977702438E-01    1.456009342742E-01    1.719970280152E-01    2.005844827090E-01    2.313617160199E-01    2.643271474402E-01    2.994792118499E-01    3.368163711740E-01    3.763371241500E-01
    1.718405092231E+02   -1.000003124925E+00    2.694953066100E-04    2.425421400161E-03    6.737080465903E-03    1.320409004093E-02    2.182588571690E-02    3.260173183777E-02    4.553073505619E-02    6.061186020928E-02    7.784394791376E-02    9.722573325806E-02    1.187558649817E-01    1.424329245758E-01    1.682554448048E-01    1.962219272354E-01    2.263308584454E-01    2.585807246833E-01    2.929700248335E-01    3.294972816230E-01    3.681610510729E-01
    1.737134164636E+02   -1.000003056226E+00    2.636560624132E-04    2.372870138508E-03    6.591115436552E-03    1.291802974969E-02    2.135307837302E-02    3.189556402589E-02    4.454463943974E-02    5.929932212013E-02    7.615851073575E-02    9.512100256440E-02    1.161855114353E-01    1.393506856446E-01    1.646151253801E-01    1.919773992650E-01    2.214360597133E-01    2.529896568745E-01    2.866367510226E-01    3.223759233226E-01    3.602057849665E-01
    1.755964749629E+02   -1.000002986947E+00    2.579744285975E-04    2.321737257392E-03    6.449089730658E-03    1.263968872464E-02    2.089302753155E-02    3.120844506624E-02    4.358513755861E-02    5.802217228448E-02    7.451850283524E-02    9.307298540414E-02    1.136843955739E-01    1.363514451224E-01    1.610727984144E-01    1.878470880152E-01    2.166729292340E-01    2.475489333836E-01    2.804737196137E-01    3.154459252475E-01    3.524642146034E-01
    1.774896847209E+02   -1.000002920945E+00    2.524453176991E-04    2.271976976812E-03    6.310876220860E-03    1.236881790989E-02    2.044532173297E-02    3.053976075410E-02    4.265137227674E-02    5.677927061944E-02    7.292246134644E-02    9.107985647462E-02    1.112502901833E-01    1.334325345797E-01    1.576253151200E-01    1.838273253430E-01    2.120372406421E-01    2.422537308699E-01    2.744754716359E-01    3.087011542225E-01    3.449294940971E-01
    1.793930457377E+02   -1.000002853353E+00    2.470638332279E-04    2.223545234991E-03    6.176352549974E-03    1.210517759134E-02    2.000956494378E-02    2.988891989893E-02    4.174251855419E-02    5.556951970335E-02    7.136897810222E-02    8.913985867108E-02    1.088810511979E-01    1.305913851300E-01    1.542696440809E-01    1.799145797339E-01    2.075249248809E-01    2.370994054004E-01    2.686367510396E-01    3.021357049213E-01    3.375950317501E-01
    1.813065580132E+02   -1.000002790103E+00    2.418252613967E-04    2.176399614072E-03    6.045400924772E-03    1.184853699318E-02    1.958537589069E-02    2.925535333183E-02    4.085778206444E-02    5.439186294003E-02    6.985669728332E-02    8.725130015928E-02    1.065746141367E-01    1.278255231671E-01    1.510028662329E-01    1.761054504657E-01    2.031320634896E-01    2.320814848011E-01    2.629524960543E-01    2.957438901706E-01    3.304544792439E-01
    1.832302215475E+02   -1.000002727191E+00    2.367250634645E-04    2.130499271162E-03    5.917907924626E-03    1.159867390319E-02    1.917238744239E-02    2.863851298393E-02    3.999639791000E-02    5.324528285310E-02    6.838431323312E-02    8.541255165329E-02    1.043289907864E-01    1.251325663984E-01    1.478221701893E-01    1.723966621701E-01    1.988548823455E-01    2.271956615237E-01    2.574178311228E-01    2.895202318964E-01    3.235017215423E-01
    1.851640363405E+02   -1.000002663941E+00    2.317588682681E-04    2.085804871170E-03    5.793764315124E-03    1.135537430803E-02    1.877024600757E-02    2.803787098901E-02    3.915762937210E-02    5.212879942566E-02    6.695056833106E-02    8.362204376692E-02    1.021422659757E-01    1.225102199866E-01    1.447248476967E-01    1.687850595483E-01    1.946897455854E-01    2.224377857187E-01    2.520280590730E-01    2.834594523405E-01    3.167308670989E-01
    1.871080023923E+02   -1.000002603633E+00    2.269224651676E-04    2.042278523411E-03    5.672864872100E-03    1.111843204869E-02    1.837861096643E-02    2.745291883590E-02    3.834076672948E-02    5.104146853158E-02    6.555425098307E-02    8.187826451025E-02    1.000125945260E-01    1.199562729024E-01    1.417082893373E-01    1.652676023721E-01    1.906331498537E-01    2.178038586801E-01    2.467786537079E-01    2.775564657447E-01    3.101362385834E-01
    1.890621197028E+02   -1.000002543648E+00    2.222117973858E-04    1.999883721574E-03    5.555108215031E-03    1.088764849444E-02    1.799715413238E-02    2.688316656590E-02    3.754512613984E-02    4.998238044975E-02    6.419419371791E-02    8.017975691810E-02    9.793819836170E-02    1.174685944672E-01    1.387699804557E-01    1.618413607452E-01    1.866817188498E-01    2.132900266298E-01    2.416652527779E-01    2.718063704625E-01    3.037123640856E-01
    1.910263882721E+02   -1.000002482376E+00    2.176229555684E-04    1.958585285856E-03    5.440396646430E-03    1.066283222833E-02    1.762555923309E-02    2.632814199904E-02    3.677004856145E-02    4.895065843182E-02    6.286927135223E-02    7.852511676388E-02    9.591736372513E-02    1.150451310222E-01    1.359074972340E-01    1.585035105377E-01    1.828321980750E-01    2.088925747304E-01    2.366836512135E-01    2.662044413653E-01    2.974539686470E-01
    1.930008081002E+02   -1.000002422607E+00    2.131521716684E-04    1.918349307950E-03    5.328635999161E-03    1.044379874832E-02    1.726352141717E-02    2.578738999842E-02    3.601489872785E-02    4.794545734026E-02    6.157839924556E-02    7.691299038558E-02    9.394843852792E-02    1.126839027594E-01    1.331185029577E-01    1.552513290422E-01    1.790814498346E-01    2.046079213887E-01    2.318297946853E-01    2.607461226142E-01    2.913559662009E-01
    1.949853791870E+02   -1.000002362965E+00    2.087958131662E-04    1.879143099005E-03    5.219735491990E-03    1.023037018448E-02    1.691074678732E-02    2.526047177402E-02    3.527906417734E-02    4.696596235905E-02    6.032053164804E-02    7.534207262682E-02    9.202982984200E-02    1.103830007194E-01    1.304007444779E-01    1.520821908576E-01    1.754264485005E-01    2.004326128547E-01    2.270997734973E-01    2.554270208055E-01    2.854134519280E-01
    1.969801015326E+02   -1.000002303663E+00    2.045503774937E-04    1.840935139489E-03    5.113607590408E-03    1.002237502648E-02    1.656695195053E-02    2.474696421201E-02    3.456195431810E-02    4.601138775175E-02    5.909466010904E-02    7.381110485393E-02    9.016000148343E-02    1.081405839007E-01    1.277520488051E-01    1.489935639261E-01    1.718642759510E-01    1.963633180232E-01    2.224898167106E-01    2.502428983759E-01    2.796216949017E-01
    1.989849751369E+02   -1.000002244358E+00    2.004124867456E-04    1.803695031611E-03    5.010167874587E-03    9.819647865091E-03    1.623186359129E-02    2.424645923818E-02    3.386299954080E-02    4.508097568249E-02    5.789981196617E-02    7.231887307295E-02    8.833747171778E-02    1.059548765144E-01    1.251703198729E-01    1.459830057678E-01    1.683921172374E-01    1.923968234947E-01    2.179962865581E-01    2.451896673327E-01    2.739761310960E-01
    2.010000000000E+02   -1.000002185034E+00    1.963788826256E-04    1.767393453838E-03    4.909334913104E-03    9.622029144907E-03    1.590521806346E-02    2.375856320925E-02    3.318165036997E-02    4.417399508854E-02    5.673504890030E-02    7.086420612894E-02    8.656081106554E-02    1.038241653575E-01    1.226535354429E-01    1.430481598800E-01    1.650072564396E-01    1.885300288495E-01    2.136156731022E-01    2.402633832576E-01    2.684723566982E-01
