   1.0000000000000002E-003   7.5062179667513584     
   5.9948425031894105E-003   7.5059236487690635     
   3.5938136638046285E-002   7.5041594663214966     
  0.21544346900318853        7.4935909241773988     
   1.2915496650148848        7.4305013101795332     
   7.7426368268112808        7.0617316924982614     
   46.415888336127850        5.1593747506032237     
   278.25594022071277       0.43634384881111815     
   1668.1005372000604        2.7784698740456002E-002
   10000.000000000009        1.9044576189215644E-002
