          20         400  0.50000000000000000        2.0000000000000000     
  1  1       0.00       2.00       3.00 **VQfit parameters
  -1.000013615895E+00   2.654064719355E-01  -1.172222270220E+00      4.777E-09
  1  2       2.00       3.00       4.00 **VQfit parameters
   4.410209930782E-03  -7.341428856447E-01  -2.822145079373E+00      1.198E-10
  1  2       1.00       2.00       3.00 **PmatFit parameters
  -3.853204552834E-03   1.072334608725E+00   3.178187294844E+01      9.034E-09
  1  3       2.00       3.00       4.00 **VQfit parameters
  -1.863322550476E-02   2.936813695006E+00  -2.237547000703E+01      7.796E-10
  1  3       1.00       2.00       3.00 **PmatFit parameters
   2.267958155057E-02  -4.601732092180E+00  -4.456838815998E+01      8.567E-08
  1  4       2.00       3.00       4.00 **VQfit parameters
  -3.530655322733E-02   5.784440682757E+00  -9.314299637294E+01      7.083E-10
  1  4       1.00       2.00       3.00 **PmatFit parameters
   5.806247183287E-02  -1.043985932563E+01   4.172440991194E+01      2.049E-07
  1  5       2.00       3.00       4.00 **VQfit parameters
   3.566177114431E-02  -7.217413877385E+00   1.573997338023E+02      2.290E-09
  1  5       1.00       2.00       3.00 **PmatFit parameters
  -8.993182213381E-02   1.657017253111E+01  -1.849571504846E+02      2.073E-07
  1  6       2.00       3.00       4.00 **VQfit parameters
   9.962377300713E-03  -5.823081875430E+00   1.654754755135E+02      7.223E-09
  1  6       1.00       2.00       3.00 **PmatFit parameters
  -9.589779689935E-02   2.038746244377E+01  -3.116796510471E+02      2.537E-08
  1  7       2.00       3.00       4.00 **VQfit parameters
  -3.228405599461E-02  -2.174001884916E+00   1.150609807191E+02      1.096E-08
  1  7       1.00       2.00       3.00 **PmatFit parameters
  -6.983780634544E-02   2.079535926149E+01  -3.778134341666E+02      2.801E-07
  1  8       2.00       3.00       4.00 **VQfit parameters
  -7.395233375334E-02   2.138277599430E+00   3.555837753549E+01      1.158E-08
  1  8       1.00       2.00       3.00 **PmatFit parameters
  -2.037078006444E-02   1.828450054312E+01  -3.793635898607E+02      5.617E-07
  1  9       2.00       3.00       4.00 **VQfit parameters
   1.029508474937E-01  -5.791662319340E+00   4.271250755980E+01      9.401E-09
  1  9       1.00       2.00       3.00 **PmatFit parameters
  -3.912759059216E-02  -1.402313074271E+01   3.341991357200E+02      7.500E-07
  1 10       2.00       3.00       4.00 **VQfit parameters
  -1.155580922013E-01   8.195107266433E+00  -1.028118521711E+02      5.798E-09
  1 10       1.00       2.00       3.00 **PmatFit parameters
   9.763188697316E-02   9.116160952688E+00  -2.639858537387E+02      8.287E-07
  1 11       2.00       3.00       4.00 **VQfit parameters
  -1.137411342979E-01   9.330002100898E+00  -1.403623377224E+02      2.066E-09
  1 11       1.00       2.00       3.00 **PmatFit parameters
   1.486160646088E-01   4.318038157379E+00  -1.855742272185E+02      8.177E-07
  1 12       2.00       3.00       4.00 **VQfit parameters
   1.016074699870E-01  -9.446930302909E+00   1.578936543792E+02      1.247E-09
  1 12       1.00       2.00       3.00 **PmatFit parameters
  -1.893964673581E-01  -3.551162705046E-02   1.094022323625E+02      7.469E-07
  1 13       2.00       3.00       4.00 **VQfit parameters
   8.316515733958E-02  -8.849343124791E+00   1.601707324022E+02      3.549E-09
  1 13       1.00       2.00       3.00 **PmatFit parameters
  -2.197233276938E-01   3.570015712180E+00   4.082026933636E+01      6.430E-07
  1 14       2.00       3.00       4.00 **VQfit parameters
  -6.143247892335E-02   7.792377241257E+00  -1.517262114190E+02      5.103E-09
  1 14       1.00       2.00       3.00 **PmatFit parameters
   2.405783241816E-01  -6.479867661430E+00   1.807565141543E+01      5.251E-07
  1 15       2.00       3.00       4.00 **VQfit parameters
   3.832445355346E-02  -6.455671340933E+00   1.359903887712E+02      6.009E-09
  1 15       1.00       2.00       3.00 **PmatFit parameters
  -2.534006848807E-01   8.745469834392E+00  -6.699412794863E+01      4.052E-07
  1 16       2.00       3.00       4.00 **VQfit parameters
  -1.482580394237E-02   4.948492419547E+00  -1.152043806957E+02      6.406E-09
  1 16       1.00       2.00       3.00 **PmatFit parameters
   2.596718563981E-01  -1.044526366361E+01   1.065189134991E+02      2.900E-07
  1 17       2.00       3.00       4.00 **VQfit parameters
  -8.845026494535E-03  -3.320514119397E+00   9.055217621015E+01      6.395E-09
  1 17       1.00       2.00       3.00 **PmatFit parameters
  -2.607307820624E-01   1.166235119813E+01  -1.375852460456E+02      1.829E-07
  1 18       2.00       3.00       4.00 **VQfit parameters
   3.330651065642E-02   1.559545212121E+00  -6.212417404780E+01      6.012E-09
  1 18       1.00       2.00       3.00 **PmatFit parameters
   2.577158341009E-01  -1.247449082570E+01   1.612149601271E+02      8.622E-08
  1 19       2.00       3.00       4.00 **VQfit parameters
   6.090694871013E-02  -4.630917857426E-01  -2.801919819981E+01      5.190E-09
  1 19       1.00       2.00       3.00 **PmatFit parameters
   2.515669289467E-01  -1.295063116119E+01   1.783977230498E+02      2.145E-08
  1 20       2.00       3.00       4.00 **VQfit parameters
  -1.020287140071E-01   3.391336410195E+00  -2.228581833345E+01      3.474E-09
  1 20       1.00       2.00       3.00 **PmatFit parameters
  -2.430508507860E-01   1.315051520553E+01  -1.900468787919E+02      8.557E-08
  2  2       0.00       2.00       3.00 **VQfit parameters
   7.272052508080E-06   7.708822679977E+00   3.265859141488E+01      6.157E-09
  2  3       2.00       3.00       4.00 **VQfit parameters
  -2.350091869413E-03   3.287176263776E-01  -2.040718188751E+01      1.951E-10
  2  3       1.00       2.00       3.00 **PmatFit parameters
  -6.601026466713E-04   1.422290221964E+00  -1.617548523862E+00      2.756E-09
  2  4       2.00       3.00       4.00 **VQfit parameters
  -1.531233832182E-03   2.744209394865E-01  -1.927905312054E+01      3.391E-11
  2  4       1.00       2.00       3.00 **PmatFit parameters
  -4.509204286642E-04   8.123125189498E-01  -2.672379737052E+00      5.296E-10
  2  5       2.00       3.00       4.00 **VQfit parameters
  -7.571235429515E-04  -4.128661121936E-02   1.413637822229E+01      3.813E-10
  2  5       1.00       2.00       3.00 **PmatFit parameters
   2.081510609767E-05  -5.457835458109E-01   2.224819454222E+00      2.376E-09
  2  6       2.00       3.00       4.00 **VQfit parameters
  -3.328678574420E-03   2.495114732039E-01   6.516694864041E+00      6.238E-10
  2  6       1.00       2.00       3.00 **PmatFit parameters
  -4.116390821079E-04  -3.775183120586E-01   1.211640884460E+00      3.801E-09
  2  7       2.00       3.00       4.00 **VQfit parameters
  -5.257592135663E-03   4.944324623705E-01  -8.914541251484E-01      6.712E-10
  2  7       1.00       2.00       3.00 **PmatFit parameters
  -6.325847049380E-04  -2.717992538386E-01   3.866330710218E-01      2.737E-09
  2  8       2.00       3.00       4.00 **VQfit parameters
  -6.196659392055E-03   6.463633823550E-01  -6.540908988668E+00      5.572E-10
  2  8       1.00       2.00       3.00 **PmatFit parameters
  -5.628366662366E-04  -2.182337905611E-01   1.556175491796E-01      4.386E-10
  2  9       2.00       3.00       4.00 **VQfit parameters
   6.217451197705E-03  -7.027769630565E-01   1.001007282074E+01      3.575E-10
  2  9       1.00       2.00       3.00 **PmatFit parameters
   2.518238346070E-04   2.047522616724E-01  -5.647180185374E-01      3.909E-09
  2 10       2.00       3.00       4.00 **VQfit parameters
  -5.572205246580E-03   6.831167663412E-01  -1.152430474600E+01      1.397E-10
  2 10       1.00       2.00       3.00 **PmatFit parameters
   1.840496518534E-04  -2.161465623341E-01   1.429887706812E+00      6.785E-09
  2 11       2.00       3.00       4.00 **VQfit parameters
  -4.537427722134E-03   6.126212413257E-01  -1.155830270164E+01      6.441E-11
  2 11       1.00       2.00       3.00 **PmatFit parameters
   6.221230171305E-04  -2.376243357761E-01   2.486702669939E+00      8.181E-09
  2 12       2.00       3.00       4.00 **VQfit parameters
   3.343261636574E-03  -5.141927729898E-01   1.061071047506E+01      2.125E-10
  2 12       1.00       2.00       3.00 **PmatFit parameters
  -9.701182810043E-04   2.577080047629E-01  -3.495954788449E+00      7.933E-09
  2 13       2.00       3.00       4.00 **VQfit parameters
   2.154260010981E-03  -4.054877211338E-01   9.104653537168E+00      3.146E-10
  2 13       1.00       2.00       3.00 **PmatFit parameters
  -1.178160989715E-03   2.693158785489E-01  -4.293448369530E+00      6.311E-09
  2 14       2.00       3.00       4.00 **VQfit parameters
  -1.074015965351E-03   2.986543212001E-01  -7.358807226609E+00      3.713E-10
  2 14       1.00       2.00       3.00 **PmatFit parameters
   1.234615925202E-03  -2.694209880452E-01   4.797799036831E+00      3.809E-09
  2 15       2.00       3.00       4.00 **VQfit parameters
   1.582931505587E-04  -2.011735824603E-01   5.592212835795E+00      3.901E-10
  2 15       1.00       2.00       3.00 **PmatFit parameters
  -1.154762745424E-03   2.580073973630E-01  -4.995397049557E+00      1.035E-09
  2 16       2.00       3.00       4.00 **VQfit parameters
   5.706065404513E-04   1.170096634059E-01  -3.942242155834E+00      3.799E-10
  2 16       1.00       2.00       3.00 **PmatFit parameters
   9.686061281552E-04  -2.368933434561E-01   4.917721347088E+00      2.071E-09
  2 17       2.00       3.00       4.00 **VQfit parameters
  -1.111043604302E-03  -4.770844500638E-02   2.485179248556E+00      3.489E-10
  2 17       1.00       2.00       3.00 **PmatFit parameters
  -7.110244814204E-04   2.087368979556E-01  -4.619975172487E+00      4.538E-09
  2 18       2.00       3.00       4.00 **VQfit parameters
   1.470914935348E-03  -6.677664425886E-03  -1.254534681148E+00      3.036E-10
  2 18       1.00       2.00       3.00 **PmatFit parameters
   4.152073369844E-04  -1.763347849650E-01   4.164867364774E+00      6.525E-09
  2 19       2.00       3.00       4.00 **VQfit parameters
   1.654556013161E-03  -4.679116967380E-02  -2.547262801434E-01      2.480E-10
  2 19       1.00       2.00       3.00 **PmatFit parameters
   1.090881339316E-04  -1.422036566875E-01   3.612155927704E+00      7.941E-09
  2 20       2.00       3.00       4.00 **VQfit parameters
  -1.619063958885E-03   7.274164424483E-02  -5.369983945423E-01      1.787E-10
  2 20       1.00       2.00       3.00 **PmatFit parameters
   1.860014805227E-04   1.083810232626E-01  -3.013030570995E+00      8.795E-09
  3  3       0.00       2.00       3.00 **VQfit parameters
   2.257029236453E-05   6.979535359426E+01   2.758912429388E+02      8.930E-09
  3  4       2.00       3.00       4.00 **VQfit parameters
  -1.055523455915E-03  -1.694770711688E-01   5.200442071778E+01      8.715E-10
  3  4       1.00       2.00       3.00 **PmatFit parameters
   3.936508161608E-03  -3.898127748861E+00   2.178353820986E+01      1.246E-08
  3  5       2.00       3.00       4.00 **VQfit parameters
   5.962561170601E-03  -3.163940602516E-01  -3.142657593445E+01      1.562E-09
  3  5       1.00       2.00       3.00 **PmatFit parameters
  -1.385312411509E-03   2.129121415365E+00  -1.436924496064E+01      1.688E-09
  3  6       2.00       3.00       4.00 **VQfit parameters
   1.243843320038E-02  -1.057735931497E+00  -1.007957880201E+01      2.057E-09
  3  6       1.00       2.00       3.00 **PmatFit parameters
   3.751606290848E-04   1.384997496651E+00  -8.956681414765E+00      8.232E-09
  3  7       2.00       3.00       4.00 **VQfit parameters
   1.716471238637E-02  -1.677855586491E+00   9.647295566953E+00      2.037E-09
  3  7       1.00       2.00       3.00 **PmatFit parameters
   1.339338526697E-03   9.661919201324E-01  -5.032848093850E+00      6.948E-09
  3  8       2.00       3.00       4.00 **VQfit parameters
   1.917614380824E-02  -2.042908660825E+00   2.425226913116E+01      1.605E-09
  3  8       1.00       2.00       3.00 **PmatFit parameters
   1.383786029483E-03   7.462713917426E-01  -3.233721790714E+00      9.268E-10
  3  9       2.00       3.00       4.00 **VQfit parameters
  -1.870832116173E-02   2.148726099823E+00  -3.283241927526E+01      9.740E-10
  3  9       1.00       2.00       3.00 **PmatFit parameters
  -6.685855758922E-04  -6.650854775637E-01   3.552365172952E+00      9.973E-09
  3 10       2.00       3.00       4.00 **VQfit parameters
   1.647276294285E-02  -2.050268930969E+00   3.609803718786E+01      3.235E-10
  3 10       1.00       2.00       3.00 **PmatFit parameters
  -4.688954027846E-04   6.701690300488E-01  -5.416312906994E+00      1.792E-08
  3 11       2.00       3.00       4.00 **VQfit parameters
   1.323021038024E-02  -1.817003898837E+00   3.537372757411E+01      2.724E-10
  3 11       1.00       2.00       3.00 **PmatFit parameters
  -1.668965657664E-03   7.147205234297E-01  -8.033814307438E+00      2.200E-08
  3 12       2.00       3.00       4.00 **VQfit parameters
  -9.607927865832E-03   1.511488464987E+00  -3.202662599071E+01      7.032E-10
  3 12       1.00       2.00       3.00 **PmatFit parameters
   2.652619365161E-03  -7.626629710184E-01   1.067679126607E+01      2.155E-08
  3 13       2.00       3.00       4.00 **VQfit parameters
  -6.053375840711E-03   1.181944529644E+00  -2.721498107942E+01      9.943E-10
  3 13       1.00       2.00       3.00 **PmatFit parameters
   3.259943941851E-03  -7.910478486201E-01   1.282690372729E+01      1.719E-08
  3 14       2.00       3.00       4.00 **VQfit parameters
   2.848434428961E-03  -8.616628860225E-01   2.181461947786E+01      1.152E-09
  3 14       1.00       2.00       3.00 **PmatFit parameters
  -3.442500163982E-03   7.890780336893E-01  -1.420639935878E+01      1.022E-08
  3 15       2.00       3.00       4.00 **VQfit parameters
  -1.446268600954E-04   5.712172147770E-01  -1.643077286914E+01      1.200E-09
  3 15       1.00       2.00       3.00 **PmatFit parameters
   3.233316986211E-03  -7.551878530553E-01   1.474111283753E+01      2.484E-09
  3 16       2.00       3.00       4.00 **VQfit parameters
  -1.998565695207E-03  -3.214951109906E-01   1.144430712758E+01      1.162E-09
  3 16       1.00       2.00       3.00 **PmatFit parameters
  -2.712404096926E-03   6.936472834205E-01  -1.449746945398E+01      6.548E-09
  3 17       2.00       3.00       4.00 **VQfit parameters
   3.579075211535E-03   1.166401006762E-01  -7.066002555910E+00      1.063E-09
  3 17       1.00       2.00       3.00 **PmatFit parameters
   1.977692663538E-03  -6.116037668408E-01   1.362020347679E+01      1.371E-08
  3 18       2.00       3.00       4.00 **VQfit parameters
  -4.621287240312E-03   4.341238696410E-02   3.386047977051E+00      9.227E-10
  3 18       1.00       2.00       3.00 **PmatFit parameters
  -1.124923290417E-03   5.169304907594E-01  -1.228334929387E+01      1.952E-08
  3 19       2.00       3.00       4.00 **VQfit parameters
  -5.138017304612E-03   1.606677332570E-01   4.119225417180E-01      7.519E-10
  3 19       1.00       2.00       3.00 **PmatFit parameters
  -2.361768574481E-04   4.168930739919E-01  -1.065751653066E+01      2.368E-08
  3 20       2.00       3.00       4.00 **VQfit parameters
   4.999624136364E-03  -2.353725503930E-01   1.925694893307E+00      5.410E-10
  3 20       1.00       2.00       3.00 **PmatFit parameters
  -6.249236825143E-04  -3.174759690207E-01   8.891477470223E+00      2.620E-08
  4  4       0.00       2.00       3.00 **VQfit parameters
  -1.262529562776E-04   1.957682304412E+02   6.822610635737E+02      1.631E-07
  4  5       2.00       3.00       4.00 **VQfit parameters
   2.541090112899E-02  -2.463579477017E+00  -2.035596593263E+01      3.941E-09
  4  5       1.00       2.00       3.00 **PmatFit parameters
  -7.683004942762E-03   6.440643936654E+00  -6.372090508429E+01      9.083E-09
  4  6       2.00       3.00       4.00 **VQfit parameters
   2.705833871225E-02  -2.621942475257E+00   7.900225533762E+00      3.611E-09
  4  6       1.00       2.00       3.00 **PmatFit parameters
  -1.680521447324E-03   3.307990100130E+00  -3.416115304524E+01      1.045E-08
  4  7       2.00       3.00       4.00 **VQfit parameters
   3.120897680249E-02  -3.230316438902E+00   3.272733103530E+01      3.127E-09
  4  7       1.00       2.00       3.00 **PmatFit parameters
   9.961893024818E-04   2.112728798074E+00  -2.063373513539E+01      1.247E-08
  4  8       2.00       3.00       4.00 **VQfit parameters
   3.224329401498E-02  -3.567322914546E+00   5.032328425456E+01      2.221E-09
  4  8       1.00       2.00       3.00 **PmatFit parameters
   1.786132594078E-03   1.520641801960E+00  -1.360146932516E+01      4.095E-09
  4  9       2.00       3.00       4.00 **VQfit parameters
  -3.009768677298E-02   3.572001335661E+00  -5.966031975050E+01      1.144E-09
  4  9       1.00       2.00       3.00 **PmatFit parameters
  -1.177771611475E-03  -1.249702616310E+00   1.120487133299E+01      9.035E-09
  4 10       2.00       3.00       4.00 **VQfit parameters
   2.570621324321E-02  -3.311113531759E+00   6.182196315299E+01      1.734E-10
  4 10       1.00       2.00       3.00 **PmatFit parameters
  -2.644134385888E-04   1.167185654822E+00  -1.206405513484E+01      2.082E-08
  4 11       2.00       3.00       4.00 **VQfit parameters
   2.010040403995E-02  -2.877605076952E+00   5.865198360370E+01      7.811E-10
  4 11       1.00       2.00       3.00 **PmatFit parameters
  -1.963241967796E-03   1.181039910676E+00  -1.475774371150E+01      2.768E-08
  4 12       2.00       3.00       4.00 **VQfit parameters
  -1.412888094112E-02   2.356099286878E+00  -5.202227611064E+01      1.419E-09
  4 12       1.00       2.00       3.00 **PmatFit parameters
   3.453077710189E-03  -1.224358821493E+00   1.801383866938E+01      2.813E-08
  4 13       2.00       3.00       4.00 **VQfit parameters
  -8.397759413143E-03   1.812391892495E+00  -4.352391409476E+01      1.833E-09
  4 13       1.00       2.00       3.00 **PmatFit parameters
   4.442135913248E-03  -1.253326263981E+00   2.088667175431E+01      2.263E-08
  4 14       2.00       3.00       4.00 **VQfit parameters
   3.291222121534E-03  -1.292479981958E+00   3.437544507551E+01      2.043E-09
  4 14       1.00       2.00       3.00 **PmatFit parameters
  -4.812050776198E-03   1.244636947068E+00  -2.281177523438E+01      1.291E-08
  4 15       2.00       3.00       4.00 **VQfit parameters
   9.832156006173E-04   8.251812145918E-01  -2.543255640814E+01      2.083E-09
  4 15       1.00       2.00       3.00 **PmatFit parameters
   4.580071545239E-03  -1.190971129171E+00   2.356346270967E+01      2.584E-09
  4 16       2.00       3.00       4.00 **VQfit parameters
  -4.345600813987E-03  -4.258684949635E-01   1.724129092037E+01      1.992E-09
  4 16       1.00       2.00       3.00 **PmatFit parameters
  -3.848898604351E-03   1.095711899836E+00  -2.316496502067E+01      1.203E-08
  4 17       2.00       3.00       4.00 **VQfit parameters
   6.797542018156E-03   1.002658318553E-01  -1.010525837166E+01      1.806E-09
  4 17       1.00       2.00       3.00 **PmatFit parameters
   2.760673124561E-03  -9.681250436232E-01   2.179120024643E+01      2.313E-08
  4 18       2.00       3.00       4.00 **VQfit parameters
  -8.378266250260E-03   1.520824051712E-01   4.150891508370E+00      1.556E-09
  4 18       1.00       2.00       3.00 **PmatFit parameters
  -1.462723166989E-03   8.196575314496E-01  -1.968693490820E+01      3.223E-08
  4 19       2.00       3.00       4.00 **VQfit parameters
  -9.105367694933E-03   3.344485637588E-01  -6.195591350941E-01      1.259E-09
  4 19       1.00       2.00       3.00 **PmatFit parameters
  -8.633266492953E-05   6.614927133763E-01  -1.710854417996E+01      3.884E-08
  4 20       2.00       3.00       4.00 **VQfit parameters
   8.757346504345E-03  -4.467176441982E-01   4.317662508443E+00      9.000E-10
  4 20       1.00       2.00       3.00 **PmatFit parameters
  -1.263563309600E-03  -5.031923467745E-01   1.428861082265E+01      4.289E-08
  5  5       0.00       2.00       3.00 **VQfit parameters
  -6.386847862503E-04   3.878692569007E+02   1.142501779752E+03      6.516E-07
  5  6       2.00       3.00       4.00 **VQfit parameters
  -5.734330897637E-02   6.502638437993E+00  -6.520615172002E+01      5.254E-09
  5  6       1.00       2.00       3.00 **PmatFit parameters
   6.362077271742E-03  -8.547370183636E+00   1.131640847909E+02      3.554E-08
  5  7       2.00       3.00       4.00 **VQfit parameters
  -4.618150167096E-02   5.156488594549E+00  -6.902714288765E+01      3.371E-09
  5  7       1.00       2.00       3.00 **PmatFit parameters
  -5.929868382495E-04  -4.210554089846E+00   5.625470200243E+01      3.390E-08
  5  8       2.00       3.00       4.00 **VQfit parameters
  -4.284168809656E-02   5.011811835926E+00  -8.026755175400E+01      1.918E-09
  5  8       1.00       2.00       3.00 **PmatFit parameters
  -2.776481736344E-03  -2.686329102820E+00   3.457304350368E+01      2.268E-08
  5  9       2.00       3.00       4.00 **VQfit parameters
   3.775582975110E-02  -4.727371282910E+00   8.521556049331E+01      5.327E-10
  5  9       1.00       2.00       3.00 **PmatFit parameters
   2.690929228466E-03   1.993375247432E+00  -2.481008043345E+01      6.397E-09
  5 10       2.00       3.00       4.00 **VQfit parameters
  -3.090269631643E-02   4.230250133776E+00  -8.348731800417E+01      7.785E-10
  5 10       1.00       2.00       3.00 **PmatFit parameters
  -1.276474729918E-03  -1.695567605539E+00   2.166881141109E+01      9.412E-09
  5 11       2.00       3.00       4.00 **VQfit parameters
  -2.314769962276E-02   3.586176259288E+00  -7.663933965839E+01      1.738E-09
  5 11       1.00       2.00       3.00 **PmatFit parameters
   6.997333535509E-04  -1.601423379279E+00   2.235812553651E+01      2.009E-08
  5 12       2.00       3.00       4.00 **VQfit parameters
   1.529779462525E-02  -2.873002183033E+00   6.647442979665E+01      2.424E-09
  5 12       1.00       2.00       3.00 **PmatFit parameters
  -2.610774121848E-03   1.595596050035E+00  -2.483398605084E+01      2.349E-08
  5 13       2.00       3.00       4.00 **VQfit parameters
   7.948499814544E-03  -2.155416123650E+00   5.459084002662E+01      2.839E-09
  5 13       1.00       2.00       3.00 **PmatFit parameters
  -4.026377244907E-03   1.604461667877E+00  -2.759374980947E+01      1.953E-08
  5 14       2.00       3.00       4.00 **VQfit parameters
  -1.486772616463E-03   1.480570773988E+00  -4.225854727089E+01      3.013E-09
  5 14       1.00       2.00       3.00 **PmatFit parameters
   4.727300459592E-03  -1.585290285847E+00   2.966113595592E+01      9.883E-09
  5 15       2.00       3.00       4.00 **VQfit parameters
  -3.872921666516E-03  -8.791804228632E-01   3.040468625784E+01      2.987E-09
  5 15       1.00       2.00       3.00 **PmatFit parameters
  -4.675107639831E-03   1.519002942401E+00  -3.053322414966E+01      4.955E-09
  5 16       2.00       3.00       4.00 **VQfit parameters
   8.046650919848E-03   3.682420883495E-01  -1.964369494696E+01      2.805E-09
  5 16       1.00       2.00       3.00 **PmatFit parameters
   3.958450192932E-03  -1.403174657951E+00   3.007734693368E+01      1.881E-08
  5 17       2.00       3.00       4.00 **VQfit parameters
  -1.103814245198E-02   4.572540216465E-02   1.032844153105E+01      2.510E-09
  5 17       1.00       2.00       3.00 **PmatFit parameters
  -2.736242387412E-03   1.245551609310E+00  -2.840920809786E+01      3.247E-08
  5 18       2.00       3.00       4.00 **VQfit parameters
   1.289185282896E-02  -3.632798449425E-01  -2.608796136268E+00      2.137E-09
  5 18       1.00       2.00       3.00 **PmatFit parameters
   1.190480657478E-03  -1.058762308918E+00   2.578096477009E+01      4.399E-08
  5 19       2.00       3.00       4.00 **VQfit parameters
   1.361828477515E-02  -5.881806893895E-01   3.514155493680E+00      1.709E-09
  5 19       1.00       2.00       3.00 **PmatFit parameters
  -5.063428490375E-04  -8.565438682585E-01   2.249465838945E+01      5.256E-08
  5 20       2.00       3.00       4.00 **VQfit parameters
  -1.289179550510E-02   7.186951883569E-01  -8.173121442208E+00      1.201E-09
  5 20       1.00       2.00       3.00 **PmatFit parameters
   2.209651040439E-03   6.514167090454E-01  -1.884449457258E+01      5.794E-08
  6  6       0.00       2.00       3.00 **VQfit parameters
  -1.594788962370E-03   6.474814041982E+02   1.570215516031E+03      1.431E-06
  6  7       2.00       3.00       4.00 **VQfit parameters
  -7.379411364888E-02   9.532506028542E+00  -1.482979396429E+02      2.556E-09
  6  7       1.00       2.00       3.00 **PmatFit parameters
  -4.411675690763E-03  -9.665815070498E+00   1.526528055977E+02      1.235E-07
  6  8       2.00       3.00       4.00 **VQfit parameters
  -5.006843311303E-02   6.411495131048E+00  -1.120295483478E+02      6.200E-10
  6  8       1.00       2.00       3.00 **PmatFit parameters
  -7.058107184588E-03  -4.637001029103E+00   7.335040415958E+01      7.367E-08
  6  9       2.00       3.00       4.00 **VQfit parameters
   4.006045835347E-02  -5.465356596972E+00   1.046009800823E+02      9.786E-10
  6  9       1.00       2.00       3.00 **PmatFit parameters
   6.941845449643E-03   2.971585873601E+00  -4.587585087319E+01      4.400E-08
  6 10       2.00       3.00       4.00 **VQfit parameters
  -3.072332511432E-02   4.656328367684E+00  -9.644909807734E+01      2.134E-09
  6 10       1.00       2.00       3.00 **PmatFit parameters
  -5.336575797295E-03  -2.253066868979E+00   3.426966976196E+01      2.026E-08
  6 11       2.00       3.00       4.00 **VQfit parameters
  -2.141077406404E-02   3.819220502156E+00  -8.545542928583E+01      2.987E-09
  6 11       1.00       2.00       3.00 **PmatFit parameters
  -2.994963513869E-03  -1.949755409543E+00   3.038209746025E+01      3.034E-09
  6 12       2.00       3.00       4.00 **VQfit parameters
   1.249685064841E-02  -2.970143260635E+00   7.231732914525E+01      3.539E-09
  6 12       1.00       2.00       3.00 **PmatFit parameters
   5.707252529283E-04   1.841323474865E+00  -3.046322148090E+01      6.146E-09
  6 13       2.00       3.00       4.00 **VQfit parameters
   4.378502198579E-03  -2.148129017477E+00   5.810820059718E+01      3.822E-09
  6 13       1.00       2.00       3.00 **PmatFit parameters
  -1.430218938458E-03   1.806176702339E+00  -3.216026156058E+01      6.963E-09
  6 14       2.00       3.00       4.00 **VQfit parameters
   2.656392480354E-03   1.388199511773E+00  -4.382414889048E+01      3.874E-09
  6 14       1.00       2.00       3.00 **PmatFit parameters
   2.696739907545E-03  -1.773036407629E+00   3.392738743242E+01      2.517E-09
  6 15       2.00       3.00       4.00 **VQfit parameters
  -8.434691393460E-03  -7.159955147591E-01   3.026987176547E+01      3.733E-09
  6 15       1.00       2.00       3.00 **PmatFit parameters
  -3.112885707671E-03   1.704217893371E+00  -3.484838508358E+01      1.212E-08
  6 16       2.00       3.00       4.00 **VQfit parameters
   1.288165373594E-02   1.472100043074E-01  -1.802732698048E+01      3.438E-09
  6 16       1.00       2.00       3.00 **PmatFit parameters
   2.720808789630E-03  -1.585760922343E+00   3.450803375060E+01      2.631E-08
  6 17       2.00       3.00       4.00 **VQfit parameters
  -1.599564486581E-02   3.112956070602E-01   7.460012510767E+00      3.030E-09
  6 17       1.00       2.00       3.00 **PmatFit parameters
  -1.666371243507E-03   1.419377208867E+00  -3.285495568018E+01      4.076E-08
  6 18       2.00       3.00       4.00 **VQfit parameters
   1.780914915088E-02  -6.593018703214E-01   1.260007824616E+00      2.542E-09
  6 18       1.00       2.00       3.00 **PmatFit parameters
   1.451591158756E-04  -1.215692597368E+00   3.006693823802E+01      5.355E-08
  6 19       2.00       3.00       4.00 **VQfit parameters
   1.830590693764E-02  -8.995815155091E-01   8.113581795152E+00      1.997E-09
  6 19       1.00       2.00       3.00 **PmatFit parameters
  -1.640458329727E-03  -9.890471463866E-01   2.643680709955E+01      6.347E-08
  6 20       2.00       3.00       4.00 **VQfit parameters
  -1.703802268391E-02   1.026881939997E+00  -1.321664649532E+01      1.363E-09
  6 20       1.00       2.00       3.00 **PmatFit parameters
   3.509567302554E-03   7.539505871353E-01  -2.228840530193E+01      6.997E-08
  7  7       0.00       2.00       3.00 **VQfit parameters
  -2.939105109135E-03   9.747875760822E+02   1.921097941080E+03      2.358E-06
  7  8       2.00       3.00       4.00 **VQfit parameters
  -6.560340842541E-02   1.028297899456E+01  -1.903397308097E+02      2.588E-09
  7  8       1.00       2.00       3.00 **PmatFit parameters
  -2.502974677556E-02  -9.614527011805E+00   1.723419454119E+02      2.297E-07
  7  9       2.00       3.00       4.00 **VQfit parameters
   3.814043997902E-02  -6.066342050911E+00   1.218452682307E+02      2.962E-09
  7  9       1.00       2.00       3.00 **PmatFit parameters
   1.777360672072E-02   4.526512608640E+00  -8.125924662087E+01      1.201E-07
  7 10       2.00       3.00       4.00 **VQfit parameters
  -2.578088474556E-02   4.669264540518E+00  -1.010964394550E+02      3.690E-09
  7 10       1.00       2.00       3.00 **PmatFit parameters
  -1.375329316318E-02  -2.913453398105E+00   5.140494202961E+01      7.166E-08
  7 11       2.00       3.00       4.00 **VQfit parameters
  -1.557597684547E-02   3.630610265151E+00  -8.517344294082E+01      4.206E-09
  7 11       1.00       2.00       3.00 **PmatFit parameters
  -1.009096075178E-02  -2.242707115857E+00   3.919663201073E+01      4.142E-08
  7 12       2.00       3.00       4.00 **VQfit parameters
   6.484559374160E-03  -2.700375338040E+00   6.977371624329E+01      4.478E-09
  7 12       1.00       2.00       3.00 **PmatFit parameters
   6.652882559040E-03   1.962414679481E+00  -3.493197430074E+01      2.285E-08
  7 13       2.00       3.00       4.00 **VQfit parameters
  -1.517075438652E-03  -1.846117635404E+00   5.449966555304E+01      4.537E-09
  7 13       1.00       2.00       3.00 **PmatFit parameters
   3.714252667799E-03   1.852536183596E+00  -3.445688591528E+01      1.441E-08
  7 14       2.00       3.00       4.00 **VQfit parameters
   8.329753941130E-03   1.073822301781E+00  -3.968208804061E+01      4.415E-09
  7 14       1.00       2.00       3.00 **PmatFit parameters
  -1.551955815851E-03  -1.797872793198E+00   3.537176255680E+01      1.483E-08
  7 15       2.00       3.00       4.00 **VQfit parameters
  -1.386343119581E-02  -3.961682516269E-01   2.579444383814E+01      4.141E-09
  7 15       1.00       2.00       3.00 **PmatFit parameters
   3.209673887043E-04   1.734584703809E+00  -3.620232612123E+01      2.206E-08
  7 16       2.00       3.00       4.00 **VQfit parameters
   1.806482637912E-02  -1.758837559641E-01  -1.327616162039E+01      3.743E-09
  7 16       1.00       2.00       3.00 **PmatFit parameters
  -3.017815245421E-05  -1.631435971048E+00   3.612923031379E+01      3.360E-08
  7 17       2.00       3.00       4.00 **VQfit parameters
  -2.091951098717E-02   6.358547308871E-01   2.456950584943E+00      3.247E-09
  7 17       1.00       2.00       3.00 **PmatFit parameters
   5.672953726612E-04   1.479256608958E+00  -3.482216042168E+01      4.689E-08
  7 18       2.00       3.00       4.00 **VQfit parameters
   2.242953006722E-02  -9.818866459778E-01   6.470730391477E+00      2.679E-09
  7 18       1.00       2.00       3.00 **PmatFit parameters
  -1.744087927844E-03  -1.282876379300E+00   3.229058842363E+01      5.965E-08
  7 19       2.00       3.00       4.00 **VQfit parameters
   2.252970810865E-02  -1.214117667670E+00   1.344625072272E+01      2.057E-09
  7 19       1.00       2.00       3.00 **PmatFit parameters
  -3.342677757290E-03  -1.054636415852E+00   2.874857553789E+01      7.024E-08
  7 20       2.00       3.00       4.00 **VQfit parameters
  -2.063050470135E-02   1.321718957227E+00  -1.852509801868E+01      1.341E-09
  7 20       1.00       2.00       3.00 **PmatFit parameters
   5.152136985748E-03   8.095415081018E-01  -2.450486202512E+01      7.766E-08
  8  8       0.00       2.00       3.00 **VQfit parameters
  -4.542600146079E-03   1.369136912225E+03   2.185280929383E+03      3.283E-06
  8  9       2.00       3.00       4.00 **VQfit parameters
   3.864596347090E-02  -8.997920739896E+00   1.876684830252E+02      7.226E-09
  8  9       1.00       2.00       3.00 **PmatFit parameters
   5.261939793997E-02   8.572630698114E+00  -1.715905126454E+02      3.231E-07
  8 10       2.00       3.00       4.00 **VQfit parameters
  -1.760197828619E-02   4.656407861810E+00  -1.053722520383E+02      5.418E-09
  8 10       1.00       2.00       3.00 **PmatFit parameters
  -3.142132178624E-02  -3.969068836042E+00   7.981008158573E+01      1.602E-07
  8 11       2.00       3.00       4.00 **VQfit parameters
  -7.048237465530E-03   3.210249671694E+00  -7.952271424880E+01      5.222E-09
  8 11       1.00       2.00       3.00 **PmatFit parameters
  -2.246954108675E-02  -2.561930294159E+00   5.080689778237E+01      9.689E-08
  8 12       2.00       3.00       4.00 **VQfit parameters
  -1.398306358177E-03  -2.206644388960E+00   6.160361218920E+01      5.085E-09
  8 12       1.00       2.00       3.00 **PmatFit parameters
   1.641337338877E-02   1.998196600614E+00  -3.923258788621E+01      6.188E-08
  8 13       2.00       3.00       4.00 **VQfit parameters
  -8.523419149440E-03  -1.368812015632E+00   4.606900340713E+01      4.865E-09
  8 13       1.00       2.00       3.00 **PmatFit parameters
   1.173310116809E-02   1.769451074989E+00  -3.514202378700E+01      4.213E-08
  8 14       2.00       3.00       4.00 **VQfit parameters
   1.445782152785E-02   6.401176718361E-01  -3.182182849331E+01      4.553E-09
  8 14       1.00       2.00       3.00 **PmatFit parameters
  -8.166128954691E-03  -1.677197945107E+00   3.443878879117E+01      3.356E-08
  8 15       2.00       3.00       4.00 **VQfit parameters
  -1.921093564636E-02  -9.424246675343E-03   1.873130600204E+01      4.157E-09
  8 15       1.00       2.00       3.00 **PmatFit parameters
   5.710011499795E-03   1.620426738139E+00  -3.485759264731E+01      3.374E-08
  8 16       2.00       3.00       4.00 **VQfit parameters
   2.275861476017E-02  -5.216772699582E-01  -6.959734517411E+00      3.683E-09
  8 16       1.00       2.00       3.00 **PmatFit parameters
  -4.354901236387E-03  -1.545223628821E+00   3.506032064315E+01      4.023E-08
  8 17       2.00       3.00       4.00 **VQfit parameters
  -2.507030907067E-02   9.488036409271E-01  -3.262355245159E+00      3.141E-09
  8 17       1.00       2.00       3.00 **PmatFit parameters
   4.009589587614E-03   1.427090446723E+00  -3.433761213987E+01      5.041E-08
  8 18       2.00       3.00       4.00 **VQfit parameters
   2.610445488730E-02  -1.268367471719E+00   1.174118736565E+01      2.543E-09
  8 18       1.00       2.00       3.00 **PmatFit parameters
  -4.503030544897E-03  -1.261100379380E+00   3.243556434826E+01      6.178E-08
  8 19       2.00       3.00       4.00 **VQfit parameters
   2.572845450681E-02  -1.476715621063E+00   1.836261687243E+01      1.896E-09
  8 19       1.00       2.00       3.00 **PmatFit parameters
  -5.615595125258E-03  -1.054441375074E+00   2.940885183024E+01      7.223E-08
  8 20       2.00       3.00       4.00 **VQfit parameters
  -2.319449800996E-02   1.555739449374E+00  -2.308536644275E+01      1.155E-09
  8 20       1.00       2.00       3.00 **PmatFit parameters
   7.115809115627E-03   8.204725168627E-01  -2.549189025552E+01      8.031E-08
  9  9       0.00       2.00       3.00 **VQfit parameters
  -6.267169968456E-03   1.829546004876E+03   2.371840504106E+03      4.105E-06
  9 10       2.00       3.00       4.00 **VQfit parameters
   3.874411160747E-03  -6.577365624234E+00   1.553810349415E+02      9.922E-09
  9 10       1.00       2.00       3.00 **PmatFit parameters
   8.321944221974E-02   6.884371121027E+00  -1.551609450679E+02      3.844E-07
  9 11       2.00       3.00       4.00 **VQfit parameters
  -3.974494949312E-03  -2.873659425393E+00   7.620801749610E+01      6.323E-09
  9 11       1.00       2.00       3.00 **PmatFit parameters
   4.621512498629E-02   3.125215363975E+00  -7.124540903614E+01      1.857E-07
  9 12       2.00       3.00       4.00 **VQfit parameters
   1.033507159587E-02   1.649800220525E+00  -5.164021270823E+01      5.432E-09
  9 12       1.00       2.00       3.00 **PmatFit parameters
  -3.196028319535E-02  -2.019699047759E+00   4.547308379131E+01      1.135E-07
  9 13       2.00       3.00       4.00 **VQfit parameters
   1.578268242290E-02   8.330075919197E-01  -3.555266898440E+01      4.862E-09
  9 13       1.00       2.00       3.00 **PmatFit parameters
  -2.341418079562E-02  -1.600541174728E+00   3.548259541946E+01      7.605E-08
  9 14       2.00       3.00       4.00 **VQfit parameters
  -2.029478896634E-02  -1.779761461809E-01   2.236083451435E+01      4.352E-09
  9 14       1.00       2.00       3.00 **PmatFit parameters
   1.743546768992E-02   1.444115508717E+00  -3.206826572257E+01      5.579E-08
  9 15       2.00       3.00       4.00 **VQfit parameters
   2.386419656249E-02  -3.722163227174E-01  -1.075555726011E+01      3.848E-09
  9 15       1.00       2.00       3.00 **PmatFit parameters
  -1.316450703262E-02  -1.385849549159E+00   3.150217670993E+01      4.698E-08
  9 16       2.00       3.00       4.00 **VQfit parameters
  -2.646417967814E-02   8.321209239379E-01   4.285025838768E-01      3.328E-09
  9 16       1.00       2.00       3.00 **PmatFit parameters
   1.031115769498E-02   1.342771960885E+00  -3.176056769207E+01      4.656E-08
  9 17       2.00       3.00       4.00 **VQfit parameters
   2.803927202032E-02  -1.202435966626E+00   8.584986455558E+00      2.780E-09
  9 17       1.00       2.00       3.00 **PmatFit parameters
  -8.708312451513E-03  -1.271729099920E+00   3.167285566085E+01      5.191E-08
  9 18       2.00       3.00       4.00 **VQfit parameters
  -2.849667110867E-02   1.478946173311E+00  -1.613669164309E+01      2.199E-09
  9 18       1.00       2.00       3.00 **PmatFit parameters
   8.175836582063E-03   1.154725027832E+00  -3.064154029521E+01      6.045E-08
  9 19       2.00       3.00       4.00 **VQfit parameters
  -2.762466232615E-02   1.654020316211E+00  -2.207013142124E+01      1.577E-09
  9 19       1.00       2.00       3.00 **PmatFit parameters
   8.494134758905E-03   9.905454675992E-01  -2.848077835460E+01      6.980E-08
  9 20       2.00       3.00       4.00 **VQfit parameters
   2.450488272928E-02  -1.701235169572E+00   2.622767728440E+01      8.654E-10
  9 20       1.00       2.00       3.00 **PmatFit parameters
  -9.419924041167E-03  -7.882233173733E-01   2.528020799684E+01      7.805E-08
 10 10       0.00       2.00       3.00 **VQfit parameters
  -8.001054294179E-03   2.355039818964E+03   2.496609537939E+03      4.781E-06
 10 11       2.00       3.00       4.00 **VQfit parameters
   2.986372851949E-02   3.858836601439E+00  -1.106180020048E+02      1.053E-08
 10 11       1.00       2.00       3.00 **PmatFit parameters
  -1.134078352263E-01  -4.890160289255E+00   1.291997932034E+02      4.090E-07
 10 12       2.00       3.00       4.00 **VQfit parameters
  -2.195821726436E-02  -1.201479149740E+00   4.525873857325E+01      5.963E-09
 10 12       1.00       2.00       3.00 **PmatFit parameters
   6.061988584842E-02   2.151807883081E+00  -5.841952406863E+01      1.945E-07
 10 13       2.00       3.00       4.00 **VQfit parameters
  -2.343542080423E-02  -3.206679091195E-01   2.542796250148E+01      4.720E-09
 10 13       1.00       2.00       3.00 **PmatFit parameters
   4.122319195411E-02   1.389925377958E+00  -3.727521065287E+01      1.196E-07
 10 14       2.00       3.00       4.00 **VQfit parameters
   2.571675262301E-02  -2.578107582980E-01  -1.292093775373E+01      3.961E-09
 10 14       1.00       2.00       3.00 **PmatFit parameters
  -3.029811110738E-02  -1.131487849860E+00   2.943998580988E+01      8.214E-08
 10 15       2.00       3.00       4.00 **VQfit parameters
  -2.769972051177E-02   7.113937539008E-01   2.989652162255E+00      3.349E-09
 10 15       1.00       2.00       3.00 **PmatFit parameters
   2.306523835626E-02   1.057846368067E+00  -2.704112023875E+01      6.228E-08
 10 16       2.00       3.00       4.00 **VQfit parameters
   2.910827046769E-02  -1.082363427502E+00   5.542600184632E+00      2.799E-09
 10 16       1.00       2.00       3.00 **PmatFit parameters
  -1.808081369936E-02  -1.043521524544E+00   2.689004839345E+01      5.356E-08
 10 17       2.00       3.00       4.00 **VQfit parameters
  -2.979689235384E-02   1.380339097472E+00  -1.297301231914E+01      2.270E-09
 10 17       1.00       2.00       3.00 **PmatFit parameters
   1.478498298827E-02   1.024644600439E+00  -2.725478253351E+01      5.268E-08
 10 18       2.00       3.00       4.00 **VQfit parameters
   2.960375224091E-02  -1.602521702944E+00   1.927317969618E+01      1.736E-09
 10 18       1.00       2.00       3.00 **PmatFit parameters
  -1.286968384134E-02  -9.686228538607E-01   2.714145094852E+01      5.703E-08
 10 19       2.00       3.00       4.00 **VQfit parameters
   2.822941817633E-02  -1.738156247571E+00   2.428211854687E+01      1.176E-09
 10 19       1.00       2.00       3.00 **PmatFit parameters
  -1.207859907972E-02  -8.634449398485E-01   2.605984811028E+01      6.414E-08
 10 20       2.00       3.00       4.00 **VQfit parameters
  -2.457520671423E-02   1.752207336847E+00  -2.772676523522E+01      5.374E-10
 10 20       1.00       2.00       3.00 **PmatFit parameters
   1.215260846828E-02   7.111114884536E-01  -2.388442208547E+01      7.181E-08
 11 11       0.00       2.00       3.00 **VQfit parameters
  -9.668341341780E-03   2.944804919331E+03   2.575498930491E+03      5.306E-06
 11 12       2.00       3.00       4.00 **VQfit parameters
  -5.776559100350E-02  -1.365736858125E+00   6.541155029417E+01      9.625E-09
 11 12       1.00       2.00       3.00 **PmatFit parameters
   1.409165152125E-01   2.847618147660E+00  -9.898761831062E+01      4.019E-07
 11 13       2.00       3.00       4.00 **VQfit parameters
  -3.464433544335E-02   1.319009297285E-01   1.852601407802E+01      4.875E-09
 11 13       1.00       2.00       3.00 **PmatFit parameters
   7.362820379253E-02   1.166729102651E+00  -4.377280772938E+01      1.889E-07
 11 14       2.00       3.00       4.00 **VQfit parameters
   3.159784731774E-02  -6.539074954576E-01  -4.592436486371E+00      3.569E-09
 11 14       1.00       2.00       3.00 **PmatFit parameters
  -4.959220101332E-02  -7.508637928286E-01   2.783555025043E+01      1.164E-07
 11 15       2.00       3.00       4.00 **VQfit parameters
  -3.111087827943E-02   1.003028233341E+00  -3.987931684901E+00      2.800E-09
 11 15       1.00       2.00       3.00 **PmatFit parameters
   3.653652176229E-02   6.528066401819E-01  -2.239140421371E+01      8.096E-08
 11 16       2.00       3.00       4.00 **VQfit parameters
   3.097324670480E-02  -1.274796062565E+00   1.068471254956E+01      2.213E-09
 11 16       1.00       2.00       3.00 **PmatFit parameters
  -2.816959688771E-02  -6.634746664725E-01   2.117345348765E+01      6.239E-08
 11 17       2.00       3.00       4.00 **VQfit parameters
  -3.059659010010E-02   1.490260849359E+00  -1.636400525260E+01      1.708E-09
 11 17       1.00       2.00       3.00 **PmatFit parameters
   2.251919925516E-02   6.967528805469E-01  -2.159889382364E+01      5.423E-08
 11 18       2.00       3.00       4.00 **VQfit parameters
   2.965932890762E-02  -1.649516400549E+00   2.120912769653E+01      1.234E-09
 11 18       1.00       2.00       3.00 **PmatFit parameters
  -1.878768083357E-02  -7.071907022490E-01   2.223882176055E+01      5.323E-08
 11 19       2.00       3.00       4.00 **VQfit parameters
   2.774890353269E-02  -1.739937657553E+00   2.511094641888E+01      7.560E-10
 11 19       1.00       2.00       3.00 **PmatFit parameters
  -1.654616287883E-02  -6.719593186524E-01   2.227116219771E+01      5.691E-08
 11 20       2.00       3.00       4.00 **VQfit parameters
  -2.357100222361E-02   1.718034211829E+00  -2.769904583004E+01      2.304E-10
 11 20       1.00       2.00       3.00 **PmatFit parameters
   1.547504888751E-02   5.843689787399E-01  -2.130459004164E+01      6.298E-08
 12 12       0.00       2.00       3.00 **VQfit parameters
  -1.122490142669E-02   3.598222857110E+03   2.621824644524E+03      5.696E-06
 12 13       2.00       3.00       4.00 **VQfit parameters
   7.826991559975E-02  -6.674020791783E-01  -2.607404898002E+01      7.896E-09
 12 13       1.00       2.00       3.00 **PmatFit parameters
  -1.645827550712E-01  -9.194566938435E-01   6.823783712136E+01      3.718E-07
 12 14       2.00       3.00       4.00 **VQfit parameters
  -4.213198705358E-02   1.074435662809E+00  -1.810724557451E+00      3.526E-09
 12 14       1.00       2.00       3.00 **PmatFit parameters
   8.473720055079E-02   2.437258864341E-01  -2.901230372922E+01      1.730E-07
 12 15       2.00       3.00       4.00 **VQfit parameters
   3.537434023061E-02  -1.276507139341E+00   1.002964403545E+01      2.341E-09
 12 15       1.00       2.00       3.00 **PmatFit parameters
  -5.673227293341E-02  -1.516269492491E-01   1.829380209960E+01      1.065E-07
 12 16       2.00       3.00       4.00 **VQfit parameters
  -3.269432368817E-02   1.431564329895E+00  -1.505569402415E+01      1.667E-09
 12 16       1.00       2.00       3.00 **PmatFit parameters
   4.186268233742E-02   2.030815934226E-01  -1.523496826690E+01      7.441E-08
 12 17       2.00       3.00       4.00 **VQfit parameters
   3.088514026516E-02  -1.554177397676E+00   1.896535972482E+01      1.171E-09
 12 17       1.00       2.00       3.00 **PmatFit parameters
  -3.252389319219E-02  -2.934386117521E-01   1.522702144192E+01      5.781E-08
 12 18       2.00       3.00       4.00 **VQfit parameters
  -2.902912532399E-02   1.642102777171E+00  -2.224632631496E+01      7.533E-10
 12 18       1.00       2.00       3.00 **PmatFit parameters
   2.629066475484E-02   3.733450437425E-01  -1.629163802475E+01      5.061E-08
 12 19       2.00       3.00       4.00 **VQfit parameters
  -2.648754671362E-02   1.680182318179E+00  -2.489099831412E+01      3.644E-10
 12 19       1.00       2.00       3.00 **PmatFit parameters
   2.216475165822E-02   4.141324759658E-01  -1.729057207595E+01      4.985E-08
 12 20       2.00       3.00       4.00 **VQfit parameters
   2.172540431636E-02  -1.616091272687E+00   2.645253063847E+01      1.546E-10
 12 20       1.00       2.00       3.00 **PmatFit parameters
  -1.961726598328E-02  -4.016483575539E-01   1.756059103474E+01      5.323E-08
 13 13       0.00       2.00       3.00 **VQfit parameters
  -1.265004593046E-02   4.314848715934E+03   2.645768445243E+03      5.976E-06
 13 14       2.00       3.00       4.00 **VQfit parameters
  -9.167742279871E-02   2.190923274772E+00  -5.121594987227E+00      5.886E-09
 13 14       1.00       2.00       3.00 **PmatFit parameters
   1.840506202968E-01  -8.086351680723E-01  -3.920208806945E+01      3.273E-07
 13 15       2.00       3.00       4.00 **VQfit parameters
   4.529621882341E-02  -1.663393221842E+00   1.574172078411E+01      2.216E-09
 13 15       1.00       2.00       3.00 **PmatFit parameters
  -9.381099941216E-02   5.791030898528E-01   1.516386062847E+01      1.508E-07
 13 16       2.00       3.00       4.00 **VQfit parameters
  -3.570841755307E-02   1.603701631383E+00  -1.903276512901E+01      1.246E-09
 13 16       1.00       2.00       3.00 **PmatFit parameters
   6.255129700807E-02  -3.823937004727E-01  -9.335527255577E+00      9.239E-08
 13 17       2.00       3.00       4.00 **VQfit parameters
   3.135383344573E-02  -1.604688494021E+00   2.112655501710E+01      7.145E-10
 13 17       1.00       2.00       3.00 **PmatFit parameters
  -4.620097077845E-02   1.978191895609E-01   8.507707407549E+00      6.451E-08
 13 18       2.00       3.00       4.00 **VQfit parameters
  -2.817015466468E-02   1.607710961169E+00  -2.277266796695E+01      3.396E-10
 13 18       1.00       2.00       3.00 **PmatFit parameters
   3.606628131697E-02  -3.586297033305E-02  -9.649630319160E+00      5.029E-08
 13 19       2.00       3.00       4.00 **VQfit parameters
  -2.479003529937E-02   1.583272216989E+00  -2.403067133314E+01      1.121E-10
 13 19       1.00       2.00       3.00 **PmatFit parameters
   2.934913368998E-02   8.687313472068E-02  -1.134755680885E+01      4.436E-08
 13 20       2.00       3.00       4.00 **VQfit parameters
   1.928491476371E-02  -1.466311970012E+00   2.436371800523E+01      3.645E-10
 13 20       1.00       2.00       3.00 **PmatFit parameters
  -2.488780888961E-02  -1.564578244536E-01   1.272885162856E+01      4.409E-08
 14 14       0.00       2.00       3.00 **VQfit parameters
  -1.393849911238E-02   5.094373392664E+03   2.654726824428E+03      6.168E-06
 14 15       2.00       3.00       4.00 **VQfit parameters
  -9.907053075456E-02   3.247761160420E+00  -2.815289698198E+01      3.938E-09
 14 15       1.00       2.00       3.00 **PmatFit parameters
   1.994595166958E-01  -2.303665169402E+00  -1.304078999874E+01      2.757E-07
 14 16       2.00       3.00       4.00 **VQfit parameters
   4.514475935112E-02  -1.966272533440E+00   2.418389973780E+01      1.101E-09
 14 16       1.00       2.00       3.00 **PmatFit parameters
  -1.009373778172E-01   1.287931893177E+00   2.746439363663E+00      1.255E-07
 14 17       2.00       3.00       4.00 **VQfit parameters
  -3.346205918871E-02   1.701722942260E+00  -2.347971023374E+01      3.847E-10
 14 17       1.00       2.00       3.00 **PmatFit parameters
   6.710560694231E-02  -8.419842304470E-01  -1.307323521894E+00      7.621E-08
 14 18       2.00       3.00       4.00 **VQfit parameters
   2.773330735874E-02  -1.580105472910E+00   2.322478121676E+01      1.192E-10
 14 18       1.00       2.00       3.00 **PmatFit parameters
  -4.959189107145E-02   5.426968095335E-01   2.479561981976E+00      5.292E-08
 14 19       2.00       3.00       4.00 **VQfit parameters
   2.304388167871E-02  -1.474519947675E+00   2.293082684787E+01      3.157E-10
 14 19       1.00       2.00       3.00 **PmatFit parameters
  -3.883216405692E-02   3.186995258520E-01   4.661746731887E+00      4.127E-08
 14 20       2.00       3.00       4.00 **VQfit parameters
  -1.648730797271E-02   1.288085935540E+00  -2.179724226660E+01      5.522E-10
 14 20       1.00       2.00       3.00 **PmatFit parameters
   3.173169545306E-02  -1.583237320869E-01  -6.946223606286E+00      3.676E-08
 15 15       0.00       2.00       3.00 **VQfit parameters
  -1.509420540547E-02   5.936587092279E+03   2.653907574578E+03      6.295E-06
 15 16       2.00       3.00       4.00 **VQfit parameters
  -1.016559426857E-01   3.913205146969E+00  -4.398293210141E+01      2.232E-09
 15 16       1.00       2.00       3.00 **PmatFit parameters
   2.112060061126E-01  -3.564592346326E+00   9.803183212495E+00      2.219E-07
 15 17       2.00       3.00       4.00 **VQfit parameters
   4.247127872164E-02  -2.047699369752E+00   2.823935946354E+01      2.629E-10
 15 17       1.00       2.00       3.00 **PmatFit parameters
  -1.063183173151E-01   1.883546111085E+00  -8.052871572959E+00      9.940E-08
 15 18       2.00       3.00       4.00 **VQfit parameters
  -2.912649431115E-02   1.621227374362E+00  -2.433988265039E+01      2.956E-10
 15 18       1.00       2.00       3.00 **PmatFit parameters
   7.052732826919E-02  -1.227657924010E+00   5.666063919409E+00      5.951E-08
 15 19       2.00       3.00       4.00 **VQfit parameters
  -2.180651308460E-02   1.384130150125E+00  -2.201066022978E+01      5.270E-10
 15 19       1.00       2.00       3.00 **PmatFit parameters
   5.213492105775E-02  -8.319155859497E-01   2.752990734708E+00      4.085E-08
 15 20       2.00       3.00       4.00 **VQfit parameters
   1.357815439131E-02  -1.099621585618E+00   1.907100438863E+01      6.904E-10
 15 20       1.00       2.00       3.00 **PmatFit parameters
  -4.090543445984E-02   5.556115291872E-01   3.385295592842E-01      3.179E-08
 16 16       0.00       2.00       3.00 **VQfit parameters
  -1.612606674895E-02   6.841349828173E+03   2.646903880929E+03      6.373E-06
 16 17       2.00       3.00       4.00 **VQfit parameters
  -1.003876332835E-01   4.259925914767E+00  -5.379199712981E+01      8.512E-10
 16 17       1.00       2.00       3.00 **PmatFit parameters
   2.197881473803E-01  -4.607570835687E+00   2.931491349989E+01      1.695E-07
 16 18       2.00       3.00       4.00 **VQfit parameters
   3.760263729816E-02  -1.949336566930E+00   2.875725230345E+01      4.199E-10
 16 18       1.00       2.00       3.00 **PmatFit parameters
  -1.101987181235E-01   2.374492311232E+00  -1.724353697774E+01      7.413E-08
 16 19       2.00       3.00       4.00 **VQfit parameters
   2.236946156171E-02  -1.371360985460E+00   2.202003648679E+01      6.771E-10
 16 19       1.00       2.00       3.00 **PmatFit parameters
  -7.297698144428E-02   1.545076693399E+00  -1.159096784717E+01      4.332E-08
 16 20       2.00       3.00       4.00 **VQfit parameters
  -1.092006659636E-02   9.220912875418E-01  -1.649825332674E+01      7.771E-10
 16 20       1.00       2.00       3.00 **PmatFit parameters
   5.395149418987E-02  -1.069810292522E+00   7.195164600335E+00      2.910E-08
 17 17       0.00       2.00       3.00 **VQfit parameters
  -1.704522329772E-02   7.808569499123E+03   2.636160296055E+03      6.415E-06
 17 18       2.00       3.00       4.00 **VQfit parameters
  -9.562606232166E-02   4.332977154587E+00  -5.846483768573E+01      3.511E-10
 17 18       1.00       2.00       3.00 **PmatFit parameters
   2.257147747044E-01  -5.456512766913E+00   4.570969697257E+01      1.203E-07
 17 19       2.00       3.00       4.00 **VQfit parameters
  -2.981161329616E-02   1.659062346679E+00  -2.582339919048E+01      7.827E-10
 17 19       1.00       2.00       3.00 **PmatFit parameters
   1.128251211941E-01  -2.772714194828E+00   2.493941176381E+01      5.058E-08
 17 20       2.00       3.00       4.00 **VQfit parameters
   9.477362384603E-03  -8.014511679832E-01   1.468307791158E+01      8.197E-10
 17 20       1.00       2.00       3.00 **PmatFit parameters
  -7.461606113893E-02   1.802138167870E+00  -1.654300457142E+01      2.825E-08
 18 18       0.00       2.00       3.00 **VQfit parameters
  -1.786343874338E-02   8.838186253400E+03   2.623323761127E+03      6.432E-06
 18 19       2.00       3.00       4.00 **VQfit parameters
   8.619185642916E-02  -4.100831864307E+00   5.781362568282E+01      1.034E-09
 18 19       1.00       2.00       3.00 **PmatFit parameters
  -2.294585228366E-01   6.137525497819E+00  -5.930854212019E+01      7.555E-08
 18 20       2.00       3.00       4.00 **VQfit parameters
  -1.359725341815E-02   9.360985749644E-01  -1.627544944331E+01      8.605E-10
 18 20       1.00       2.00       3.00 **PmatFit parameters
   1.144246105454E-01  -3.090995976121E+00   3.130093152774E+01      2.927E-08
 19 19       0.00       2.00       3.00 **VQfit parameters
  -1.859228800612E-02   9.930161193944E+03   2.609506721809E+03      6.431E-06
 19 20       2.00       3.00       4.00 **VQfit parameters
  -6.283654751903E-02   3.143622815919E+00  -4.613008258342E+01      1.322E-09
 19 20       1.00       2.00       3.00 **PmatFit parameters
   2.314356064690E-01  -6.675894526718E+00   7.046480519986E+01      3.590E-08
 20 20       0.00       2.00       3.00 **VQfit parameters
  -1.924372208945E-02   1.108446352191E+04   2.595587885339E+03      6.419E-06
