    1.000000000000E-06    0.000000000000E+00    1.624725417884E-23    3.505400730380E-24    0.000000000000E+00   -1.327971916908E-23    0.000000000000E+00
    3.150683726861E-04    0.000000000000E+00   -6.030602144318E-21   -2.892583932865E-22    0.000000000000E+00   -3.412664802467E-21    0.000000000000E+00
    1.257273490744E-03    0.000000000000E+00   -1.476450319640E-20   -5.946283572069E-21    0.000000000000E+00   -1.416500555307E-21    0.000000000000E+00
    2.827615354175E-03    0.000000000000E+00   -6.203912827716E-20   -1.042675264701E-26    0.000000000000E+00   -1.405701640860E-19    0.000000000000E+00
    5.026093962978E-03    0.000000000000E+00   -1.594473183341E-18    3.943119834721E-20    0.000000000000E+00   -3.531345868955E-19    0.000000000000E+00
    7.852709317153E-03    0.000000000000E+00   -3.654060191871E-17   -8.083314073322E-21    0.000000000000E+00   -8.621481963845E-18    0.000000000000E+00
    1.130746141670E-02    0.000000000000E+00   -4.675404517948E-16   -2.170629900283E-20    0.000000000000E+00   -1.102897209109E-16    0.000000000000E+00
    1.539035026162E-02    0.000000000000E+00   -4.045632408934E-15   -2.013389803921E-20    0.000000000000E+00   -9.535108866254E-16    0.000000000000E+00
    2.010137585191E-02    0.000000000000E+00   -2.622426329527E-14   -2.040809326581E-19    0.000000000000E+00   -6.181231992509E-15    0.000000000000E+00
    2.544053818757E-02    0.000000000000E+00   -1.363476326810E-13   -1.057691139414E-20    0.000000000000E+00   -3.213713799085E-14    0.000000000000E+00
    3.140783726861E-02    0.000000000000E+00   -5.956749969989E-13   -2.186609432567E-20    0.000000000000E+00   -1.404005949246E-13    0.000000000000E+00
    3.800327309502E-02    0.000000000000E+00   -2.260432286294E-12    1.712145791540E-19    0.000000000000E+00   -5.327896746462E-13    0.000000000000E+00
    4.522684566680E-02    0.000000000000E+00   -7.635302759638E-12    1.019573590317E-20    0.000000000000E+00   -1.799657799288E-12    0.000000000000E+00
    5.307855498395E-02    0.000000000000E+00   -2.338740919334E-11    2.177307549283E-19    0.000000000000E+00   -5.512465450470E-12    0.000000000000E+00
    6.155840104648E-02    0.000000000000E+00   -6.590611695277E-11   -1.623559999559E-19    0.000000000000E+00   -1.553422209653E-11    0.000000000000E+00
    7.066638385437E-02    0.000000000000E+00   -1.728300819514E-10   -4.709330704207E-19    0.000000000000E+00   -4.073644073898E-11    0.000000000000E+00
    8.040250340764E-02    0.000000000000E+00   -4.256551283926E-10    4.718635499654E-19    0.000000000000E+00   -1.003278761401E-10    0.000000000000E+00
    9.076675970628E-02    0.000000000000E+00   -9.919814072781E-10    7.194878779475E-19    0.000000000000E+00   -2.338122601264E-10    0.000000000000E+00
    1.017591527503E-01    0.000000000000E+00   -2.201167983532E-09    3.255742247637E-18    0.000000000000E+00   -5.188202695065E-10    0.000000000000E+00
    1.133796825397E-01    0.000000000000E+00   -4.674772880071E-09    1.220270947503E-17    0.000000000000E+00   -1.101854533527E-09    0.000000000000E+00
    1.256283490744E-01    0.000000000000E+00   -9.543920211337E-09    4.762412900512E-17    0.000000000000E+00   -2.249523564769E-09    0.000000000000E+00
    1.385051523546E-01    0.000000000000E+00   -1.880050643686E-08    1.711989544974E-16    0.000000000000E+00   -4.431321863403E-09    0.000000000000E+00
    1.520100923801E-01    0.000000000000E+00   -3.584884587650E-08    5.683590918922E-16    0.000000000000E+00   -8.449654004031E-09    0.000000000000E+00
    1.661431691509E-01    0.000000000000E+00   -6.634985746222E-08    1.794398107323E-15    0.000000000000E+00   -1.563881138023E-08    0.000000000000E+00
    1.809043826672E-01    0.000000000000E+00   -1.194819943775E-07    5.370311937034E-15    0.000000000000E+00   -2.816217615213E-08    0.000000000000E+00
    1.962937329288E-01    0.000000000000E+00   -2.097823416074E-07    1.535408621502E-14    0.000000000000E+00   -4.944617210494E-08    0.000000000000E+00
    2.123112199358E-01    0.000000000000E+00   -3.597777533152E-07    4.203903870054E-14    0.000000000000E+00   -8.480042969844E-08    0.000000000000E+00
    2.289568436882E-01    0.000000000000E+00   -6.036690320521E-07    1.105888326752E-13    0.000000000000E+00   -1.422861553866E-07    0.000000000000E+00
    2.462306041859E-01    0.000000000000E+00   -9.923895629654E-07    2.802668473360E-13    0.000000000000E+00   -2.339084631856E-07    0.000000000000E+00
    2.641325014290E-01    0.000000000000E+00   -1.600421011350E-06    6.859166706877E-13    0.000000000000E+00   -3.772228499654E-07    0.000000000000E+00
    2.826625354175E-01    0.000000000000E+00   -2.534808875311E-06    1.624575677469E-12    0.000000000000E+00   -5.974601815860E-07    0.000000000000E+00
    3.018207061513E-01    0.000000000000E+00   -3.946874622947E-06    3.730842600531E-12    0.000000000000E+00   -9.302872701389E-07    0.000000000000E+00
    3.216070136306E-01    0.000000000000E+00   -6.047162118238E-06    8.321836576882E-12    0.000000000000E+00   -1.425329780283E-06    0.000000000000E+00
    3.420214578552E-01    0.000000000000E+00   -9.124175967872E-06    1.805717099578E-11    0.000000000000E+00   -2.150588899960E-06    0.000000000000E+00
    3.630640388251E-01    0.000000000000E+00   -1.356745914612E-05    3.816861554099E-11    0.000000000000E+00   -3.197880788764E-06    0.000000000000E+00
    3.847347565405E-01    0.000000000000E+00   -1.989550708758E-05    7.869369785813E-11    0.000000000000E+00   -4.689415992786E-06    0.000000000000E+00
    4.070336110012E-01    0.000000000000E+00   -2.878891591497E-05    1.584348603692E-10    0.000000000000E+00   -6.785612556858E-06    0.000000000000E+00
    4.299606022073E-01    0.000000000000E+00   -4.112900536871E-05    3.118131450059E-10    0.000000000000E+00   -9.694199536656E-06    0.000000000000E+00
    4.535157301587E-01    0.000000000000E+00   -5.804193652474E-05    6.004641091347E-10    0.000000000000E+00   -1.368061564500E-05    0.000000000000E+00
    4.776989948556E-01    0.000000000000E+00   -8.094805843609E-05    1.132425549548E-09    0.000000000000E+00   -1.907964036790E-05    0.000000000000E+00
    5.025103962978E-01    0.000000000000E+00   -1.116158692834E-04    2.093206526925E-09    0.000000000000E+00   -2.630811273173E-05    0.000000000000E+00
    5.279499344853E-01    0.000000000000E+00   -1.522195753790E-04    3.795041259048E-09    0.000000000000E+00   -3.587849809459E-05    0.000000000000E+00
    5.540176094183E-01    0.000000000000E+00   -2.053987910719E-04    6.753370014523E-09    0.000000000000E+00   -4.841295955577E-05    0.000000000000E+00
    5.807134210966E-01    0.000000000000E+00   -2.743184667548E-04    1.180320729991E-08    0.000000000000E+00   -6.465748313443E-05    0.000000000000E+00
    6.080373695203E-01    0.000000000000E+00   -3.627266896112E-04    2.027269431313E-08    0.000000000000E+00   -8.549550155536E-05    0.000000000000E+00
    6.359894546894E-01    0.000000000000E+00   -4.750076062599E-04    3.423688545870E-08    0.000000000000E+00   -1.119603682637E-04    0.000000000000E+00
    6.645696766038E-01    0.000000000000E+00   -6.162264046745E-04    5.688170950057E-08    0.000000000000E+00   -1.452459598023E-04    0.000000000000E+00
    6.937780352636E-01    0.000000000000E+00   -7.921631012884E-04    9.301598157124E-08    0.000000000000E+00   -1.867146395498E-04    0.000000000000E+00
    7.236145306688E-01    0.000000000000E+00   -1.009331841244E-03    1.497780726875E-07    0.000000000000E+00   -2.379018068607E-04    0.000000000000E+00
    7.540791628193E-01    0.000000000000E+00   -1.274982561643E-03    2.375929274162E-07    0.000000000000E+00   -3.005162890730E-04    0.000000000000E+00
    7.851719317153E-01    0.000000000000E+00   -1.597082205448E-03    3.714438952762E-07    0.000000000000E+00   -3.764359134282E-04    0.000000000000E+00
    8.168928373565E-01    0.000000000000E+00   -1.984273210478E-03    5.725314240562E-07    0.000000000000E+00   -4.676977224066E-04    0.000000000000E+00
    8.492418797432E-01    0.000000000000E+00   -2.445807721994E-03    8.703959649299E-07    0.000000000000E+00   -5.764824665546E-04    0.000000000000E+00
    8.822190588753E-01    0.000000000000E+00   -2.991456861858E-03    1.305584226679E-06    0.000000000000E+00   -7.050932172164E-04    0.000000000000E+00
    9.158243747527E-01    0.000000000000E+00   -3.631395390888E-03    1.932934900390E-06    0.000000000000E+00   -8.559281779805E-04    0.000000000000E+00
    9.500578273755E-01    0.000000000000E+00   -4.376063170847E-03    2.825550935057E-06    0.000000000000E+00   -1.031448025607E-03    0.000000000000E+00
    9.849194167436E-01    0.000000000000E+00   -5.236005907243E-03    4.079509377904E-06    0.000000000000E+00   -1.234138364306E-03    0.000000000000E+00
    1.020409142857E+00    0.000000000000E+00   -6.221698669020E-03    5.819336072800E-06    0.000000000000E+00   -1.466468116274E-03    0.000000000000E+00
    1.056527005716E+00    0.000000000000E+00   -7.343356573004E-03    8.204241038193E-06    0.000000000000E+00   -1.730844881487E-03    0.000000000000E+00
    1.093273005320E+00    0.000000000000E+00   -8.610737733127E-03    1.143507166769E-05    0.000000000000E+00   -2.029568467706E-03    0.000000000000E+00
    1.130647141670E+00    0.000000000000E+00   -1.003294406142E-02    1.576189627175E-05    0.000000000000E+00   -2.364783906746E-03    0.000000000000E+00
    1.168649414765E+00    0.000000000000E+00   -1.161822573893E-02    2.149208188161E-05    0.000000000000E+00   -2.738435328332E-03    0.000000000000E+00
    1.207279824605E+00    0.000000000000E+00   -1.337379513602E-02    2.899868027642E-05    0.000000000000E+00   -3.152222054952E-03    0.000000000000E+00
    1.246538371191E+00    0.000000000000E+00   -1.530565565720E-02    3.872888796020E-05    0.000000000000E+00   -3.607558211238E-03    0.000000000000E+00
    1.286425054522E+00    0.000000000000E+00   -1.741845043578E-02    5.121230266566E-05    0.000000000000E+00   -4.105537014279E-03    0.000000000000E+00
    1.326939874599E+00    0.000000000000E+00   -1.971533504459E-02    6.706866422469E-05    0.000000000000E+00   -4.646900735407E-03    0.000000000000E+00
    1.368082831421E+00    0.000000000000E+00   -2.219787746715E-02    8.701474439047E-05    0.000000000000E+00   -5.232017110318E-03    0.000000000000E+00
    1.409853924988E+00    0.000000000000E+00   -2.486598754449E-02    1.118700408687E-04    0.000000000000E+00   -5.860862735629E-03    0.000000000000E+00
    1.452253155301E+00    0.000000000000E+00   -2.771787703406E-02    1.425609371143E-04    0.000000000000E+00   -6.533013739606E-03    0.000000000000E+00
    1.495280522359E+00    0.000000000000E+00   -3.075005034748E-02    1.801230120391E-04    0.000000000000E+00   -7.247643766032E-03    0.000000000000E+00
    1.538936026162E+00    0.000000000000E+00   -3.395732502493E-02    2.257012223235E-04    0.000000000000E+00   -8.003529075075E-03    0.000000000000E+00
    1.583219666711E+00    0.000000000000E+00   -3.733288010359E-02    2.805477331051E-04    0.000000000000E+00   -8.799060353948E-03    0.000000000000E+00
    1.628131444005E+00    0.000000000000E+00   -4.086832977910E-02    3.460172381219E-04    0.000000000000E+00   -9.632260651114E-03    0.000000000000E+00
    1.673671358044E+00    0.000000000000E+00   -4.455381916972E-02    4.235596847889E-04    0.000000000000E+00   -1.050080870620E-02    0.000000000000E+00
    1.719839408829E+00    0.000000000000E+00   -4.837813858343E-02    5.147103996217E-04    0.000000000000E+00   -1.140206684661E-02    0.000000000000E+00
    1.766635596359E+00    0.000000000000E+00   -5.232885246293E-02    6.210776909741E-04    0.000000000000E+00   -1.233311256148E-02    0.000000000000E+00
    1.814059920635E+00    0.000000000000E+00   -5.639243913203E-02    7.443280854637E-04    0.000000000000E+00   -1.329077284189E-02    0.000000000000E+00
    1.862112381656E+00    0.000000000000E+00   -6.055443757508E-02    8.861694281045E-04    0.000000000000E+00   -1.427166039063E-02    0.000000000000E+00
    1.910792979422E+00    0.000000000000E+00   -6.479959772400E-02    1.048332141031E-03    0.000000000000E+00   -1.527221084860E-02    0.000000000000E+00
    1.960101713934E+00    0.000000000000E+00   -6.911203107934E-02    1.232548989366E-03    0.000000000000E+00   -1.628872025436E-02    0.000000000000E+00
    2.010038585191E+00    0.000000000000E+00   -7.347535892307E-02    1.440533743572E-03    0.000000000000E+00   -1.731738204063E-02    0.000000000000E+00
    2.060603593194E+00    0.000000000000E+00   -7.787285586098E-02    1.673959154654E-03    0.000000000000E+00   -1.835432297083E-02    0.000000000000E+00
    2.111796737941E+00    0.000000000000E+00   -8.228758693441E-02    1.934434671714E-03    0.000000000000E+00   -1.939563752502E-02    0.000000000000E+00
    2.163618019435E+00    0.000000000000E+00   -8.670253703826E-02    2.223484331074E-03    0.000000000000E+00   -2.043742035113E-02    0.000000000000E+00
    2.216067437673E+00    0.000000000000E+00   -9.110073185256E-02    2.542525233661E-03    0.000000000000E+00   -2.147579650035E-02    0.000000000000E+00
    2.269144992657E+00    0.000000000000E+00   -9.546534992041E-02    2.892847003959E-03    0.000000000000E+00   -2.250694926202E-02    0.000000000000E+00
    2.322850684386E+00    0.000000000000E+00   -9.977982587227E-02    3.275592591545E-03    0.000000000000E+00   -2.352714549846E-02    0.000000000000E+00
    2.377184512861E+00    0.000000000000E+00   -1.040279450961E-01    3.691740736774E-03    0.000000000000E+00   -2.453275845493E-02    0.000000000000E+00
    2.432146478081E+00    0.000000000000E+00   -1.081939303783E-01    4.142090377764E-03    0.000000000000E+00   -2.552028808026E-02    0.000000000000E+00
    2.487736580047E+00    0.000000000000E+00   -1.122625211944E-01    4.627247228032E-03    0.000000000000E+00   -2.648637894206E-02    0.000000000000E+00
    2.543954818757E+00    0.000000000000E+00   -1.162190464037E-01    5.147612704966E-03    0.000000000000E+00   -2.742783585497E-02    0.000000000000E+00
    2.600801194214E+00    0.000000000000E+00   -1.200494911201E-01    5.703375339961E-03    0.000000000000E+00   -2.834163736348E-02    0.000000000000E+00
    2.658275706415E+00    0.000000000000E+00   -1.237405584769E-01    6.294504752928E-03    0.000000000000E+00   -2.922494723275E-02    0.000000000000E+00
    2.716378355362E+00    0.000000000000E+00   -1.272797269061E-01    6.920748227845E-03    0.000000000000E+00   -3.007512410332E-02    0.000000000000E+00
    2.775109141054E+00    0.000000000000E+00   -1.306553034124E-01    7.581629882788E-03    0.000000000000E+00   -3.088972946071E-02    0.000000000000E+00
    2.834468063492E+00    0.000000000000E+00   -1.338564731499E-01    8.276452387865E-03    0.000000000000E+00   -3.166653405942E-02    0.000000000000E+00
    2.894455122675E+00    0.000000000000E+00   -1.368733454215E-01    9.004301148095E-03    0.000000000000E+00   -3.240352292532E-02    0.000000000000E+00
    2.955070318604E+00    0.000000000000E+00   -1.396969960283E-01    9.764050835444E-03    0.000000000000E+00   -3.309889904233E-02    0.000000000000E+00
    3.016313651277E+00    0.000000000000E+00   -1.423195057086E-01    1.055437412512E-02    0.000000000000E+00   -3.375108580974E-02    0.000000000000E+00
    3.078185120696E+00    0.000000000000E+00   -1.447339942354E-01    1.137375246579E-02    0.000000000000E+00   -3.435872833724E-02    0.000000000000E+00
    3.140684726861E+00    0.000000000000E+00   -1.469346496011E-01    1.222048869141E-02    0.000000000000E+00   -3.492069362720E-02    0.000000000000E+00
    3.203812469771E+00    0.000000000000E+00   -1.489167516104E-01    1.309272126414E-02    0.000000000000E+00   -3.543606967797E-02    0.000000000000E+00
    3.267568349426E+00    0.000000000000E+00   -1.506766891410E-01    1.398843992195E-02    0.000000000000E+00   -3.590416353074E-02    0.000000000000E+00
    3.331952365827E+00    0.000000000000E+00   -1.522119703153E-01    1.490550249541E-02    0.000000000000E+00   -3.632449827114E-02    0.000000000000E+00
    3.396964518973E+00    0.000000000000E+00   -1.535212248630E-01    1.584165264620E-02    0.000000000000E+00   -3.669680899681E-02    0.000000000000E+00
    3.462604808864E+00    0.000000000000E+00   -1.546041980319E-01    1.679453827994E-02    0.000000000000E+00   -3.702103775604E-02    0.000000000000E+00
    3.528873235501E+00    0.000000000000E+00   -1.554617355430E-01    1.776173038056E-02    0.000000000000E+00   -3.729732747124E-02    0.000000000000E+00
    3.595769798883E+00    0.000000000000E+00   -1.560957592452E-01    1.874074202019E-02    0.000000000000E+00   -3.752601486317E-02    0.000000000000E+00
    3.663294499011E+00    0.000000000000E+00   -1.565092333319E-01    1.972904730189E-02    0.000000000000E+00   -3.770762240458E-02    0.000000000000E+00
    3.731447335884E+00    0.000000000000E+00   -1.567061212026E-01    2.072410000479E-02    0.000000000000E+00   -3.784284934231E-02    0.000000000000E+00
    3.800228309502E+00    0.000000000000E+00   -1.566913332903E-01    2.172335171284E-02    0.000000000000E+00   -3.793256184218E-02    0.000000000000E+00
    3.869637419865E+00    0.000000000000E+00   -1.564706664151E-01    2.272426922566E-02    0.000000000000E+00   -3.797778232703E-02    0.000000000000E+00
    3.939674666974E+00    0.000000000000E+00   -1.560507354206E-01    2.372435107322E-02    0.000000000000E+00   -3.797967808251E-02    0.000000000000E+00
    4.010340050829E+00    0.000000000000E+00   -1.554388981024E-01    2.472114297086E-02    0.000000000000E+00   -3.793954923853E-02    0.000000000000E+00
    4.081633571429E+00    0.000000000000E+00   -1.546431745534E-01    2.571225208383E-02    0.000000000000E+00   -3.785881622599E-02    0.000000000000E+00
    4.153555228774E+00    0.000000000000E+00   -1.536721622168E-01    2.669535999107E-02    0.000000000000E+00   -3.773900683133E-02    0.000000000000E+00
    4.226105022864E+00    0.000000000000E+00   -1.525349480199E-01    2.766823426613E-02    0.000000000000E+00   -3.758174297686E-02    0.000000000000E+00
    4.299282953700E+00    0.000000000000E+00   -1.512410189711E-01    2.862873862201E-02    0.000000000000E+00   -3.738872735070E-02    0.000000000000E+00
    4.373089021281E+00    0.000000000000E+00   -1.498001726775E-01    2.957484158804E-02    0.000000000000E+00   -3.716173003199E-02    0.000000000000E+00
    4.447523225608E+00    0.000000000000E+00   -1.482224290852E-01    3.050462371876E-02    0.000000000000E+00   -3.690257522907E-02    0.000000000000E+00
    4.522585566680E+00    0.000000000000E+00   -1.465179447487E-01    3.141628335311E-02    0.000000000000E+00   -3.661312826597E-02    0.000000000000E+00
    4.598276044497E+00    0.000000000000E+00   -1.446969307643E-01    3.230814096611E-02    0.000000000000E+00   -3.629528293350E-02    0.000000000000E+00
    4.674594659060E+00    0.000000000000E+00   -1.427695753871E-01    3.317864217365E-02    0.000000000000E+00   -3.595094931840E-02    0.000000000000E+00
    4.751541410368E+00    0.000000000000E+00   -1.407459721198E-01    3.402635946743E-02    0.000000000000E+00   -3.558204219843E-02    0.000000000000E+00
    4.829116298421E+00    0.000000000000E+00   -1.386360540288E-01    3.484999276862E-02    0.000000000000E+00   -3.519047010945E-02    0.000000000000E+00
    4.907319323220E+00    0.000000000000E+00   -1.364495346392E-01    3.564836890143E-02    0.000000000000E+00   -3.477812512732E-02    0.000000000000E+00
    4.986150484765E+00    0.000000000000E+00   -1.341958558425E-01    3.642044009191E-02    0.000000000000E+00   -3.434687344950E-02    0.000000000000E+00
    5.065609783054E+00    0.000000000000E+00   -1.318841428674E-01    3.716528160392E-02    0.000000000000E+00   -3.389854679902E-02    0.000000000000E+00
    5.145697218089E+00    0.000000000000E+00   -1.295231663055E-01    3.788208862342E-02    0.000000000000E+00   -3.343493468007E-02    0.000000000000E+00
    5.226412789869E+00    0.000000000000E+00   -1.271213110951E-01    3.857017250327E-02    0.000000000000E+00   -3.295777750981E-02    0.000000000000E+00
    5.307756498395E+00    0.000000000000E+00   -1.246865521536E-01    3.922895647700E-02    0.000000000000E+00   -3.246876061834E-02    0.000000000000E+00
    5.389728343666E+00    0.000000000000E+00   -1.222264362666E-01    3.985797094363E-02    0.000000000000E+00   -3.196950909962E-02    0.000000000000E+00
    5.472328325683E+00    0.000000000000E+00   -1.197480698803E-01    4.045684842329E-02    0.000000000000E+00   -3.146158350870E-02    0.000000000000E+00
    5.555556444444E+00    0.000000000000E+00   -1.172581122318E-01    4.102531827192E-02    0.000000000000E+00   -3.094647635957E-02    0.000000000000E+00
    5.639412699952E+00    0.000000000000E+00   -1.147627733064E-01    4.156320123711E-02    0.000000000000E+00   -3.042560938822E-02    0.000000000000E+00
    5.723897092204E+00    0.000000000000E+00   -1.122678161414E-01    4.207040393184E-02    0.000000000000E+00   -2.990033155028E-02    0.000000000000E+00
    5.809009621202E+00    0.000000000000E+00   -1.097785628763E-01    4.254691328960E-02    0.000000000000E+00   -2.937191769281E-02    0.000000000000E+00
    5.894750286945E+00    0.000000000000E+00   -1.072999039448E-01    4.299279105216E-02    0.000000000000E+00   -2.884156783372E-02    0.000000000000E+00
    5.981119089434E+00    0.000000000000E+00   -1.048363101247E-01    4.340816835280E-02    0.000000000000E+00   -2.831040704402E-02    0.000000000000E+00
    6.068116028668E+00    0.000000000000E+00   -1.023918466683E-01    4.379324041730E-02    0.000000000000E+00   -2.777948581618E-02    0.000000000000E+00
    6.155741104648E+00    0.000000000000E+00   -9.997018929830E-02    4.414826143047E-02    0.000000000000E+00   -2.724978091425E-02    0.000000000000E+00
    6.243994317372E+00    0.000000000000E+00   -9.757464150939E-02    4.447353958451E-02    0.000000000000E+00   -2.672219662076E-02    0.000000000000E+00
    6.332875666843E+00    0.000000000000E+00   -9.520815290484E-02    4.476943233680E-02    0.000000000000E+00   -2.619756635038E-02    0.000000000000E+00
    6.422385153058E+00    0.000000000000E+00   -9.287333814437E-02    4.503634188358E-02    0.000000000000E+00   -2.567665456006E-02    0.000000000000E+00
    6.512522776019E+00    0.000000000000E+00   -9.057249629200E-02    4.527471086594E-02    0.000000000000E+00   -2.516015892600E-02    0.000000000000E+00
    6.603288535725E+00    0.000000000000E+00   -8.830763022368E-02    4.548501830397E-02    0.000000000000E+00   -2.464871272254E-02    0.000000000000E+00
    6.694682432177E+00    0.000000000000E+00   -8.608046599586E-02    4.566777577307E-02    0.000000000000E+00   -2.414288738824E-02    0.000000000000E+00
    6.786704465374E+00    0.000000000000E+00   -8.389247188861E-02    4.582352380901E-02    0.000000000000E+00   -2.364319521599E-02    0.000000000000E+00
    6.879354635316E+00    0.000000000000E+00   -8.174487700329E-02    4.595282853955E-02    0.000000000000E+00   -2.315009213862E-02    0.000000000000E+00
    6.972632942004E+00    0.000000000000E+00   -7.963868933088E-02    4.605627854097E-02    0.000000000000E+00   -2.266398058607E-02    0.000000000000E+00
    7.066539385437E+00    0.000000000000E+00   -7.757471320702E-02    4.613448191489E-02    0.000000000000E+00   -2.218521238866E-02    0.000000000000E+00
    7.161073965616E+00    0.000000000000E+00   -7.555356593419E-02    4.618806355153E-02    0.000000000000E+00   -2.171409166404E-02    0.000000000000E+00
    7.256236682540E+00    0.000000000000E+00   -7.357569377329E-02    4.621766260998E-02    0.000000000000E+00   -2.125087772710E-02    0.000000000000E+00
    7.352027536209E+00    0.000000000000E+00   -7.164138701883E-02    4.622393016407E-02    0.000000000000E+00   -2.079578794150E-02    0.000000000000E+00
    7.448446526624E+00    0.000000000000E+00   -6.975079431721E-02    4.620752703260E-02    0.000000000000E+00   -2.034900053934E-02    0.000000000000E+00
    7.545493653784E+00    0.000000000000E+00   -6.790393612427E-02    4.616912176652E-02    0.000000000000E+00   -1.991065737072E-02    0.000000000000E+00
    7.643168917689E+00    0.000000000000E+00   -6.610071737496E-02    4.610938879602E-02    0.000000000000E+00   -1.948086658840E-02    0.000000000000E+00
    7.741472318340E+00    0.000000000000E+00   -6.434093924822E-02    4.602900669914E-02    0.000000000000E+00   -1.905970522352E-02    0.000000000000E+00
    7.840403855736E+00    0.000000000000E+00   -6.262431024559E-02    4.592865662522E-02    0.000000000000E+00   -1.864722169723E-02    0.000000000000E+00
    7.939963529877E+00    0.000000000000E+00   -6.095045641067E-02    4.580902082036E-02    0.000000000000E+00   -1.824343820917E-02    0.000000000000E+00
    8.040151340764E+00    0.000000000000E+00   -5.931893087146E-02    4.567078128138E-02    0.000000000000E+00   -1.784835304000E-02    0.000000000000E+00
    8.140967288396E+00    0.000000000000E+00   -5.772922259256E-02    4.551461849419E-02    0.000000000000E+00   -1.746194272446E-02    0.000000000000E+00
    8.242411372774E+00    0.000000000000E+00   -5.618076452820E-02    4.534121028932E-02    0.000000000000E+00   -1.708416413723E-02    0.000000000000E+00
    8.344483593897E+00    0.000000000000E+00   -5.467294106524E-02    4.515123076930E-02    0.000000000000E+00   -1.671495644982E-02    0.000000000000E+00
    8.447183951765E+00    0.000000000000E+00   -5.320509487542E-02    4.494534932316E-02    0.000000000000E+00   -1.635424298188E-02    0.000000000000E+00
    8.550512446379E+00    0.000000000000E+00   -5.177653319113E-02    4.472422971661E-02    0.000000000000E+00   -1.600193294222E-02    0.000000000000E+00
    8.654469077738E+00    0.000000000000E+00   -5.038653354872E-02    4.448852925571E-02    0.000000000000E+00   -1.565792306392E-02    0.000000000000E+00
    8.759053845843E+00    0.000000000000E+00   -4.903434901500E-02    4.423889801333E-02    0.000000000000E+00   -1.532209913016E-02    0.000000000000E+00
    8.864266750693E+00    0.000000000000E+00   -4.771921291374E-02    4.397597810677E-02    0.000000000000E+00   -1.499433738782E-02    0.000000000000E+00
    8.970107792288E+00    0.000000000000E+00   -4.644034316129E-02    4.370040305018E-02    0.000000000000E+00   -1.467450587643E-02    0.000000000000E+00
    9.076576970628E+00    0.000000000000E+00   -4.519694613321E-02    4.341279713901E-02    0.000000000000E+00   -1.436246564139E-02    0.000000000000E+00
    9.183674285714E+00    0.000000000000E+00   -4.398822022607E-02    4.311377491400E-02    0.000000000000E+00   -1.405807187837E-02    0.000000000000E+00
    9.291399737546E+00    0.000000000000E+00   -4.281335894933E-02    4.280394062576E-02    0.000000000000E+00   -1.376117494998E-02    0.000000000000E+00
    9.399753326122E+00    0.000000000000E+00   -4.167155381777E-02    4.248388779485E-02    0.000000000000E+00   -1.347162135855E-02    0.000000000000E+00
    9.508735051444E+00    0.000000000000E+00   -4.056199685000E-02    4.215419877629E-02    0.000000000000E+00   -1.318925460685E-02    0.000000000000E+00
    9.618344913512E+00    0.000000000000E+00   -3.948388282491E-02    4.181544437813E-02    0.000000000000E+00   -1.291391599334E-02    0.000000000000E+00
    9.728582912325E+00    0.000000000000E+00   -3.843641129755E-02    4.146818352567E-02    0.000000000000E+00   -1.264544533958E-02    0.000000000000E+00
    9.839449047883E+00    0.000000000000E+00   -3.741878833647E-02    4.111296294115E-02    0.000000000000E+00   -1.238368163341E-02    0.000000000000E+00
    9.950943320186E+00    0.000000000000E+00   -3.643022810980E-02    4.075031688916E-02    0.000000000000E+00   -1.212846362985E-02    0.000000000000E+00
    1.006306572924E+01    0.000000000000E+00   -3.546995418357E-02    4.038076690944E-02    0.000000000000E+00   -1.187963035850E-02    0.000000000000E+00
    1.017581627503E+01    0.000000000000E+00   -3.453720075169E-02    4.000482163858E-02    0.000000000000E+00   -1.163702161454E-02    0.000000000000E+00
    1.028919495757E+01    0.000000000000E+00   -3.363121361332E-02    3.962297661670E-02    0.000000000000E+00   -1.140047836453E-02    0.000000000000E+00
    1.040320177685E+01    0.000000000000E+00   -3.275125105622E-02    3.923571415305E-02    0.000000000000E+00   -1.116984312328E-02    0.000000000000E+00
    1.051783673288E+01    0.000000000000E+00   -3.189658455173E-02    3.884350318966E-02    0.000000000000E+00   -1.094496026497E-02    0.000000000000E+00
    1.063309982566E+01    0.000000000000E+00   -3.106649939614E-02    3.844679923271E-02    0.000000000000E+00   -1.072567631866E-02    0.000000000000E+00
    1.074899105518E+01    0.000000000000E+00   -3.026029519984E-02    3.804604428703E-02    0.000000000000E+00   -1.051184020947E-02    0.000000000000E+00
    1.086551042145E+01    0.000000000000E+00   -2.947728625683E-02    3.764166680246E-02    0.000000000000E+00   -1.030330345574E-02    0.000000000000E+00
    1.098265792446E+01    0.000000000000E+00   -2.871680188542E-02    3.723408168389E-02    0.000000000000E+00   -1.009992035834E-02    0.000000000000E+00
    1.110043356422E+01    0.000000000000E+00   -2.797818663337E-02    3.682369028983E-02    0.000000000000E+00   -9.901548138190E-03    0.000000000000E+00
    1.121883734072E+01    0.000000000000E+00   -2.726080043890E-02    3.641088047190E-02    0.000000000000E+00   -9.708047057999E-03    0.000000000000E+00
    1.133786925397E+01    0.000000000000E+00   -2.656401870934E-02    3.599602662346E-02    0.000000000000E+00   -9.519280512034E-03    0.000000000000E+00
    1.145752930396E+01    0.000000000000E+00   -2.588723238084E-02    3.557948977703E-02    0.000000000000E+00   -9.335115110341E-03    0.000000000000E+00
    1.157781749070E+01    0.000000000000E+00   -2.522984786265E-02    3.516161767428E-02    0.000000000000E+00   -9.155420715033E-03    0.000000000000E+00
    1.169873381418E+01    0.000000000000E+00   -2.459128699878E-02    3.474274490023E-02    0.000000000000E+00   -8.980070485670E-03    0.000000000000E+00
    1.182027827441E+01    0.000000000000E+00   -2.397098695763E-02    3.432319301173E-02    0.000000000000E+00   -8.808940894681E-03    0.000000000000E+00
    1.194245087139E+01    0.000000000000E+00   -2.336840009542E-02    3.390327068872E-02    0.000000000000E+00   -8.641911732159E-03    0.000000000000E+00
    1.206525160511E+01    0.000000000000E+00   -2.278299378517E-02    3.348327389782E-02    0.000000000000E+00   -8.478866096213E-03    0.000000000000E+00
    1.218868047557E+01    0.000000000000E+00   -2.221425021131E-02    3.306348606292E-02    0.000000000000E+00   -8.319690368178E-03    0.000000000000E+00
    1.231273748279E+01    0.000000000000E+00   -2.166166617804E-02    3.264417828067E-02    0.000000000000E+00   -8.164274195166E-03    0.000000000000E+00
    1.243742262674E+01    0.000000000000E+00   -2.112475284673E-02    3.222560950401E-02    0.000000000000E+00   -8.012510439902E-03    0.000000000000E+00
    1.256273590744E+01    0.000000000000E+00   -2.060303549947E-02    3.180802677380E-02    0.000000000000E+00   -7.864295143154E-03    0.000000000000E+00
    1.268867732489E+01    0.000000000000E+00   -2.009605326773E-02    3.139166544231E-02    0.000000000000E+00   -7.719527469894E-03    0.000000000000E+00
    1.281524687908E+01    0.000000000000E+00   -1.960335884456E-02    3.097674940041E-02    0.000000000000E+00   -7.578109647197E-03    0.000000000000E+00
    1.294244457002E+01    0.000000000000E+00   -1.912451821260E-02    3.056349133657E-02    0.000000000000E+00   -7.439946910064E-03    0.000000000000E+00
    1.307027039770E+01    0.000000000000E+00   -1.865911034791E-02    3.015209298756E-02    0.000000000000E+00   -7.304947435156E-03    0.000000000000E+00
    1.319872436213E+01    0.000000000000E+00   -1.820672690669E-02    2.974274538300E-02    0.000000000000E+00   -7.173022265358E-03    0.000000000000E+00
    1.332780646331E+01    0.000000000000E+00   -1.776697193971E-02    2.933562912693E-02    0.000000000000E+00   -7.044085247994E-03    0.000000000000E+00
    1.345751670123E+01    0.000000000000E+00   -1.733946158176E-02    2.893091466160E-02    0.000000000000E+00   -6.918052959905E-03    0.000000000000E+00
    1.358785507589E+01    0.000000000000E+00   -1.692382374527E-02    2.852876254015E-02    0.000000000000E+00   -6.794844633828E-03    0.000000000000E+00
    1.371882158730E+01    0.000000000000E+00   -1.651969780951E-02    2.812932369719E-02    0.000000000000E+00   -6.674382081551E-03    0.000000000000E+00
    1.385041623546E+01    0.000000000000E+00   -1.612673431756E-02    2.773273972868E-02    0.000000000000E+00   -6.556589620277E-03    0.000000000000E+00
    1.398263902036E+01    0.000000000000E+00   -1.574459468257E-02    2.733914318204E-02    0.000000000000E+00   -6.441394003187E-03    0.000000000000E+00
    1.411548994200E+01    0.000000000000E+00   -1.537295088118E-02    2.694865782992E-02    0.000000000000E+00   -6.328724341878E-03    0.000000000000E+00
    1.424896900040E+01    0.000000000000E+00   -1.501148514944E-02    2.656139894241E-02    0.000000000000E+00   -6.218512028747E-03    0.000000000000E+00
    1.438307619553E+01    0.000000000000E+00   -1.465988969904E-02    2.617747357781E-02    0.000000000000E+00   -6.110690669373E-03    0.000000000000E+00
    1.451781152742E+01    0.000000000000E+00   -1.431786642634E-02    2.579698085931E-02    0.000000000000E+00   -6.005196009694E-03    0.000000000000E+00
    1.465317499604E+01    0.000000000000E+00   -1.398512662632E-02    2.542001224973E-02    0.000000000000E+00   -5.901965864234E-03    0.000000000000E+00
    1.478916660142E+01    0.000000000000E+00   -1.366139071471E-02    2.504665182806E-02    0.000000000000E+00   -5.800940047597E-03    0.000000000000E+00
    1.492578634353E+01    0.000000000000E+00   -1.334638795465E-02    2.467697656210E-02    0.000000000000E+00   -5.702060306904E-03    0.000000000000E+00
    1.506303422240E+01    0.000000000000E+00   -1.303985618083E-02    2.431105656758E-02    0.000000000000E+00   -5.605270250861E-03    0.000000000000E+00
    1.520091023801E+01    0.000000000000E+00   -1.274154155871E-02    2.394895540172E-02    0.000000000000E+00   -5.510515298255E-03    0.000000000000E+00
    1.533941439036E+01    0.000000000000E+00   -1.245119830127E-02    2.359073029008E-02    0.000000000000E+00   -5.417742598847E-03    0.000000000000E+00
    1.547854667946E+01    0.000000000000E+00   -1.216858843319E-02    2.323643240265E-02    0.000000000000E+00   -5.326900980974E-03    0.000000000000E+00
    1.561830710531E+01    0.000000000000E+00   -1.189348154562E-02    2.288610710569E-02    0.000000000000E+00   -5.237940891697E-03    0.000000000000E+00
    1.575869566790E+01    0.000000000000E+00   -1.162565455563E-02    2.253979420637E-02    0.000000000000E+00   -5.150814337729E-03    0.000000000000E+00
    1.589971236723E+01    0.000000000000E+00   -1.136489148025E-02    2.219752820416E-02    0.000000000000E+00   -5.065474833487E-03    0.000000000000E+00
    1.604135720332E+01    0.000000000000E+00   -1.111098319382E-02    2.185933850457E-02    0.000000000000E+00   -4.981877336346E-03    0.000000000000E+00
    1.618363017614E+01    0.000000000000E+00   -1.086372722992E-02    2.152524968180E-02    0.000000000000E+00   -4.899978208298E-03    0.000000000000E+00
    1.632653128571E+01    0.000000000000E+00   -1.062292756016E-02    2.119528169480E-02    0.000000000000E+00   -4.819735160745E-03    0.000000000000E+00
    1.647006053203E+01    0.000000000000E+00   -1.038839437051E-02    2.086945008395E-02    0.000000000000E+00   -4.741107195108E-03    0.000000000000E+00
    1.661421791509E+01    0.000000000000E+00   -1.015994388615E-02    2.054776622478E-02    0.000000000000E+00   -4.664054573326E-03    0.000000000000E+00
    1.675900343490E+01    0.000000000000E+00   -9.937398162628E-03    2.023023751769E-02    0.000000000000E+00   -4.588538763956E-03    0.000000000000E+00
    1.690441709146E+01    0.000000000000E+00   -9.720584893139E-03    1.991686758642E-02    0.000000000000E+00   -4.514522396604E-03    0.000000000000E+00
    1.705045888476E+01    0.000000000000E+00   -9.509337226521E-03    1.960765647788E-02    0.000000000000E+00   -4.441969221283E-03    0.000000000000E+00
    1.719712881480E+01    0.000000000000E+00   -9.303493593260E-03    1.930260086004E-02    0.000000000000E+00   -4.370844071163E-03    0.000000000000E+00
    1.734442688159E+01    0.000000000000E+00   -9.102897528408E-03    1.900169420055E-02    0.000000000000E+00   -4.301112820917E-03    0.000000000000E+00
    1.749235308513E+01    0.000000000000E+00   -8.907397508787E-03    1.870492695316E-02    0.000000000000E+00   -4.232742352792E-03    0.000000000000E+00
    1.764090742541E+01    0.000000000000E+00   -8.716846781580E-03    1.841228671601E-02    0.000000000000E+00   -4.165700514258E-03    0.000000000000E+00
    1.779008990243E+01    0.000000000000E+00   -8.531103217439E-03    1.812375841511E-02    0.000000000000E+00   -4.099956090831E-03    0.000000000000E+00
    1.793990051620E+01    0.000000000000E+00   -8.350029151211E-03    1.783932445380E-02    0.000000000000E+00   -4.035478767911E-03    0.000000000000E+00
    1.809033926672E+01    0.000000000000E+00   -8.173491236018E-03    1.755896487002E-02    0.000000000000E+00   -3.972239099849E-03    0.000000000000E+00
    1.824140615398E+01    0.000000000000E+00   -8.001360302482E-03    1.728265748854E-02    0.000000000000E+00   -3.910208480683E-03    0.000000000000E+00
    1.839310117799E+01    0.000000000000E+00   -7.833511222746E-03    1.701037806799E-02    0.000000000000E+00   -3.849359116205E-03    0.000000000000E+00
    1.854542433874E+01    0.000000000000E+00   -7.669822767562E-03    1.674210042262E-02    0.000000000000E+00   -3.789663988641E-03    0.000000000000E+00
    1.869837563624E+01    0.000000000000E+00   -7.510177492189E-03    1.647779658047E-02    0.000000000000E+00   -3.731096840769E-03    0.000000000000E+00
    1.885195507048E+01    0.000000000000E+00   -7.354461600859E-03    1.621743689213E-02    0.000000000000E+00   -3.673632141832E-03    0.000000000000E+00
    1.900616264147E+01    0.000000000000E+00   -7.202564824911E-03    1.596099015025E-02    0.000000000000E+00   -3.617245061546E-03    0.000000000000E+00
    1.916099834921E+01    0.000000000000E+00   -7.054380315909E-03    1.570842372351E-02    0.000000000000E+00   -3.561911453608E-03    0.000000000000E+00
    1.931646219369E+01    0.000000000000E+00   -6.909804522852E-03    1.545970365057E-02    0.000000000000E+00   -3.507607824948E-03    0.000000000000E+00
    1.947255417491E+01    0.000000000000E+00   -6.768737091311E-03    1.521479476137E-02    0.000000000000E+00   -3.454311319869E-03    0.000000000000E+00
    1.962927429288E+01    0.000000000000E+00   -6.631080753391E-03    1.497366077076E-02    0.000000000000E+00   -3.401999695167E-03    0.000000000000E+00
    1.978662254760E+01    0.000000000000E+00   -6.496741224336E-03    1.473626437280E-02    0.000000000000E+00   -3.350651298413E-03    0.000000000000E+00
    1.994459893906E+01    0.000000000000E+00   -6.365627111767E-03    1.450256734766E-02    0.000000000000E+00   -3.300245054376E-03    0.000000000000E+00
    2.010320346726E+01    0.000000000000E+00   -6.237649812298E-03    1.427253063470E-02    0.000000000000E+00   -3.250760439562E-03    0.000000000000E+00
    2.026243613222E+01    0.000000000000E+00   -6.112723426835E-03    1.404611443002E-02    0.000000000000E+00   -3.202177469816E-03    0.000000000000E+00
    2.042229693391E+01    0.000000000000E+00   -5.990764669207E-03    1.382327826171E-02    0.000000000000E+00   -3.154476680889E-03    0.000000000000E+00
    2.058278587236E+01    0.000000000000E+00   -5.871692774521E-03    1.360398105466E-02    0.000000000000E+00   -3.107639106741E-03    0.000000000000E+00
    2.074390294754E+01    0.000000000000E+00   -5.755429425775E-03    1.338818122070E-02    0.000000000000E+00   -3.061646271220E-03    0.000000000000E+00
    2.090564815948E+01    0.000000000000E+00   -5.641898674451E-03    1.317583672868E-02    0.000000000000E+00   -3.016480173223E-03    0.000000000000E+00
    2.106802150816E+01    0.000000000000E+00   -5.531026851322E-03    1.296690514625E-02    0.000000000000E+00   -2.972123261822E-03    0.000000000000E+00
    2.123102299358E+01    0.000000000000E+00   -5.422742506106E-03    1.276134372925E-02    0.000000000000E+00   -2.928558433956E-03    0.000000000000E+00
    2.139465261575E+01    0.000000000000E+00   -5.316976323049E-03    1.255910945580E-02    0.000000000000E+00   -2.885769010277E-03    0.000000000000E+00
    2.155891037466E+01    0.000000000000E+00   -5.213661064729E-03    1.236015910794E-02    0.000000000000E+00   -2.843738733401E-03    0.000000000000E+00
    2.172379627032E+01    0.000000000000E+00   -5.112731490461E-03    1.216444929514E-02    0.000000000000E+00   -2.802451742859E-03    0.000000000000E+00
    2.188931030273E+01    0.000000000000E+00   -5.014124303881E-03    1.197193652838E-02    0.000000000000E+00   -2.761892573698E-03    0.000000000000E+00
    2.205545247188E+01    0.000000000000E+00   -4.917778082543E-03    1.178257725101E-02    0.000000000000E+00   -2.722046138044E-03    0.000000000000E+00
    2.222222277778E+01    0.000000000000E+00   -4.823633220502E-03    1.159632788869E-02    0.000000000000E+00   -2.682897716528E-03    0.000000000000E+00
    2.238962122042E+01    0.000000000000E+00   -4.731631871249E-03    1.141314489330E-02    0.000000000000E+00   -2.644432948706E-03    0.000000000000E+00
    2.255764779981E+01    0.000000000000E+00   -4.641717884461E-03    1.123298476755E-02    0.000000000000E+00   -2.606637816524E-03    0.000000000000E+00
    2.272630251594E+01    0.000000000000E+00   -4.553836758777E-03    1.105580411608E-02    0.000000000000E+00   -2.569498640725E-03    0.000000000000E+00
    2.289558536882E+01    0.000000000000E+00   -4.467935589433E-03    1.088155968020E-02    0.000000000000E+00   -2.533002071530E-03    0.000000000000E+00
    2.306549635844E+01    0.000000000000E+00   -4.383963009269E-03    1.071020835256E-02    0.000000000000E+00   -2.497135071888E-03    0.000000000000E+00
    2.323603548481E+01    0.000000000000E+00   -4.301869147041E-03    1.054170722228E-02    0.000000000000E+00   -2.461884915191E-03    0.000000000000E+00
    2.340720274792E+01    0.000000000000E+00   -4.221605579476E-03    1.037601360168E-02    0.000000000000E+00   -2.427239176231E-03    0.000000000000E+00
    2.357899814778E+01    0.000000000000E+00   -4.143125280225E-03    1.021308504093E-02    0.000000000000E+00   -2.393185717988E-03    0.000000000000E+00
    2.375142168439E+01    0.000000000000E+00   -4.066382583305E-03    1.005287936849E-02    0.000000000000E+00   -2.359712690753E-03    0.000000000000E+00
    2.392447335774E+01    0.000000000000E+00   -3.991333128787E-03    9.895354688434E-03    0.000000000000E+00   -2.326808513492E-03    0.000000000000E+00
    2.409815316783E+01    0.000000000000E+00   -3.917933835916E-03    9.740469432197E-03    0.000000000000E+00   -2.294461879952E-03    0.000000000000E+00
    2.427246111467E+01    0.000000000000E+00   -3.846142850006E-03    9.588182349010E-03    0.000000000000E+00   -2.262661738942E-03    0.000000000000E+00
    2.444739719826E+01    0.000000000000E+00   -3.775919512914E-03    9.438452543030E-03    0.000000000000E+00   -2.231397295924E-03    0.000000000000E+00
    2.462296141859E+01    0.000000000000E+00   -3.707224319241E-03    9.291239475133E-03    0.000000000000E+00   -2.200657999976E-03    0.000000000000E+00
    2.479915377567E+01    0.000000000000E+00   -3.640018886839E-03    9.146502991971E-03    0.000000000000E+00   -2.170433543545E-03    0.000000000000E+00
    2.497597426949E+01    0.000000000000E+00   -3.574265915903E-03    9.004203325950E-03    0.000000000000E+00   -2.140713850259E-03    0.000000000000E+00
    2.515342290006E+01    0.000000000000E+00   -3.509929156305E-03    8.864301109486E-03    0.000000000000E+00   -2.111489069671E-03    0.000000000000E+00
    2.533149966737E+01    0.000000000000E+00   -3.446973378035E-03    8.726757392637E-03    0.000000000000E+00   -2.082749574257E-03    0.000000000000E+00
    2.551020457143E+01    0.000000000000E+00   -3.385364339449E-03    8.591533652383E-03    0.000000000000E+00   -2.054485953405E-03    0.000000000000E+00
    2.568953761223E+01    0.000000000000E+00   -3.325068752351E-03    8.458591791286E-03    0.000000000000E+00   -2.026689003348E-03    0.000000000000E+00
    2.586949878978E+01    0.000000000000E+00   -3.266054257737E-03    8.327894156915E-03    0.000000000000E+00   -1.999349726894E-03    0.000000000000E+00
    2.605008810408E+01    0.000000000000E+00   -3.208289392752E-03    8.199403538284E-03    0.000000000000E+00   -1.972459323527E-03    0.000000000000E+00
    2.623130555512E+01    0.000000000000E+00   -3.151743568954E-03    8.073083184973E-03    0.000000000000E+00   -1.946009190173E-03    0.000000000000E+00
    2.641315114290E+01    0.000000000000E+00   -3.096387039539E-03    7.948896798172E-03    0.000000000000E+00   -1.919990909987E-03    0.000000000000E+00
    2.659562486743E+01    0.000000000000E+00   -3.042190878244E-03    7.826808545624E-03    0.000000000000E+00   -1.894396252285E-03    0.000000000000E+00
    2.677872672871E+01    0.000000000000E+00   -2.989126950128E-03    7.706783055226E-03    0.000000000000E+00   -1.869217163403E-03    0.000000000000E+00
    2.696245672673E+01    0.000000000000E+00   -2.937167892583E-03    7.588785429680E-03    0.000000000000E+00   -1.844445767444E-03    0.000000000000E+00
    2.714681486150E+01    0.000000000000E+00   -2.886287088001E-03    7.472781239350E-03    0.000000000000E+00   -1.820074357695E-03    0.000000000000E+00
    2.733180113301E+01    0.000000000000E+00   -2.836458643200E-03    7.358736528415E-03    0.000000000000E+00   -1.796095394373E-03    0.000000000000E+00
    2.751741554127E+01    0.000000000000E+00   -2.787657366910E-03    7.246617814221E-03    0.000000000000E+00   -1.772501499777E-03    0.000000000000E+00
    2.770365808627E+01    0.000000000000E+00   -2.739858751042E-03    7.136392093330E-03    0.000000000000E+00   -1.749285456680E-03    0.000000000000E+00
    2.789052876802E+01    0.000000000000E+00   -2.693038944084E-03    7.028026826872E-03    0.000000000000E+00   -1.726440197929E-03    0.000000000000E+00
    2.807802758651E+01    0.000000000000E+00   -2.647174738627E-03    6.921489957194E-03    0.000000000000E+00   -1.703958810283E-03    0.000000000000E+00
    2.826615454175E+01    0.000000000000E+00   -2.602243548971E-03    6.816749899188E-03    0.000000000000E+00   -1.681834527276E-03    0.000000000000E+00
    2.845490963373E+01    0.000000000000E+00   -2.558223393138E-03    6.713775540129E-03    0.000000000000E+00   -1.660060726152E-03    0.000000000000E+00
    2.864429286246E+01    0.000000000000E+00   -2.515092873244E-03    6.612536233799E-03    0.000000000000E+00   -1.638630922493E-03    0.000000000000E+00
    2.883430422794E+01    0.000000000000E+00   -2.472831159158E-03    6.513001800678E-03    0.000000000000E+00   -1.617538767852E-03    0.000000000000E+00
    2.902494373016E+01    0.000000000000E+00   -2.431417976349E-03    6.415142536675E-03    0.000000000000E+00   -1.596778051535E-03    0.000000000000E+00
    2.921621136912E+01    0.000000000000E+00   -2.390833582014E-03    6.318929191989E-03    0.000000000000E+00   -1.576342688997E-03    0.000000000000E+00
    2.940810714484E+01    0.000000000000E+00   -2.351058753796E-03    6.224332978742E-03    0.000000000000E+00   -1.556226723581E-03    0.000000000000E+00
    2.960063105729E+01    0.000000000000E+00   -2.312074773983E-03    6.131325566293E-03    0.000000000000E+00   -1.536424322818E-03    0.000000000000E+00
    2.979378310649E+01    0.000000000000E+00   -2.273863417154E-03    6.039879083524E-03    0.000000000000E+00   -1.516929778142E-03    0.000000000000E+00
    2.998756329244E+01    0.000000000000E+00   -2.236406928974E-03    5.949966098152E-03    0.000000000000E+00   -1.497737494250E-03    0.000000000000E+00
    3.018197161513E+01    0.000000000000E+00   -2.199688021115E-03    5.861559634105E-03    0.000000000000E+00   -1.478841996044E-03    0.000000000000E+00
    3.037700807457E+01    0.000000000000E+00   -2.163689850265E-03    5.774633148761E-03    0.000000000000E+00   -1.460237917396E-03    0.000000000000E+00
    3.057267267076E+01    0.000000000000E+00   -2.128396012444E-03    5.689160546490E-03    0.000000000000E+00   -1.441920006663E-03    0.000000000000E+00
    3.076896540368E+01    0.000000000000E+00   -2.093790522669E-03    5.605116155031E-03    0.000000000000E+00   -1.423883115264E-03    0.000000000000E+00
    3.096588627336E+01    0.000000000000E+00   -2.059857809905E-03    5.522474738428E-03    0.000000000000E+00   -1.406122203284E-03    0.000000000000E+00
    3.116343527978E+01    0.000000000000E+00   -2.026582702417E-03    5.441211485245E-03    0.000000000000E+00   -1.388632333712E-03    0.000000000000E+00
    3.136161242294E+01    0.000000000000E+00   -1.993950412663E-03    5.361301994494E-03    0.000000000000E+00   -1.371408665800E-03    0.000000000000E+00
    3.156041770285E+01    0.000000000000E+00   -1.961946534754E-03    5.282722291928E-03    0.000000000000E+00   -1.354446462566E-03    0.000000000000E+00
    3.175985111951E+01    0.000000000000E+00   -1.930557025769E-03    5.205448805141E-03    0.000000000000E+00   -1.337741079276E-03    0.000000000000E+00
    3.195991267291E+01    0.000000000000E+00   -1.899768199858E-03    5.129458369664E-03    0.000000000000E+00   -1.321287966465E-03    0.000000000000E+00
    3.216060236306E+01    0.000000000000E+00   -1.869566714749E-03    5.054728215182E-03    0.000000000000E+00   -1.305082663712E-03    0.000000000000E+00
    3.236192018995E+01    0.000000000000E+00   -1.839939567418E-03    4.981235973956E-03    0.000000000000E+00   -1.289120803966E-03    0.000000000000E+00
    3.256386615359E+01    0.000000000000E+00   -1.810874080325E-03    4.908959664716E-03    0.000000000000E+00   -1.273398106391E-03    0.000000000000E+00
    3.276644025397E+01    0.000000000000E+00   -1.782357891902E-03    4.837877686442E-03    0.000000000000E+00   -1.257910373932E-03    0.000000000000E+00
    3.296964249110E+01    0.000000000000E+00   -1.754378950205E-03    4.767968819434E-03    0.000000000000E+00   -1.242653494375E-03    0.000000000000E+00
    3.317347286497E+01    0.000000000000E+00   -1.726925504216E-03    4.699212219750E-03    0.000000000000E+00   -1.227623438379E-03    0.000000000000E+00
    3.337793137559E+01    0.000000000000E+00   -1.699986093852E-03    4.631587409672E-03    0.000000000000E+00   -1.212816255638E-03    0.000000000000E+00
    3.358301802295E+01    0.000000000000E+00   -1.673549541615E-03    4.565074271643E-03    0.000000000000E+00   -1.198228072727E-03    0.000000000000E+00
    3.378873280706E+01    0.000000000000E+00   -1.647604947798E-03    4.499653050695E-03    0.000000000000E+00   -1.183855095080E-03    0.000000000000E+00
    3.399507572792E+01    0.000000000000E+00   -1.622141678891E-03    4.435304338895E-03    0.000000000000E+00   -1.169693600411E-03    0.000000000000E+00
    3.420204678552E+01    0.000000000000E+00   -1.597149364452E-03    4.372009080869E-03    0.000000000000E+00   -1.155739942241E-03    0.000000000000E+00
    3.440964597986E+01    0.000000000000E+00   -1.572617886980E-03    4.309748560850E-03    0.000000000000E+00   -1.141990544633E-03    0.000000000000E+00
    3.461787331095E+01    0.000000000000E+00   -1.548537374378E-03    4.248504395792E-03    0.000000000000E+00   -1.128441899846E-03    0.000000000000E+00
    3.482672877879E+01    0.000000000000E+00   -1.524898197237E-03    4.188258540436E-03    0.000000000000E+00   -1.115090571770E-03    0.000000000000E+00
    3.503621238337E+01    0.000000000000E+00   -1.501690956639E-03    4.128993267402E-03    0.000000000000E+00   -1.101933187355E-03    0.000000000000E+00
    3.524632412470E+01    0.000000000000E+00   -1.478906483562E-03    4.070691176796E-03    0.000000000000E+00   -1.088966442298E-03    0.000000000000E+00
    3.545706400277E+01    0.000000000000E+00   -1.456535829477E-03    4.013335182587E-03    0.000000000000E+00   -1.076187095576E-03    0.000000000000E+00
    3.566843201759E+01    0.000000000000E+00   -1.434570259620E-03    3.956908505430E-03    0.000000000000E+00   -1.063591967001E-03    0.000000000000E+00
    3.588042816915E+01    0.000000000000E+00   -1.413001251818E-03    3.901394679570E-03    0.000000000000E+00   -1.051177941761E-03    0.000000000000E+00
    3.609305245746E+01    0.000000000000E+00   -1.391820483552E-03    3.846777528662E-03    0.000000000000E+00   -1.038941959743E-03    0.000000000000E+00
    3.630630488251E+01    0.000000000000E+00   -1.371019833952E-03    3.793041180165E-03    0.000000000000E+00   -1.026881023719E-03    0.000000000000E+00
    3.652018544431E+01    0.000000000000E+00   -1.350591374565E-03    3.740170050082E-03    0.000000000000E+00   -1.014992193077E-03    0.000000000000E+00
    3.673469414286E+01    0.000000000000E+00   -1.330527363750E-03    3.688148836751E-03    0.000000000000E+00   -1.003272581924E-03    0.000000000000E+00
    3.694983097815E+01    0.000000000000E+00   -1.310820244277E-03    3.636962522763E-03    0.000000000000E+00   -9.917193612398E-04    0.000000000000E+00
    3.716559595018E+01    0.000000000000E+00   -1.291462635187E-03    3.586596361428E-03    0.000000000000E+00   -9.803297534049E-04    0.000000000000E+00
    3.738198905896E+01    0.000000000000E+00   -1.272447331509E-03    3.537035883641E-03    0.000000000000E+00   -9.691010367827E-04    0.000000000000E+00
    3.759901030449E+01    0.000000000000E+00   -1.253767295046E-03    3.488266880885E-03    0.000000000000E+00   -9.580305385493E-04    0.000000000000E+00
    3.781665968676E+01    0.000000000000E+00   -1.235415654029E-03    3.440275411357E-03    0.000000000000E+00   -9.471156389247E-04    0.000000000000E+00
    3.803493720578E+01    0.000000000000E+00   -1.217385694766E-03    3.393047784629E-03    0.000000000000E+00   -9.363537647789E-04    0.000000000000E+00
    3.825384286154E+01    0.000000000000E+00   -1.199670861620E-03    3.346570568131E-03    0.000000000000E+00   -9.257423940658E-04    0.000000000000E+00
    3.847337665405E+01    0.000000000000E+00   -1.182264749336E-03    3.300830573049E-03    0.000000000000E+00   -9.152790500265E-04    0.000000000000E+00
    3.869353858330E+01    0.000000000000E+00   -1.165161101548E-03    3.255814856404E-03    0.000000000000E+00   -9.049613034229E-04    0.000000000000E+00
    3.891432864930E+01    0.000000000000E+00   -1.148353805813E-03    3.211510713663E-03    0.000000000000E+00   -8.947867700446E-04    0.000000000000E+00
    3.913574685204E+01    0.000000000000E+00   -1.131836890842E-03    3.167905676954E-03    0.000000000000E+00   -8.847531110686E-04    0.000000000000E+00
    3.935779319153E+01    0.000000000000E+00   -1.115604521659E-03    3.124987507564E-03    0.000000000000E+00   -8.748580304439E-04    0.000000000000E+00
    3.958046766777E+01    0.000000000000E+00   -1.099650995978E-03    3.082744191409E-03    0.000000000000E+00   -8.650992738363E-04    0.000000000000E+00
    3.980377028075E+01    0.000000000000E+00   -1.083970742990E-03    3.041163940833E-03    0.000000000000E+00   -8.554746307193E-04    0.000000000000E+00
    4.002770103047E+01    0.000000000000E+00   -1.068558317566E-03    3.000235183879E-03    0.000000000000E+00   -8.459819301362E-04    0.000000000000E+00
    4.025225991694E+01    0.000000000000E+00   -1.053408398355E-03    2.959946563830E-03    0.000000000000E+00   -8.366190416710E-04    0.000000000000E+00
    4.047744694016E+01    0.000000000000E+00   -1.038515783985E-03    2.920286933467E-03    0.000000000000E+00   -8.273838736712E-04    0.000000000000E+00
    4.070326210012E+01    0.000000000000E+00   -1.023875390120E-03    2.881245351474E-03    0.000000000000E+00   -8.182743726068E-04    0.000000000000E+00
    4.092970539683E+01    0.000000000000E+00   -1.009482248889E-03    2.842811085047E-03    0.000000000000E+00   -8.092885255618E-04    0.000000000000E+00
    4.115677683028E+01    0.000000000000E+00   -9.953315011522E-04    2.804973593048E-03    0.000000000000E+00   -8.004243527645E-04    0.000000000000E+00
    4.138447640047E+01    0.000000000000E+00   -9.814183970941E-04    2.767722531428E-03    0.000000000000E+00   -7.916799114920E-04    0.000000000000E+00
    4.161280410742E+01    0.000000000000E+00   -9.677382933646E-04    2.731047749239E-03    0.000000000000E+00   -7.830532951790E-04    0.000000000000E+00
    4.184175995111E+01    0.000000000000E+00   -9.542866511018E-04    2.694939286864E-03    0.000000000000E+00   -7.745426336172E-04    0.000000000000E+00
    4.207134393154E+01    0.000000000000E+00   -9.410590287422E-04    2.659387359968E-03    0.000000000000E+00   -7.661460857845E-04    0.000000000000E+00
    4.230155604872E+01    0.000000000000E+00   -9.280510859569E-04    2.624382373498E-03    0.000000000000E+00   -7.578618481517E-04    0.000000000000E+00
    4.253239630264E+01    0.000000000000E+00   -9.152585775156E-04    2.589914908245E-03    0.000000000000E+00   -7.496881488918E-04    0.000000000000E+00
    4.276386469331E+01    0.000000000000E+00   -9.026773508176E-04    2.555975717200E-03    0.000000000000E+00   -7.416232469844E-04    0.000000000000E+00
    4.299596122073E+01    0.000000000000E+00   -8.903033454915E-04    2.522555727447E-03    0.000000000000E+00   -7.336654342913E-04    0.000000000000E+00
    4.322868588489E+01    0.000000000000E+00   -8.781325887572E-04    2.489646030394E-03    0.000000000000E+00   -7.258130315368E-04    0.000000000000E+00
    4.346203868579E+01    0.000000000000E+00   -8.661611953877E-04    2.457237884436E-03    0.000000000000E+00   -7.180643907254E-04    0.000000000000E+00
    4.369601962344E+01    0.000000000000E+00   -8.543853648588E-04    2.425322709842E-03    0.000000000000E+00   -7.104178934986E-04    0.000000000000E+00
    4.393062869784E+01    0.000000000000E+00   -8.428013787365E-04    2.393892084187E-03    0.000000000000E+00   -7.028719497572E-04    0.000000000000E+00
    4.416586590898E+01    0.000000000000E+00   -8.314055994402E-04    2.362937741445E-03    0.000000000000E+00   -6.954249981753E-04    0.000000000000E+00
    4.440173125687E+01    0.000000000000E+00   -8.201944667929E-04    2.332451564928E-03    0.000000000000E+00   -6.880755034919E-04    0.000000000000E+00
    4.463822474150E+01    0.000000000000E+00   -8.091644997624E-04    2.302425594382E-03    0.000000000000E+00   -6.808219612566E-04    0.000000000000E+00
    4.487534636288E+01    0.000000000000E+00   -7.983122888830E-04    2.272852007395E-03    0.000000000000E+00   -6.736628888922E-04    0.000000000000E+00
    4.511309612100E+01    0.000000000000E+00   -7.876345007810E-04    2.243723133993E-03    0.000000000000E+00   -6.665968345071E-04    0.000000000000E+00
    4.535147401587E+01    0.000000000000E+00   -7.771278722889E-04    2.215031442524E-03    0.000000000000E+00   -6.596223702123E-04    0.000000000000E+00
    4.559048004749E+01    0.000000000000E+00   -7.667892081033E-04    2.186769535198E-03    0.000000000000E+00   -6.527380907719E-04    0.000000000000E+00
    4.583011421585E+01    0.000000000000E+00   -7.566153828760E-04    2.158930155779E-03    0.000000000000E+00   -6.459426185529E-04    0.000000000000E+00
    4.607037652095E+01    0.000000000000E+00   -7.466033370204E-04    2.131506179889E-03    0.000000000000E+00   -6.392345993327E-04    0.000000000000E+00
    4.631126696280E+01    0.000000000000E+00   -7.367500758778E-04    2.104490614498E-03    0.000000000000E+00   -6.326127028415E-04    0.000000000000E+00
    4.655278554140E+01    0.000000000000E+00   -7.270526668111E-04    2.077876591625E-03    0.000000000000E+00   -6.260756203020E-04    0.000000000000E+00
    4.679493225674E+01    0.000000000000E+00   -7.175082397584E-04    2.051657371534E-03    0.000000000000E+00   -6.196220670178E-04    0.000000000000E+00
    4.703770710882E+01    0.000000000000E+00   -7.081139854421E-04    2.025826339405E-03    0.000000000000E+00   -6.132507814118E-04    0.000000000000E+00
    4.728111009766E+01    0.000000000000E+00   -6.988671523446E-04    2.000376998507E-03    0.000000000000E+00   -6.069605222136E-04    0.000000000000E+00
    4.752514122323E+01    0.000000000000E+00   -6.897650467046E-04    1.975302971686E-03    0.000000000000E+00   -6.007500700832E-04    0.000000000000E+00
    4.776980048556E+01    0.000000000000E+00   -6.808050311017E-04    1.950597998897E-03    0.000000000000E+00   -5.946182270882E-04    0.000000000000E+00
    4.801508788462E+01    0.000000000000E+00   -6.719845226841E-04    1.926255933677E-03    0.000000000000E+00   -5.885638155885E-04    0.000000000000E+00
    4.826100342044E+01    0.000000000000E+00   -6.633009917631E-04    1.902270740593E-03    0.000000000000E+00   -5.825856776688E-04    0.000000000000E+00
    4.850754709300E+01    0.000000000000E+00   -6.547519618148E-04    1.878636496553E-03    0.000000000000E+00   -5.766826766218E-04    0.000000000000E+00
    4.875471890230E+01    0.000000000000E+00   -6.463350065626E-04    1.855347383948E-03    0.000000000000E+00   -5.708536939438E-04    0.000000000000E+00
    4.900251884835E+01    0.000000000000E+00   -6.380477497487E-04    1.832397691227E-03    0.000000000000E+00   -5.650976304696E-04    0.000000000000E+00
    4.925094693114E+01    0.000000000000E+00   -6.298878643289E-04    1.809781811835E-03    0.000000000000E+00   -5.594134064881E-04    0.000000000000E+00
    4.950000315068E+01    0.000000000000E+00   -6.218530702081E-04    1.787494239024E-03    0.000000000000E+00   -5.537999596352E-04    0.000000000000E+00
    4.974968750697E+01    0.000000000000E+00   -6.139411347290E-04    1.765529568324E-03    0.000000000000E+00   -5.482562470301E-04    0.000000000000E+00
    5.000000000000E+01    0.000000000000E+00   -6.061498692954E-04    1.743882489152E-03    0.000000000000E+00   -5.427812412483E-04    0.000000000000E+00
