    1.000000000000E-06    1.559068710917E+02   -2.874915616498E-47    1.844920607148E-46    3.117691453657E+13   -1.472639335641E-47    1.247076581453E+14
    3.150683726861E-04   -5.998371543324E+00    6.560987401580E-43   -1.783376213500E-41    3.140678666127E+08    7.144040366730E-43    1.256271484441E+09
    1.257273490744E-03   -5.999888856926E+00   -4.570945381446E-41   -1.066008979494E-41    1.972302308307E+07    1.499269365308E-40    7.889211033161E+07
    2.827615354175E-03   -5.999951853561E+00    1.224298357811E-41   -7.603694561294E-39    3.899346257150E+06   -6.650248536251E-41    1.559740302839E+07
    5.026093962978E-03   -5.999905866232E+00   -1.277977467065E-38   -4.865906601859E-37    1.234155304431E+06   -5.351753953128E-38    4.936639217423E+06
    7.852709317153E-03   -5.999783791692E+00    6.071981328907E-38   -2.726905553628E-34    5.055788941261E+05    3.152603891886E-37    2.022333575847E+06
    1.130746141670E-02   -5.999555841329E+00    2.073694284029E-36   -4.465622369819E-32    2.438328515617E+05    6.938534698065E-36    9.753494049104E+05
    1.539035026162E-02   -5.999178889328E+00    1.662588559068E-35   -3.340738819254E-30    1.316183160440E+05    6.078011710883E-35    5.264912617103E+05
    2.010137585191E-02   -5.998600213873E+00    1.092464758997E-33   -1.403811614887E-28    7.715210846043E+04    4.677996718432E-33    3.086264296411E+05
    2.544053818757E-02   -5.997758543481E+00    2.943737747642E-34   -3.794770076322E-27    4.816443450824E+04    1.972877522552E-34    1.926757313078E+05
    3.140783726861E-02   -5.996584610244E+00    2.658712586042E-33   -7.242840748491E-26    3.159909610252E+04    1.765143813508E-32    1.264143741634E+05
    3.800327309502E-02   -5.995001031573E+00   -7.900000956036E-32   -1.042984704484E-24    2.158094713233E+04   -3.227534363268E-31    8.634177353207E+04
    4.522684566680E-02   -5.992922569931E+00   -1.589055750739E-32   -1.189999629568E-23    1.523595713784E+04    1.094364909824E-31    6.096180731883E+04
    5.307855498395E-02   -5.990256262655E+00   -1.039432462828E-30   -1.116499739132E-22    1.106011891345E+04   -2.944915702623E-30    4.425844642241E+04
    6.155840104648E-02   -5.986901622013E+00    2.184180289454E-30   -8.866370316533E-22    8.221334645210E+03    8.635182427931E-30    3.290329928557E+04
    7.066638385437E-02   -5.982750892033E+00    1.661395000189E-29   -6.097236608371E-21    6.237219383664E+03    7.323337180675E-29    2.496682578723E+04
    8.040250340764E-02   -5.977689360756E+00   -4.099856739414E-29   -3.698367980427E-20    4.816763876668E+03   -1.777396855084E-28    1.928498857468E+04
    9.076675970628E-02   -5.971595758702E+00   -1.456871986604E-28   -2.008636933436E-19    3.778275348278E+03   -6.788655820743E-28    1.513101618033E+04
    1.017591527503E-01   -5.964342715330E+00   -1.462842542335E-27   -9.890101618371E-19    3.004865192913E+03   -6.371828410475E-27    1.203735379975E+04
    1.133796825397E-01   -5.955797324205E+00   -1.164424048566E-26   -4.460827305339E-18    2.419328523866E+03   -5.191996450301E-26    9.695181487398E+03
    1.256283490744E-01   -5.945821789636E+00   -9.277868755419E-26   -1.859293617863E-17    1.969466813328E+03   -4.133488202423E-25    7.895704718648E+03
    1.385051523546E-01   -5.934274188808E+00   -6.569994945040E-25   -7.214952487477E-17    1.619244994865E+03   -2.926130175254E-24    6.494782802001E+03
    1.520100923801E-01   -5.921009340621E+00   -4.159033027797E-24   -2.623280530586E-16    1.343316128243E+03   -1.852661732148E-23    5.391027540971E+03
    1.661431691509E-01   -5.905879786299E+00   -2.430262445493E-23   -8.986164563645E-16    1.123547090470E+03   -1.082389044148E-22    4.511906001221E+03
    1.809043826672E-01   -5.888736892065E+00   -1.309773969383E-22   -2.914065474837E-15    9.467647374625E+02   -5.833146169968E-22    3.804725160510E+03
    1.962937329288E-01   -5.869432067453E+00   -6.574871702818E-22   -8.983224154603E-15    8.032642205691E+02   -2.928019663892E-21    3.230665178465E+03
    2.123112199358E-01   -5.847818101014E+00   -3.087318683436E-21   -2.642183584664E-14    6.858035509362E+02   -1.374820062443E-20    2.760757658036E+03
    2.289568436882E-01   -5.823750603849E+00   -1.362713474802E-20   -7.438616579951E-14    5.889145034665E+02   -6.067973827024E-20    2.373129265668E+03
    2.462306041859E-01   -5.797089558380E+00   -5.677384340181E-20   -2.010290199400E-13    5.084230370979E+02   -2.527894584890E-19    2.051083417058E+03
    2.641325014290E-01   -5.767700951577E+00   -2.240783932766E-19   -5.228328514451E-13    4.411107818150E+02   -9.976544226266E-19    1.781746230107E+03
    2.826625354175E-01   -5.735458484051E+00   -8.405809532448E-19   -1.311549895919E-12    3.844729576407E+02   -3.742191846956E-18    1.555098206009E+03
    3.018207061513E-01   -5.700245327188E+00   -3.005762327818E-18   -3.179809047039E-12    3.365431460151E+02   -1.338026151465E-17    1.363273320036E+03
    3.216070136306E-01   -5.661955909052E+00   -1.027224038223E-17   -7.464446379675E-12    2.957650154038E+02   -4.572308700610E-17    1.200045929338E+03
    3.420214578552E-01   -5.620497695469E+00   -3.363084212552E-17   -1.699345493099E-11    2.608974281961E+02   -1.496805718397E-16    1.060451205867E+03
    3.630640388251E-01   -5.575792937916E+00   -1.057059196883E-16   -3.757434548042E-11    2.309435497365E+02   -4.704150333840E-16    9.405015777578E+02
    3.847347565405E-01   -5.527780350681E+00   -3.195871769447E-16   -8.079870582811E-11    2.050973994130E+02   -1.422074250586E-15    8.369729387040E+02
    4.070336110012E-01   -5.476416679658E+00   -9.310444936037E-16   -1.691784344373E-10    1.827032031825E+02   -4.142392661159E-15    7.472420627720E+02
    4.299606022073E-01   -5.421678125942E+00   -2.617803270768E-15   -3.452954004270E-10    1.632242296724E+02   -1.164562016242E-14    6.691619530758E+02
    4.535157301587E-01   -5.363561583606E+00   -7.114155068008E-15   -6.876669737620E-10    1.462187138951E+02   -3.164394845144E-14    6.009655403477E+02
    4.776989948556E-01   -5.302085654936E+00   -1.871158063724E-14   -1.337541459366E-09    1.313211219902E+02   -8.321786280928E-14    5.411907449546E+02
    5.025103962978E-01   -5.237291408079E+00   -4.769055827251E-14   -2.542999482079E-09    1.182274724360E+02   -2.120676123746E-13    4.886217640165E+02
    5.279499344853E-01   -5.169242845995E+00   -1.179183486922E-13   -4.729719577814E-09    1.066837610109E+02   -5.242717140963E-13    4.422427726583E+02
    5.540176094183E-01   -5.098027060822E+00   -2.831475513221E-13   -8.611724882035E-09    9.647677726772E+01   -1.258688697961E-12    4.012011903702E+02
    5.807134210966E-01   -5.023754054845E+00   -6.609208654932E-13   -1.536046881925E-08    8.742677603542E+01   -2.937534822474E-12    3.647783664767E+02
    6.080373695203E-01   -4.946556216620E+00   -1.501016167644E-12   -2.685674697406E-08    7.938159694580E+01   -6.670289909314E-12    3.323660566700E+02
    6.359894546894E-01   -4.866587449620E+00   -3.319626352162E-12   -4.605698583303E-08    7.221192110387E+01   -1.474932915766E-11    3.034474470746E+02
    6.645696766038E-01   -4.784021959798E+00   -7.154962112873E-12   -7.751307989463E-08    6.580742589761E+01   -3.178427369079E-11    2.775817698436E+02
    6.937780352636E-01   -4.699052717684E+00   -1.504064930597E-11   -1.280924721392E-07    6.007365306093E+01   -6.680236280451E-11    2.543917707885E+02
    7.236145306688E-01   -4.611889620505E+00   -3.085862885992E-11   -2.079516352494E-07    5.492944611956E+01   -1.370316183158E-10    2.335534536363E+02
    7.540791628193E-01   -4.522757387239E+00   -6.183468905910E-11   -3.318202480542E-07    5.030484463326E+01   -2.745327443451E-10    2.147876506647E+02
    7.851719317153E-01   -4.431893228489E+00   -1.210918581556E-10   -5.206536733240E-07    4.613934664923E+01   -5.375190496577E-10    1.978530654967E+02
    8.168928373565E-01   -4.339544338341E+00   -2.318970752331E-10   -8.037062236402E-07    4.238046930547E+01   -1.029178073844E-09    1.825405079522E+02
    8.492418797432E-01   -4.245965260853E+00   -4.345439307240E-10   -1.221065636783E-06    3.898255189667E+01   -1.928168224768E-09    1.686680983575E+02
    8.822190588753E-01   -4.151415186610E+00   -7.972273511775E-10   -1.826668995933E-06    3.590575692851E+01   -3.536790136836E-09    1.560772635830E+02
    9.158243747527E-01   -4.056155236093E+00   -1.432799333698E-09   -2.691791461529E-06    3.311523347980E+01   -6.355188952033E-09    1.446293822516E+02
    9.500578273755E-01   -3.960445785517E+00   -2.523953767736E-09   -3.908961940629E-06    3.058041412127E+01   -1.119285420220E-08    1.342029642779E+02
    9.849194167436E-01   -3.864543888912E+00   -4.360163927570E-09   -5.596215579981E-06    2.827442212587E+01   -1.933210749645E-08    1.246912718362E+02
    1.020409142857E+00   -3.768700845147E+00   -7.390558594194E-09   -7.901544249304E-06    2.617357007106E+01   -3.276207236109E-08    1.160003063017E+02
    1.056527005716E+00   -3.673159953690E+00   -1.229781620248E-08   -1.100735657520E-05    2.425693441976E+01   -5.450555817245E-08    1.080470996447E+02
    1.093273005320E+00   -3.578154495462E+00   -2.009899594803E-08   -1.513471302578E-05    2.250599346610E+01   -8.906498524120E-08    1.007582599288E+02
    1.130647141670E+00   -3.483905967736E+00   -3.227989657346E-08   -2.054706390671E-05    2.090431828642E+01   -1.430164275462E-07    9.406872956544E+01
    1.168649414765E+00   -3.390622593732E+00   -5.096989984576E-08   -2.755319371371E-05    1.943730816071E+01   -2.257824451266E-07    8.792072224978E+01
    1.207279824605E+00   -3.298498119199E+00   -7.916416531100E-08   -3.650906825098E-05    1.809196341059E+01   -3.506139523614E-07    8.226281040621E+01
    1.246538371191E+00   -3.207710900046E+00   -1.209993466843E-07   -4.781829422778E-05    1.685668980766E+01   -5.358082636570E-07    7.704913977710E+01
    1.286425054522E+00   -3.118423277241E+00   -1.820875710004E-07   -6.193093599475E-05    1.572112969305E+01   -8.061841132522E-07    7.223875171687E+01
    1.326939874599E+00   -3.030781228391E+00   -2.699111755938E-07   -7.934049006235E-05    1.467601575882E+01   -1.194824490544E-06    6.779499697275E+01
    1.368082831421E+00   -2.944914278949E+00   -3.942776153364E-07   -1.005788924579E-04    1.371304410850E+01   -1.745084477216E-06    6.368502738210E+01
    1.409853924988E+00   -2.860935651096E+00   -5.678300934706E-07   -1.262095224283E-04    1.282476376355E+01   -2.512844178269E-06    5.987935410063E+01
    1.452253155301E+00   -2.778942624494E+00   -8.066049827617E-07   -1.568182626789E-04    1.200448023759E+01   -3.568966954787E-06    5.635146278329E+01
    1.495280522359E+00   -2.699017080059E+00   -1.130622225567E-06   -1.930027746104E-04    1.124617117710E+01   -5.001901521022E-06    5.307747763918E+01
    1.538936026162E+00   -2.621226196662E+00   -1.564489943117E-06   -2.353602400284E-04    1.054441238081E+01   -6.920344419445E-06    5.003586752919E+01
    1.583219666711E+00   -2.545623269887E+00   -2.137999809510E-06   -2.844739021951E-04    9.894312770866E+00   -9.455858519652E-06    4.720718831575E+01
    1.628131444005E+00   -2.472248622694E+00   -2.886685740415E-06   -3.408988035249E-04    9.291457106473E+00   -1.276532518168E-05    4.457385654369E+01
    1.673671358044E+00   -2.401130579106E+00   -3.852315482163E-06   -4.051471608939E-04    8.731855412669E+00   -1.703309420344E-05    4.211995026069E+01
    1.719839408829E+00   -2.332286474127E+00   -5.083283086463E-06   -4.776738403491E-04    8.211898249280E+00   -2.247268804720E-05    3.983103339830E+01
    1.766635596359E+00   -2.265723675800E+00   -6.634870259803E-06   -5.588623907340E-04    7.728317072708E+00   -2.932791617207E-05    3.769400065059E+01
    1.814059920635E+00   -2.201440598273E+00   -8.569346319609E-06   -6.490120718478E-04    7.278149050713E+00   -3.787326220080E-05    3.569694022272E+01
    1.862112381656E+00   -2.139427688006E+00   -1.095587998521E-05   -7.483262700946E-04    6.858705780587E+00   -4.841342122061E-05    3.382901219044E+01
    1.910792979422E+00   -2.079668368564E+00   -1.387024137249E-05   -8.569026370814E-04    6.467545437483E+00   -6.128188634746E-05    3.208034052377E+01
    1.960101713934E+00   -2.022139932663E+00   -1.739427912459E-05   -9.747252187924E-04    6.102447944025E+00   -7.683851188263E-05    3.044191709373E+01
    2.010038585191E+00   -1.966814373275E+00   -2.161516528127E-05   -1.101658769472E-03    5.761392807018E+00   -9.546601367915E-05    2.890551620683E+01
    2.060603593194E+00   -1.913659148366E+00   -2.662440888150E-05   -1.237445369631E-03    5.442539313443E+00   -1.175654041496E-04    2.746361840549E+01
    2.111796737941E+00   -1.862637876462E+00   -3.251664798638E-05   -1.381703395523E-03    5.144208817483E+00   -1.435503979643E-04    2.610934243733E+01
    2.163618019435E+00   -1.813710962257E+00   -3.938823837407E-05   -1.533928821148E-03    4.864868884168E+00   -1.738408631549E-04    2.483638443807E+01
    2.216067437673E+00   -1.766836153458E+00   -4.733566518875E-05   -1.693498775523E-03    4.603119084105E+00   -2.088554293712E-04    2.363896349444E+01
    2.269144992657E+00   -1.721969031388E+00   -5.645381096350E-05   -1.859677228967E-03    4.357678258750E+00   -2.490033989364E-04    2.251177285832E+01
    2.322850684386E+00   -1.679063439008E+00   -6.683411938725E-05   -2.031622642913E-03    4.127373097117E+00   -2.946761358276E-04    2.144993617365E+01
    2.377184512861E+00   -1.638071850818E+00   -7.856269872892E-05   -2.208397388034E-03    3.911127883452E+00   -3.462381317652E-04    2.044896815614E+01
    2.432146478081E+00   -1.598945689586E+00   -9.171841183093E-05   -2.388978714439E-03    3.707955291503E+00   -4.040179665079E-04    1.950473923344E+01
    2.487736580047E+00   -1.561635595113E+00   -1.063710009746E-04   -2.572271044129E-03    3.516948115123E+00   -4.682993907490E-04    1.861344371225E+01
    2.543954818757E+00   -1.526091650368E+00   -1.225792957158E-04   -2.757119348437E-03    3.337271837152E+00   -5.393127644781E-04    1.777157109041E+01
    2.600801194214E+00   -1.492263570164E+00   -1.403895500623E-04   -2.942323370328E-03    3.168157949332E+00   -6.172270813075E-04    1.697588017646E+01
    2.658275706415E+00   -1.460100857447E+00   -1.598339522337E-04   -3.126652451919E-03    3.008897945367E+00   -7.021428002141E-04    1.622337571812E+01
    2.716378355362E+00   -1.429552931934E+00   -1.809293458791E-04   -3.308860730257E-03    2.858837917579E+00   -7.940856907348E-04    1.551128727561E+01
    2.775109141054E+00   -1.400569235532E+00   -2.036761962097E-04   -3.487702468444E-03    2.717373694872E+00   -8.930018762947E-04    1.483705010550E+01
    2.834468063492E+00   -1.373099318637E+00   -2.280578282343E-04   -3.661947294163E-03    2.583946466210E+00   -9.987542335763E-04    1.419828784689E+01
    2.894455122675E+00   -1.347092911014E+00   -2.540399573928E-04   -3.830395123293E-03    2.458038839479E+00   -1.111120274300E-03    1.359279682533E+01
    2.955070318604E+00   -1.322499980648E+00   -2.815705255600E-04   -3.991890552852E-03    2.339171290704E+00   -1.229791600213E-03    1.301853180968E+01
    3.016313651277E+00   -1.299270783552E+00   -3.105798478746E-04   -4.145336515207E-03    2.226898963089E+00   -1.354374983321E-03    1.247359307564E+01
    3.078185120696E+00   -1.277355907230E+00   -3.409810683163E-04   -4.289706995008E-03    2.120808779392E+00   -1.484395082465E-03    1.195621464502E+01
    3.140684726861E+00   -1.256706310108E+00   -3.726709146322E-04   -4.424058622219E-03    2.020516834734E+00   -1.619298765222E-03    1.146475358428E+01
    3.203812469771E+00   -1.237273359018E+00   -4.055307362570E-04   -4.547540969523E-03    1.925666040197E+00   -1.758460962150E-03    1.099768025808E+01
    3.267568349426E+00   -1.219008866267E+00   -4.394278024696E-04   -4.659405400983E-03    1.835923990657E+00   -1.901191939628E-03    1.055356944470E+01
    3.331952365827E+00   -1.201865128077E+00   -4.742168323616E-04   -4.759012340830E-03    1.750981032486E+00   -2.046745839807E-03    1.013109222956E+01
    3.396964518973E+00   -1.185794964986E+00   -5.097417232952E-04   -4.845836858304E-03    1.670548510027E+00   -2.194330301771E-03    9.729008602790E+00
    3.462604808864E+00   -1.170751765482E+00   -5.458374406948E-04   -4.919472493754E-03    1.594357171042E+00   -2.343116949728E-03    9.346160692979E+00
    3.528873235501E+00   -1.156689532953E+00   -5.823320291185E-04   -4.979633285642E-03    1.522155714234E+00   -2.492252511250E-03    8.981466577797E+00
    3.595769798883E+00   -1.143562936460E+00   -6.190487028610E-04   -5.026153993148E-03    1.453709463134E+00   -2.640870313839E-03    8.633914616832E+00
    3.663294499011E+00   -1.131327365074E+00   -6.558079737004E-04   -5.058988547105E-03    1.388799152862E+00   -2.788101900644E-03    8.302558258435E+00
    3.731447335884E+00   -1.119938985555E+00   -6.924297739329E-04   -5.078206799084E-03    1.327219817572E+00   -2.933088507412E-03    7.986511276701E+00
    3.800228309502E+00   -1.109354802648E+00   -7.287355344328E-04   -5.083989675217E-03    1.268779768089E+00   -3.074992151853E-03    7.684943399425E+00
    3.869637419865E+00   -1.099532721039E+00   -7.645501800927E-04   -5.076622875268E-03    1.213299650553E+00   -3.213006103797E-03    7.397076291734E+00
    3.939674666974E+00   -1.090431608733E+00   -7.997040084291E-04   -5.056489284818E-03    1.160611577413E+00   -3.346364528458E-03    7.122179862722E+00
    4.010340050829E+00   -1.082011359685E+00   -8.340344214727E-04   -5.024060297353E-03    1.110558324585E+00   -3.474351125124E-03    6.859568867348E+00
    4.081633571429E+00   -1.074232955360E+00   -8.673874857872E-04   -4.979886256647E-03    1.062992588022E+00   -3.596306618101E-03    6.608599776678E+00
    4.153555228774E+00   -1.067058523687E+00   -8.996193007495E-04   -4.924586244348E-03    1.017776294718E+00   -3.711634994304E-03    6.368667893330E+00
    4.226105022864E+00   -1.060451394122E+00   -9.305971606917E-04   -4.858837441660E-03    9.747799636260E-01   -3.819808420955E-03    6.139204690875E+00
    4.299282953700E+00   -1.054376148297E+00   -9.602005018511E-04   -4.783364289219E-03    9.338821122106E-01   -3.920370815117E-03    5.919675357474E+00
    4.373089021281E+00   -1.048798664246E+00   -9.883216307294E-04   -4.698927665524E-03    8.949687057498E-01   -4.012940075175E-03    5.709576527136E+00
    4.447523225608E+00   -1.043686154443E+00   -1.014866235112E-03   -4.606314282038E-03    8.579326457269E-01   -4.097209016698E-03    5.508434181869E+00
    4.522585566680E+00   -1.039007196301E+00   -1.039753683944E-03   -4.506326479176E-03    8.226732949653E-01   -4.172945086676E-03    5.315801710942E+00
    4.598276044497E+00   -1.034731754890E+00   -1.062917126160E-03   -4.399772580237E-03    7.890960369136E-01   -4.239988954353E-03    5.131258114001E+00
    4.674594659060E+00   -1.030831197391E+00   -1.084303402125E-03   -4.287457935550E-03    7.571118669214E-01   -4.298252097253E-03    4.954406336350E+00
    4.751541410368E+00   -1.027278299825E+00   -1.103872783796E-03   -4.170176757527E-03    7.266370131052E-01   -4.347713513451E-03    4.784871725150E+00
    4.829116298421E+00   -1.024047244854E+00   -1.121598562578E-03   -4.048704827169E-03    6.975925854630E-01   -4.388415703504E-03    4.622300597661E+00
    4.907319323220E+00   -1.021113612681E+00   -1.137466503985E-03   -3.923793112113E-03    6.699042505392E-01   -4.420460062747E-03    4.466358911334E+00
    4.986150484765E+00   -1.018454363699E+00   -1.151474190469E-03   -3.796162325332E-03    6.435019306819E-01   -4.444001830530E-03    4.316731028831E+00
    5.065609783054E+00   -1.016047814604E+00   -1.163630272677E-03   -3.666498417603E-03    6.183195256576E-01   -4.459244731407E-03    4.173118569733E+00
    5.145697218089E+00   -1.013873608439E+00   -1.173953649528E-03   -3.535448981786E-03    5.942946550944E-01   -4.466435437087E-03    4.035239342257E+00
    5.226412789869E+00   -1.011912678630E+00   -1.182472597077E-03   -3.403620531876E-03    5.713684204493E-01   -4.465857968426E-03    3.902826349201E+00
    5.307756498395E+00   -1.010147208293E+00   -1.189223864265E-03   -3.271576600466E-03    5.494851848035E-01   -4.457828140481E-03    3.775626862088E+00
    5.389728343666E+00   -1.008560585883E+00   -1.194251752222E-03   -3.139836588519E-03    5.285923689854E-01   -4.442688139563E-03    3.653401558140E+00
    5.472328325683E+00   -1.007137357027E+00   -1.197607192976E-03   -3.008875299386E-03    5.086402630222E-01   -4.420801310773E-03    3.535923715884E+00
    5.555556444444E+00   -1.005863174153E+00   -1.199346840414E-03   -2.879123076476E-03    4.895818513704E-01   -4.392547214269E-03    3.422978464510E+00
    5.639412699952E+00   -1.004724744465E+00   -1.199532185124E-03   -2.750966466746E-03    4.713726508295E-01   -4.358316997606E-03    3.314362083079E+00
    5.723897092204E+00   -1.003709776257E+00   -1.198228703351E-03   -2.624749334636E-03    4.539705602600E-01   -4.318509120696E-03    3.209881346285E+00
    5.809009621202E+00   -1.002806924813E+00   -1.195505047503E-03   -2.500774347682E-03    4.373357208944E-01   -4.273525453338E-03    3.109352913021E+00
    5.894750286945E+00   -1.002005739223E+00   -1.191432283585E-03   -2.379304758521E-03    4.214303861440E-01   -4.223767753660E-03    3.012602754251E+00
    5.981119089434E+00   -1.001296608038E+00   -1.186083182386E-03   -2.260566426484E-03    4.062188007350E-01   -4.169634540084E-03    2.919465618664E+00
    6.068116028668E+00   -1.000670707443E+00   -1.179531564633E-03   -2.144750003857E-03    3.916670875489E-01   -4.111518338929E-03    2.829784531782E+00
    6.155741104648E+00   -1.000119949680E+00   -1.171851704201E-03   -2.032013242061E-03    3.777431421616E-01   -4.049803306583E-03    2.743410327453E+00
    6.243994317372E+00   -9.996369336244E-01   -1.163117788535E-03   -1.922483362252E-03    3.644165340431E-01   -3.984863203432E-03    2.660201208650E+00
    6.332875666843E+00   -9.992148966278E-01   -1.153403437004E-03   -1.816259452147E-03    3.516584141258E-01   -3.917059704136E-03    2.580022336089E+00
    6.422385153058E+00   -9.988476688200E-01   -1.142781274968E-03   -1.713414848846E-03    3.394414279995E-01   -3.846741017265E-03    2.502745442255E+00
    6.512522776019E+00   -9.985296290917E-01   -1.131322562622E-03   -1.613999480638E-03    3.277396344816E-01   -3.774240793673E-03    2.428248469498E+00
    6.603288535725E+00   -9.982556638632E-01   -1.119096875114E-03   -1.518042139379E-03    3.165284289426E-01   -3.699877293986E-03    2.356415230120E+00
    6.694682432177E+00   -9.980211273271E-01   -1.106171832567E-03   -1.425552668354E-03    3.057844712927E-01   -3.623952795447E-03    2.287135087545E+00
    6.786704465374E+00   -9.978218044144E-01   -1.092612875562E-03   -1.336524046217E-03    2.954856180496E-01   -3.546753207636E-03    2.220302656613E+00
    6.879354635316E+00   -9.976538761481E-01   -1.078483083085E-03   -1.250934357207E-03    2.856108582752E-01   -3.468547873978E-03    2.155817521885E+00
    6.972632942004E+00   -9.975138869242E-01   -1.063843029961E-03   -1.168748641455E-03    2.761402531785E-01   -3.389589537508E-03    2.093583972924E+00
    7.066539385437E+00   -9.973987135109E-01   -1.048750680525E-03   -1.089920621148E-03    2.670548791543E-01   -3.310114449512E-03    2.033510755464E+00
    7.161073965616E+00   -9.973055375530E-01   -1.033261312949E-03   -1.014394295616E-03    2.583367737667E-01   -3.230342592567E-03    1.975510836764E+00
    7.256236682540E+00   -9.972318183563E-01   -1.017427474425E-03   -9.421054145339E-04    2.499688849515E-01   -3.150478012463E-03    1.919501185368E+00
    7.352027536209E+00   -9.971752690037E-01   -1.001298960399E-03   -8.729828226399E-04    2.419350227888E-01   -3.070709228314E-03    1.865402563199E+00
    7.448446526624E+00   -9.971338334659E-01   -9.849228172903E-04   -8.069496856271E-04    2.342198140070E-01   -2.991209714686E-03    1.813139330002E+00
    7.545493653784E+00   -9.971056658385E-01   -9.683433643738E-04   -7.439245985872E-04    2.268086588910E-01   -2.912138436464E-03    1.762639258908E+00
    7.643168917689E+00   -9.970891106816E-01   -9.516022331379E-04   -6.838225846809E-04    2.196876905700E-01   -2.833640427689E-03    1.713833362737E+00
    7.741472318340E+00   -9.970826861337E-01   -9.347384195186E-04   -6.265559861829E-04    2.128437363482E-01   -2.755847396168E-03    1.666655729767E+00
    7.840403855736E+00   -9.970850669509E-01   -9.177883498624E-04   -5.720352604187E-04    2.062642812782E-01   -2.678878355179E-03    1.621043369283E+00
    7.939963529877E+00   -9.970950700955E-01   -9.007859553126E-04   -5.201696812912E-04    1.999374335480E-01   -2.602840262949E-03    1.576936065416E+00
    8.040151340764E+00   -9.971116406059E-01   -8.837627552058E-04   -4.708679576653E-04    1.938518918180E-01   -2.527828671191E-03    1.534276239442E+00
    8.140967288396E+00   -9.971338397526E-01   -8.667479453026E-04   -4.240387712155E-04    1.879969141909E-01   -2.453928368447E-03    1.493008819387E+00
    8.242411372774E+00   -9.971608330531E-01   -8.497684920002E-04   -3.795912446287E-04    1.823622889547E-01   -2.381214021860E-03    1.453081117180E+00
    8.344483593897E+00   -9.971918802295E-01   -8.328492286424E-04   -3.374353425342E-04    1.769383067982E-01   -2.309750804854E-03    1.414442712269E+00
    8.447183951765E+00   -9.972263257831E-01   -8.160129541558E-04   -2.974822135413E-04    1.717157345396E-01   -2.239595011864E-03    1.377045341668E+00
    8.550512446379E+00   -9.972635904126E-01   -7.992805326074E-04   -2.596444785603E-04    1.666857902606E-01   -2.170794656052E-03    1.340842795958E+00
    8.654469077738E+00   -9.973031630466E-01   -7.826709929435E-04   -2.238364710365E-04    1.618401197797E-01   -2.103390048224E-03    1.305790820937E+00
    8.759053845843E+00   -9.973445937282E-01   -7.662016277882E-04   -1.899744337411E-04    1.571707743746E-01   -2.037414354135E-03    1.271847024491E+00
    8.864266750693E+00   -9.973874876145E-01   -7.498880902932E-04   -1.579766765518E-04    1.526701896626E-01   -1.972894127928E-03    1.238970788310E+00
    8.970107792288E+00   -9.974314986757E-01   -7.337444899913E-04   -1.277637012668E-04    1.483311656783E-01   -1.909849825192E-03    1.207123184499E+00
    9.076576970628E+00   -9.974763249741E-01   -7.177834850772E-04   -9.925829512296E-05    1.441468479469E-01   -1.848296288844E-03    1.176266896323E+00
    9.183674285714E+00   -9.975217030155E-01   -7.020163734212E-04   -7.238559948496E-05    1.401107096653E-01   -1.788243215231E-03    1.146366143434E+00
    9.291399737546E+00   -9.975674047552E-01   -6.864531781367E-04   -4.707315325516E-05    1.362165347002E-01   -1.729695589447E-03    1.117386610474E+00
    9.399753326122E+00   -9.976132326074E-01   -6.711027324302E-04   -2.325091878649E-05    1.324584016478E-01   -1.672654103847E-03    1.089295379926E+00
    9.508735051444E+00   -9.976590166001E-01   -6.559727591081E-04   -8.512888389305E-07    1.288306686413E-01   -1.617115547684E-03    1.062060868006E+00
    9.618344913512E+00   -9.977046112108E-01   -6.410699472485E-04    2.019092047965E-05    1.253279590147E-01   -1.563073175583E-03    1.035652763994E+00
    9.728582912325E+00   -9.977498921885E-01   -6.264000255902E-04    3.993848905253E-05    1.219451477513E-01   -1.510517054272E-03    1.010041972704E+00
    9.839449047883E+00   -9.977947546034E-01   -6.119678313425E-04    5.845182329211E-05    1.186773486101E-01   -1.459434384941E-03    9.852005596673E-01
    9.950943320186E+00   -9.978391097866E-01   -5.977773767705E-04    7.578899444685E-05    1.155199020109E-01   -1.409809808026E-03    9.611016993460E-01
    1.006306572924E+01   -9.978828845477E-01   -5.838319102051E-04    9.200578539189E-05    1.124683634704E-01   -1.361625682571E-03    9.377196255315E-01
    1.017581627503E+01   -9.979260181108E-01   -5.701339760233E-04    1.071557416474E-04    1.095184927748E-01   -1.314862352283E-03    9.150295846880E-01
    1.028919495757E+01   -9.979684612737E-01   -5.566854692475E-04    1.212902282211E-04    1.066662436372E-01   -1.269498388019E-03    8.930077912111E-01
    1.040320177685E+01   -9.980101744747E-01   -5.434876880729E-04    1.344584892521E-04    1.039077539648E-01   -1.225510815542E-03    8.716313851214E-01
    1.051783673288E+01   -9.980511273455E-01   -5.305413819847E-04    1.467077108739E-04    1.012393365898E-01   -1.182875323488E-03    8.508783915854E-01
    1.063309982566E+01   -9.980912966963E-01   -5.178467984100E-04    1.580830851186E-04    9.865747056477E-02   -1.141566459120E-03    8.307276827037E-01
    1.074899105518E+01   -9.981306656428E-01   -5.054037254884E-04    1.686278754496E-04    9.615879287839E-02   -1.101557806641E-03    8.111589409648E-01
    1.086551042145E+01   -9.981692234382E-01   -4.932115315596E-04    1.783834829602E-04    9.374009059230E-02   -1.062822150170E-03    7.921526243605E-01
    1.098265792446E+01   -9.982069637593E-01   -4.812692034502E-04    1.873895120797E-04    9.139829345449E-02   -1.025331626572E-03    7.736899334382E-01
    1.110043356422E+01   -9.982438845747E-01   -4.695753809310E-04    1.956838364023E-04    8.913046685080E-02   -9.890578626339E-04    7.557527796767E-01
    1.121883734072E+01   -9.982799873312E-01   -4.581283894572E-04    2.033026635508E-04    8.693380515569E-02   -9.539721018881E-04    7.383237554798E-01
    1.133786925397E+01   -9.983152767457E-01   -4.469262702155E-04    2.102805991513E-04    8.480562541636E-02   -9.200453193329E-04    7.213861054976E-01
    1.145752930396E+01   -9.983497594814E-01   -4.359668090096E-04    2.166507093761E-04    8.274336140641E-02   -8.872483277603E-04    7.049236994660E-01
    1.157781749070E+01   -9.983834448681E-01   -4.252475615314E-04    2.224445823857E-04    8.074455793048E-02   -8.555518709351E-04    6.889210060173E-01
    1.169873381418E+01   -9.984163437557E-01   -4.147658783141E-04    2.276923878880E-04    7.880686548593E-02   -8.249267109707E-04    6.733630679815E-01
    1.182027827441E+01   -9.984484684003E-01   -4.045189271171E-04    2.324229351862E-04    7.692803517287E-02   -7.953437055315E-04    6.582354786820E-01
    1.194245087139E+01   -9.984798321306E-01   -3.945037138684E-04    2.366637294250E-04    7.510591387773E-02   -7.667738775903E-04    6.435243593534E-01
    1.206525160511E+01   -9.985104491813E-01   -3.847171019599E-04    2.404410260324E-04    7.333843970344E-02   -7.391884776612E-04    6.292163375705E-01
    1.218868047557E+01   -9.985403348782E-01   -3.751558298776E-04    2.437798832978E-04    7.162363762892E-02   -7.125590388289E-04    6.152985266166E-01
    1.231273748279E+01   -9.985695045263E-01   -3.658165284284E-04    2.467042130819E-04    6.995961542482E-02   -6.868574273201E-04    6.017585059464E-01
    1.243742262674E+01   -9.985979741892E-01   -3.566957353620E-04    2.492368296825E-04    6.834455973482E-02   -6.620558846442E-04    5.885843022947E-01
    1.256273590744E+01   -9.986257599465E-01   -3.477899099183E-04    2.513994968467E-04    6.677673239443E-02   -6.381270664914E-04    5.757643718162E-01
    1.268867732489E+01   -9.986528779408E-01   -3.390954457242E-04    2.532129729652E-04    6.525446692010E-02   -6.150440756001E-04    5.632875829258E-01
    1.281524687908E+01   -9.986793446969E-01   -3.306086825163E-04    2.546970544281E-04    6.377616517279E-02   -5.927804898102E-04    5.511431998697E-01
    1.294244457002E+01   -9.987051764468E-01   -3.223259175740E-04    2.558706173080E-04    6.234029421208E-02   -5.713103871311E-04    5.393208671332E-01
    1.307027039770E+01   -9.987303891385E-01   -3.142434158067E-04    2.567516573053E-04    6.094538329484E-02   -5.506083661023E-04    5.278105944522E-01
    1.319872436213E+01   -9.987549990008E-01   -3.063574186928E-04    2.573573279539E-04    5.959002101630E-02   -5.306495620797E-04    5.166027424251E-01
    1.332780646331E+01   -9.987790217663E-01   -2.986641532901E-04    2.577039773732E-04    5.827285261971E-02   -5.114096617845E-04    5.056880088865E-01
    1.345751670123E+01   -9.988024728595E-01   -2.911598399247E-04    2.578071833737E-04    5.699257742295E-02   -4.928649138262E-04    4.950574157706E-01
    1.358785507589E+01   -9.988253673829E-01   -2.838406993491E-04    2.576817870843E-04    5.574794637750E-02   -4.749921367912E-04    4.847022965591E-01
    1.371882158730E+01   -9.988477203314E-01   -2.767029591563E-04    2.573419250957E-04    5.453775974506E-02   -4.577687246961E-04    4.746142842456E-01
    1.385041623546E+01   -9.988695465046E-01   -2.697428598017E-04    2.568010602653E-04    5.336086489486E-02   -4.411726505502E-04    4.647852998419E-01
    1.398263902036E+01   -9.988908600296E-01   -2.629566602953E-04    2.560720112813E-04    5.221615421507E-02   -4.251824682476E-04    4.552075414048E-01
    1.411548994200E+01   -9.989116746399E-01   -2.563406429677E-04    2.551669808135E-04    5.110256311503E-02   -4.097773119587E-04    4.458734734566E-01
    1.424896900040E+01   -9.989320040509E-01   -2.498911177504E-04    2.540975824137E-04    5.001906812453E-02   -3.949368938872E-04    4.367758168441E-01
    1.438307619553E+01   -9.989518614700E-01   -2.436044264773E-04    2.528748664183E-04    4.896468509817E-02   -3.806415013130E-04    4.279075390950E-01
    1.451781152742E+01   -9.989712596904E-01   -2.374769464756E-04    2.515093446282E-04    4.793846749860E-02   -3.668719918346E-04    4.192618451265E-01
    1.465317499604E+01   -9.989902112020E-01   -2.315050937792E-04    2.500110139061E-04    4.693950476212E-02   -3.536097874731E-04    4.108321683356E-01
    1.478916660142E+01   -9.990087281210E-01   -2.256853260911E-04    2.483893787951E-04    4.596692074600E-02   -3.408368679114E-04    4.026121620737E-01
    1.492578634353E+01   -9.990268221708E-01   -2.200141453975E-04    2.466534731524E-04    4.501987224897E-02   -3.285357628028E-04    3.945956914659E-01
    1.506303422240E+01   -9.990445051672E-01   -2.144881000564E-04    2.448118807222E-04    4.409754759682E-02   -3.166895429734E-04    3.867768255276E-01
    1.520091023801E+01   -9.990617876805E-01   -2.091037874360E-04    2.428727552770E-04    4.319916531631E-02   -3.052818121729E-04    3.791498297361E-01
    1.533941439036E+01   -9.990786807054E-01   -2.038578549328E-04    2.408438391572E-04    4.232397283677E-02   -2.942966962398E-04    3.717091586840E-01
    1.547854667946E+01   -9.990951947738E-01   -1.987470019161E-04    2.387324816341E-04    4.147124528277E-02   -2.837188335036E-04    3.644494492152E-01
    1.561830710531E+01   -9.991113400044E-01   -1.937679810188E-04    2.365456562697E-04    4.064028431208E-02   -2.735333641343E-04    3.573655137673E-01
    1.575869566790E+01   -9.991271262727E-01   -1.889175991799E-04    2.342899775040E-04    3.983041700714E-02   -2.637259190979E-04    3.504523339751E-01
    1.589971236723E+01   -9.991425627879E-01   -1.841927187355E-04    2.319717166892E-04    3.904099482366E-02   -2.542826091820E-04    3.437050545660E-01
    1.604135720332E+01   -9.991576593063E-01   -1.795902576908E-04    2.295968170096E-04    3.827139257214E-02   -2.451900129245E-04    3.371189773956E-01
    1.618363017614E+01   -9.991724246007E-01   -1.751071909176E-04    2.271709085002E-04    3.752100747288E-02   -2.364351658888E-04    3.306895558912E-01
    1.632653128571E+01   -9.991868669779E-01   -1.707405503740E-04    2.246993218923E-04    3.678925823403E-02   -2.280055486888E-04    3.244123895852E-01
    1.647006053203E+01   -9.992009955525E-01   -1.664874249460E-04    2.221871016551E-04    3.607558416623E-02   -2.198890746602E-04    3.182832188225E-01
    1.661421791509E+01   -9.992148182332E-01   -1.623449613713E-04    2.196390193896E-04    3.537944436609E-02   -2.120740791185E-04    3.122979198671E-01
    1.675900343490E+01   -9.992283427227E-01   -1.583103639204E-04    2.170595858444E-04    3.470031691002E-02   -2.045493071335E-04    3.064525000227E-01
    1.690441709146E+01   -9.992415767748E-01   -1.543808942670E-04    2.144530626200E-04    3.403769809127E-02   -1.973039017623E-04    3.007430929878E-01
    1.705045888476E+01   -9.992545280593E-01   -1.505538714003E-04    2.118234734907E-04    3.339110169445E-02   -1.903273925458E-04    2.951659544131E-01
    1.719712881480E+01   -9.992672037856E-01   -1.468266715189E-04    2.091746153249E-04    3.276005830409E-02   -1.836096841940E-04    2.897174576413E-01
    1.734442688159E+01   -9.992796110541E-01   -1.431967275982E-04    2.065100683450E-04    3.214411463823E-02   -1.771410450924E-04    2.843940895727E-01
    1.749235308513E+01   -9.992917564311E-01   -1.396615291379E-04    2.038332061776E-04    3.154283291734E-02   -1.709120962739E-04    2.791924467283E-01
    1.764090742541E+01   -9.993036467808E-01   -1.362186214468E-04    2.011472051262E-04    3.095579025196E-02   -1.649138000756E-04    2.741092314014E-01
    1.779008990243E+01   -9.993152883282E-01   -1.328656054178E-04    1.984550535538E-04    3.038257806962E-02   -1.591374496496E-04    2.691412480419E-01
    1.793990051620E+01   -9.993266873200E-01   -1.296001367566E-04    1.957595604301E-04    2.982280155577E-02   -1.535746580686E-04    2.642853997001E-01
    1.809033926672E+01   -9.993378499174E-01   -1.264199253973E-04    1.930633637284E-04    2.927607912425E-02   -1.482173479306E-04    2.595386846427E-01
    1.824140615398E+01   -9.993487820303E-01   -1.233227348898E-04    1.903689384935E-04    2.874204191090E-02   -1.430577411896E-04    2.548981930977E-01
    1.839310117799E+01   -9.993594891151E-01   -1.203063817479E-04    1.876786045795E-04    2.822033328915E-02   -1.380883492085E-04    2.503611041222E-01
    1.854542433874E+01   -9.993699771807E-01   -1.173687344428E-04    1.849945337259E-04    2.771060839895E-02   -1.333019626756E-04    2.459246825362E-01
    1.869837563624E+01   -9.993802512270E-01   -1.145077130558E-04    1.823187570510E-04    2.721253371142E-02   -1.286916425408E-04    2.415862760800E-01
    1.885195507048E+01   -9.993903163785E-01   -1.117212881776E-04    1.796531714832E-04    2.672578659556E-02   -1.242507103594E-04    2.373433125623E-01
    1.900616264147E+01   -9.994001780688E-01   -1.090074800561E-04    1.769995461820E-04    2.625005490952E-02   -1.199727391920E-04    2.331932971564E-01
    1.916099834921E+01   -9.994098409510E-01   -1.063643580335E-04    1.743595290372E-04    2.578503661559E-02   -1.158515450798E-04    2.291338098449E-01
    1.931646219369E+01   -9.994193100511E-01   -1.037900394097E-04    1.717346522835E-04    2.533043939930E-02   -1.118811781478E-04    2.251625028712E-01
    1.947255417491E+01   -9.994285898410E-01   -1.012826888020E-04    1.691263384354E-04    2.488598031542E-02   -1.080559145075E-04    2.212770983633E-01
    1.962927429288E+01   -9.994376847972E-01   -9.884051713516E-05    1.665359055733E-04    2.445138544080E-02   -1.043702480079E-04    2.174753859898E-01
    1.978662254760E+01   -9.994465996370E-01   -9.646178071152E-05    1.639645724907E-04    2.402638954348E-02   -1.008188823246E-04    2.137552207136E-01
    1.994459893906E+01   -9.994553383817E-01   -9.414478052928E-05    1.614134639264E-04    2.361073577097E-02   -9.739672355055E-05    2.101145206676E-01
    2.010320346726E+01   -9.994639054232E-01   -9.188786115584E-05    1.588836150513E-04    2.320417534169E-02   -9.409887255693E-05    2.065512650384E-01
    2.026243613222E+01   -9.994723046247E-01   -8.968941002740E-05    1.563759762687E-04    2.280646725809E-02   -9.092061803109E-05    2.030634920930E-01
    2.042229693391E+01   -9.994805396597E-01   -8.754785647922E-05    1.538914174907E-04    2.241737802588E-02   -8.785742945981E-05    1.996492972353E-01
    2.058278587236E+01   -9.994886148698E-01   -8.546167068507E-05    1.514307320919E-04    2.203668138239E-02   -8.490495024995E-05    1.963068311156E-01
    2.074390294754E+01   -9.994965339977E-01   -8.342936302592E-05    1.489946412330E-04    2.166415804489E-02   -8.205899149490E-05    1.930342978768E-01
    2.090564815948E+01   -9.995043000674E-01   -8.144948321754E-05    1.465837977041E-04    2.129959546406E-02   -7.931552570241E-05    1.898299534236E-01
    2.106802150816E+01   -9.995119171409E-01   -7.952061910130E-05    1.441987891314E-04    2.094278757970E-02   -7.667068040240E-05    1.866921036998E-01
    2.123102299358E+01   -9.995193882547E-01   -7.764139616150E-05    1.418401419850E-04    2.059353460144E-02   -7.412073266582E-05    1.836191031388E-01
    2.139465261575E+01   -9.995267172801E-01   -7.581047632209E-05    1.395083244507E-04    2.025164278282E-02   -7.166210311338E-05    1.806093530552E-01
    2.155891037466E+01   -9.995339068791E-01   -7.402655745621E-05    1.372037501158E-04    1.991692421895E-02   -6.929135079868E-05    1.776613002037E-01
    2.172379627032E+01   -9.995409607582E-01   -7.228837214740E-05    1.349267804608E-04    1.958919663622E-02   -6.700516755962E-05    1.747734352690E-01
    2.188931030273E+01   -9.995478817036E-01   -7.059468719498E-05    1.326777282406E-04    1.926828320557E-02   -6.480037325078E-05    1.719442915237E-01
    2.205545247188E+01   -9.995546728189E-01   -6.894430257978E-05    1.304568599569E-04    1.895401235147E-02   -6.267391063805E-05    1.691724434477E-01
    2.222222277778E+01   -9.995613370279E-01   -6.733605073717E-05    1.282643986239E-04    1.864621757449E-02   -6.062284074656E-05    1.664565054407E-01
    2.238962122042E+01   -9.995678768182E-01   -6.576879579548E-05    1.261005263501E-04    1.834473727966E-02   -5.864433833348E-05    1.637951305729E-01
    2.255764779981E+01   -9.995742954336E-01   -6.424143260712E-05    1.239653864737E-04    1.804941460683E-02   -5.673568733017E-05    1.611870093438E-01
    2.272630251594E+01   -9.995805956124E-01   -6.275288617140E-05    1.218590861481E-04    1.776009727541E-02   -5.489427678732E-05    1.586308685436E-01
    2.289558536882E+01   -9.995867794798E-01   -6.130211088306E-05    1.197816985505E-04    1.747663743101E-02   -5.311759680260E-05    1.561254701246E-01
    2.306549635844E+01   -9.995928500478E-01   -5.988808956946E-05    1.177332646349E-04    1.719889149338E-02   -5.140323440539E-05    1.536696100756E-01
    2.323603548481E+01   -9.995988098536E-01   -5.850983295710E-05    1.157137954235E-04    1.692672001848E-02   -4.974886995413E-05    1.512621173992E-01
    2.340720274792E+01   -9.996046610044E-01   -5.716637894099E-05    1.137232738853E-04    1.665998756145E-02   -4.815227348621E-05    1.489018530931E-01
    2.357899814778E+01   -9.996104061906E-01   -5.585679174316E-05    1.117616565218E-04    1.639856254216E-02   -4.661130110098E-05    1.465877091440E-01
    2.375142168439E+01   -9.996160471411E-01   -5.458016142773E-05    1.098288754096E-04    1.614231712268E-02   -4.512389176680E-05    1.443186076107E-01
    2.392447335774E+01   -9.996215869590E-01   -5.333560292182E-05    1.079248393453E-04    1.589112707897E-02   -4.368806382691E-05    1.420934996578E-01
    2.409815316783E+01   -9.996270271395E-01   -5.212225573555E-05    1.060494360158E-04    1.564487169117E-02   -4.230191220332E-05    1.399113647299E-01
    2.427246111467E+01   -9.996323702950E-01   -5.093928296976E-05    1.042025329148E-04    1.540343362321E-02   -4.096360511327E-05    1.377712096390E-01
    2.444739719826E+01   -9.996376182306E-01   -4.978587092130E-05    1.023839791371E-04    1.516669881868E-02   -3.967138138583E-05    1.356720677746E-01
    2.462296141859E+01   -9.996427733443E-01   -4.866122829484E-05    1.005936064317E-04    1.493455639207E-02   -3.842354755405E-05    1.336129982754E-01
    2.479915377567E+01   -9.996478371586E-01   -4.756458576825E-05    9.883123075467E-05    1.470689853103E-02   -3.721847533058E-05    1.315930852828E-01
    2.497597426949E+01   -9.996528116632E-01   -4.649519524587E-05    9.709665321109E-05    1.448362039542E-02   -3.605459892257E-05    1.296114371675E-01
    2.515342290006E+01   -9.996576991193E-01   -4.545232930728E-05    9.538966123640E-05    1.426462002365E-02   -3.493041259531E-05    1.276671858099E-01
    2.533149966737E+01   -9.996625013431E-01   -4.443528072154E-05    9.371002981369E-05    1.404979824350E-02   -3.384446837015E-05    1.257594859127E-01
    2.551020457143E+01   -9.996672197347E-01   -4.344336188925E-05    9.205752248936E-05    1.383905858433E-02   -3.279537374647E-05    1.238875143234E-01
    2.568953761223E+01   -9.996718563808E-01   -4.247590419129E-05    9.043189214466E-05    1.363230719027E-02   -3.178178943165E-05    1.220504693607E-01
    2.586949878978E+01   -9.996764127810E-01   -4.153225759733E-05    8.883288214946E-05    1.342945274142E-02   -3.080242734737E-05    1.202475702030E-01
    2.605008810408E+01   -9.996808910101E-01   -4.061179003752E-05    8.726022702521E-05    1.323040637279E-02   -2.985604852663E-05    1.184780562564E-01
    2.623130555512E+01   -9.996852922194E-01   -3.971388705112E-05    8.571365353350E-05    1.303508160147E-02   -2.894146129046E-05    1.167411865868E-01
    2.641315114290E+01   -9.996896182467E-01   -3.883795114445E-05    8.419288117536E-05    1.284339425012E-02   -2.805751927242E-05    1.150362393200E-01
    2.659562486743E+01   -9.996938703915E-01   -3.798340143476E-05    8.269762314026E-05    1.265526237868E-02   -2.720311972210E-05    1.133625111062E-01
    2.677872672871E+01   -9.996980506060E-01   -3.714967307957E-05    8.122758680232E-05    1.247060621395E-02   -2.637720171109E-05    1.117193165655E-01
    2.696245672673E+01   -9.997021600876E-01   -3.633621695500E-05    7.978247461250E-05    1.228934808620E-02   -2.557874458094E-05    1.101059877881E-01
    2.714681486150E+01   -9.997062004128E-01   -3.554249911640E-05    7.836198453178E-05    1.211141236348E-02   -2.480676628854E-05    1.085218738154E-01
    2.733180113301E+01   -9.997101729954E-01   -3.476800042050E-05    7.696581070491E-05    1.193672539116E-02   -2.406032192418E-05    1.069663401599E-01
    2.751741554127E+01   -9.997140792966E-01   -3.401221609325E-05    7.559364397989E-05    1.176521543221E-02   -2.333850224174E-05    1.054387683316E-01
    2.770365808627E+01   -9.997179201191E-01   -3.327465538138E-05    7.424517253168E-05    1.159681261087E-02   -2.264043229947E-05    1.039385553897E-01
    2.789052876802E+01   -9.997216975068E-01   -3.255484100928E-05    7.292008206545E-05    1.143144885430E-02   -2.196527001051E-05    1.024651134765E-01
    2.807802758651E+01   -9.997254125403E-01   -3.185230897238E-05    7.161805660950E-05    1.126905784251E-02   -2.131220497788E-05    1.010178694175E-01
    2.826615454175E+01   -9.997290663345E-01   -3.116660808443E-05    7.033877879412E-05    1.110957495499E-02   -2.068045719907E-05    9.959626429356E-02
    2.845490963373E+01   -9.997326598903E-01   -3.049729962688E-05    6.908193027819E-05    1.095293722086E-02   -2.006927588537E-05    9.819975304122E-02
    2.864429286246E+01   -9.997361946828E-01   -2.984395695465E-05    6.784719204582E-05    1.079908326970E-02   -1.947793829223E-05    9.682780405637E-02
    2.883430422794E+01   -9.997396723824E-01   -2.920616517704E-05    6.663424480622E-05    1.064795328518E-02   -1.890574864025E-05    9.547989882107E-02
    2.902494373016E+01   -9.997430932653E-01   -2.858352093422E-05    6.544276954393E-05    1.049948896213E-02   -1.835203713659E-05    9.415553155660E-02
    2.921621136912E+01   -9.997464588340E-01   -2.797563188938E-05    6.427244746583E-05    1.035363345900E-02   -1.781615884156E-05    9.285420883869E-02
    2.940810714484E+01   -9.997497703315E-01   -2.738211652005E-05    6.312296050102E-05    1.021033135770E-02   -1.729749277085E-05    9.157544927226E-02
    2.960063105729E+01   -9.997530289502E-01   -2.680260379673E-05    6.199399154098E-05    1.006952862240E-02   -1.679544095461E-05    9.031878315630E-02
    2.979378310649E+01   -9.997562349514E-01   -2.623673294042E-05    6.088522480412E-05    9.931172561015E-03   -1.630942757959E-05    8.908375217098E-02
    2.998756329244E+01   -9.997593902499E-01   -2.568415296988E-05    5.979634573848E-05    9.795211783549E-03   -1.583889802501E-05    8.786990903776E-02
    3.018197161513E+01   -9.997624951855E-01   -2.514452262419E-05    5.872704165219E-05    9.661596169167E-03   -1.538331817157E-05    8.667681725067E-02
    3.037700807457E+01   -9.997655514014E-01   -2.461750991192E-05    5.767700155344E-05    9.530276826692E-03   -1.494217349584E-05    8.550405075303E-02
    3.057267267076E+01   -9.997685590600E-01   -2.410279201313E-05    5.664591668008E-05    9.401206063230E-03   -1.451496841864E-05    8.435119368074E-02
    3.076896540368E+01   -9.997715199085E-01   -2.360005484065E-05    5.563348029930E-05    9.274337346876E-03   -1.410122546140E-05    8.321784005581E-02
    3.096588627336E+01   -9.997744344766E-01   -2.310899295361E-05    5.463938820558E-05    9.149625277477E-03   -1.370048465022E-05    8.210359354634E-02
    3.116343527978E+01   -9.997773032062E-01   -2.262930924558E-05    5.366333872567E-05    9.027025553696E-03   -1.331230280071E-05    8.100806719521E-02
    3.136161242294E+01   -9.997801280433E-01   -2.216071462431E-05    5.270503267565E-05    8.906494940761E-03   -1.293625282147E-05    7.993088315417E-02
    3.156041770285E+01   -9.997829088667E-01   -2.170292797482E-05    5.176417388852E-05    8.787991244802E-03   -1.257192321387E-05    7.887167247199E-02
    3.175985111951E+01   -9.997856468695E-01   -2.125567575378E-05    5.084046894160E-05    8.671473280475E-03   -1.221891736495E-05    7.783007482660E-02
    3.195991267291E+01   -9.997883426602E-01   -2.081869187434E-05    4.993362747189E-05    8.556900845259E-03   -1.187685303869E-05    7.680573831229E-02
    3.216060236306E+01   -9.997909978079E-01   -2.039171741703E-05    4.904336209977E-05    8.444234690957E-03   -1.154536178046E-05    7.579831920316E-02
    3.236192018995E+01   -9.997936124081E-01   -1.997450054668E-05    4.816938877146E-05    8.333436500096E-03   -1.122408846314E-05    7.480748175732E-02
    3.256386615359E+01   -9.997961870235E-01   -1.956679621553E-05    4.731142662228E-05    8.224468858638E-03   -1.091269072234E-05    7.383289798981E-02
    3.276644025397E+01   -9.997987229067E-01   -1.916836596261E-05    4.646919802424E-05    8.117295231360E-03   -1.061083846669E-05    7.287424746746E-02
    3.296964249110E+01   -9.998012208349E-01   -1.877897778180E-05    4.564242876321E-05    8.011879939214E-03   -1.031821344434E-05    7.193121712014E-02
    3.317347286497E+01   -9.998036811285E-01   -1.839840593728E-05    4.483084808469E-05    7.908188136272E-03   -1.003450879284E-05    7.100350104825E-02
    3.337793137559E+01   -9.998061044596E-01   -1.802643074953E-05    4.403418865579E-05    7.806185786623E-03   -9.759428587339E-06    7.009080032960E-02
    3.358301802295E+01   -9.998084920332E-01   -1.766283841774E-05    4.325218658826E-05    7.705839642639E-03   -9.492687424115E-06    6.919282283722E-02
    3.378873280706E+01   -9.998108440478E-01   -1.730742091936E-05    4.248458161558E-05    7.607117225312E-03   -9.234010061464E-06    6.830928307472E-02
    3.399507572792E+01   -9.998131617389E-01   -1.695997576090E-05    4.173111692528E-05    7.509986802103E-03   -8.983130988388E-06    6.743990199045E-02
    3.420204678552E+01   -9.998154451898E-01   -1.662030591235E-05    4.099153938183E-05    7.414417369092E-03   -8.739794110203E-06    6.658440682729E-02
    3.440964597986E+01   -9.998176948778E-01   -1.628821958944E-05    4.026559939738E-05    7.320378630465E-03   -8.503752359571E-06    6.574253095023E-02
    3.461787331095E+01   -9.998199120464E-01   -1.596353009282E-05    3.955305091286E-05    7.227840979663E-03   -8.274767351596E-06    6.491401368764E-02
    3.482672877879E+01   -9.998220965136E-01   -1.564605574946E-05    3.885365159535E-05    7.136775483101E-03   -8.052609106250E-06    6.409860019389E-02
    3.503621238337E+01   -9.998242498191E-01   -1.533561965143E-05    3.816716256650E-05    7.047153860158E-03   -7.837055668993E-06    6.329604128054E-02
    3.524632412470E+01   -9.998263720273E-01   -1.503204964215E-05    3.749334867531E-05    6.958948468706E-03   -7.627892877942E-06    6.250609329392E-02
    3.545706400277E+01   -9.998284635424E-01   -1.473517811507E-05    3.683197833608E-05    6.872132287171E-03   -7.424914037099E-06    6.172851796360E-02
    3.566843201759E+01   -9.998305256135E-01   -1.444484186904E-05    3.618282348011E-05    6.786678898184E-03   -7.227919630693E-06    6.096308226378E-02
    3.588042816915E+01   -9.998325575855E-01   -1.416088208105E-05    3.554565976588E-05    6.702562475032E-03   -7.036717108883E-06    6.020955829856E-02
    3.609305245746E+01   -9.998345613000E-01   -1.388314403170E-05    3.492026621143E-05    6.619757763411E-03   -6.851120549380E-06    5.946772314699E-02
    3.630630488251E+01   -9.998365366159E-01   -1.361147714330E-05    3.430642553259E-05    6.538240069937E-03   -6.670950494475E-06    5.873735876563E-02
    3.652018544431E+01   -9.998384837730E-01   -1.334573478365E-05    3.370392393408E-05    6.457985246247E-03   -6.496033670313E-06    5.801825185326E-02
    3.673469414286E+01   -9.998404037444E-01   -1.308577414551E-05    3.311255106305E-05    6.378969674937E-03   -6.326202754620E-06    5.731019373138E-02
    3.694983097815E+01   -9.998422965915E-01   -1.283145619264E-05    3.253210010812E-05    6.301170257256E-03   -6.161296186021E-06    5.661298023919E-02
    3.716559595018E+01   -9.998441636099E-01   -1.258264548766E-05    3.196236761481E-05    6.224564398630E-03   -6.001157918517E-06    5.592641161048E-02
    3.738198905896E+01   -9.998460044339E-01   -1.233921018054E-05    3.140315366634E-05    6.149129997881E-03   -5.845637265942E-06    5.525029238121E-02
    3.759901030449E+01   -9.998478201191E-01   -1.210102181575E-05    3.085426163259E-05    6.074845432916E-03   -5.694588658723E-06    5.458443126768E-02
    3.781665968676E+01   -9.998496104012E-01   -1.186795531924E-05    3.031549833175E-05    6.001689550480E-03   -5.547871499425E-06    5.392864107879E-02
    3.803493720578E+01   -9.998513764763E-01   -1.163988882393E-05    2.978667380503E-05    5.929641652828E-03   -5.405349941358E-06    5.328273860207E-02
    3.825384286154E+01   -9.998531181217E-01   -1.141670366323E-05    2.926760147920E-05    5.858681488157E-03   -5.266892758125E-06    5.264654452165E-02
    3.847337665405E+01   -9.998548362356E-01   -1.119828421102E-05    2.875809796007E-05    5.788789238113E-03   -5.132373140755E-06    5.201988331128E-02
    3.869353858330E+01   -9.998565311114E-01   -1.098451784557E-05    2.825798311144E-05    5.719945508102E-03   -5.001668562402E-06    5.140258315133E-02
    3.891432864930E+01   -9.998582032553E-01   -1.077529484407E-05    2.776707996349E-05    5.652131316450E-03   -4.874660613084E-06    5.079447583557E-02
    3.913574685204E+01   -9.998598526692E-01   -1.057050832178E-05    2.728521472080E-05    5.585328084689E-03   -4.751234861059E-06    5.019539668795E-02
    3.935779319153E+01   -9.998614797783E-01   -1.037005412941E-05    2.681221666414E-05    5.519517627239E-03   -4.631280698399E-06    4.960518447366E-02
    3.958046766777E+01   -9.998630855531E-01   -1.017383077585E-05    2.634791810683E-05    5.454682141802E-03   -4.514691203259E-06    4.902368131677E-02
    3.980377028075E+01   -9.998646697925E-01   -9.981739397466E-06    2.589215445740E-05    5.390804200979E-03   -4.401363028852E-06    4.845073262783E-02
    4.002770103047E+01   -9.998662330558E-01   -9.793683638303E-06    2.544476406266E-05    5.327866742212E-03   -4.291196253048E-06    4.788618701742E-02
    4.025225991694E+01   -9.998677756286E-01   -9.609569606847E-06    2.500558822964E-05    5.265853059560E-03   -4.184094268904E-06    4.732989622506E-02
    4.047744694016E+01   -9.998692980728E-01   -9.429305795411E-06    2.457447115210E-05    5.204746794838E-03   -4.079963660889E-06    4.678171504306E-02
    4.070326210012E+01   -9.998708011501E-01   -9.252803017311E-06    2.415125987520E-05    5.144531929393E-03   -3.978714093032E-06    4.624150124516E-02
    4.092970539683E+01   -9.998722838006E-01   -9.079974388321E-06    2.373580436370E-05    5.085192776916E-03   -3.880258221256E-06    4.570911552470E-02
    4.115677683028E+01   -9.998737472332E-01   -8.910735172855E-06    2.332795723568E-05    5.026713973662E-03   -3.784511545145E-06    4.518442141002E-02
    4.138447640047E+01   -9.998751921068E-01   -8.745002788585E-06    2.292757387773E-05    4.969080472113E-03   -3.691392337673E-06    4.466728520966E-02
    4.161280410742E+01   -9.998766186054E-01   -8.582696745729E-06    2.253451239752E-05    4.912277533491E-03   -3.600821546741E-06    4.415757594752E-02
    4.184175995111E+01   -9.998780258081E-01   -8.423738602360E-06    2.214863361141E-05    4.856290720734E-03   -3.512722707075E-06    4.365516530200E-02
    4.207134393154E+01   -9.998794158647E-01   -8.268051823746E-06    2.176980079152E-05    4.801105889620E-03   -3.427021810743E-06    4.315992752929E-02
    4.230155604872E+01   -9.998807882087E-01   -8.115561848661E-06    2.139787991882E-05    4.746709184405E-03   -3.343647275683E-06    4.267173942532E-02
    4.253239630264E+01   -9.998821428522E-01   -7.966195969256E-06    2.103273947389E-05    4.693087029716E-03   -3.262529830538E-06    4.219048025543E-02
    4.276386469331E+01   -9.998834805532E-01   -7.819883278186E-06    2.067425038891E-05    4.640226123924E-03   -3.183602433435E-06    4.171603169712E-02
    4.299596122073E+01   -9.998848010104E-01   -7.676554654902E-06    2.032228609406E-05    4.588113433581E-03   -3.106800210443E-06    4.124827779133E-02
    4.322868588489E+01   -9.998861051505E-01   -7.536142674483E-06    1.997672236849E-05    4.536736186288E-03   -3.032060361268E-06    4.078710488080E-02
    4.346203868579E+01   -9.998873930793E-01   -7.398581600440E-06    1.963743739669E-05    4.486081865500E-03   -2.959322104979E-06    4.033240156475E-02
    4.369601962344E+01   -9.998886647674E-01   -7.263807326314E-06    1.930431169479E-05    4.436138204378E-03   -2.888526604655E-06    3.988405864542E-02
    4.393062869784E+01   -9.998899206078E-01   -7.131757322256E-06    1.897722804613E-05    4.386893179869E-03   -2.819616896362E-06    3.944196907648E-02
    4.416586590898E+01   -9.998911606501E-01   -7.002370606360E-06    1.865607149592E-05    4.338335007417E-03   -2.752537830990E-06    3.900602791703E-02
    4.440173125687E+01   -9.998923861522E-01   -6.875587677122E-06    1.834072924590E-05    4.290452134978E-03   -2.687236000754E-06    3.857613227957E-02
    4.463822474150E+01   -9.998935957542E-01   -6.751350538311E-06    1.803109077892E-05    4.243233239137E-03   -2.623659707811E-06    3.815218129585E-02
    4.487534636288E+01   -9.998947915551E-01   -6.629602557623E-06    1.772704756211E-05    4.196667217752E-03   -2.561758862271E-06    3.773407605298E-02
    4.511309612100E+01   -9.998959723315E-01   -6.510288542349E-06    1.742849329557E-05    4.150743187375E-03   -2.501484975785E-06    3.732171957081E-02
    4.535147401587E+01   -9.998971379821E-01   -6.393354627748E-06    1.713532368534E-05    4.105450476736E-03   -2.442791075861E-06    3.691501674512E-02
    4.559048004749E+01   -9.998982902886E-01   -6.278748232064E-06    1.684743638263E-05    4.060778621814E-03   -2.385631650404E-06    3.651387430446E-02
    4.583011421585E+01   -9.998994287604E-01   -6.166418086491E-06    1.656473111095E-05    4.016717362545E-03   -2.329962625819E-06    3.611820078140E-02
    4.607037652095E+01   -9.999005534529E-01   -6.056314157170E-06    1.628710951784E-05    3.973256637361E-03   -2.275741300023E-06    3.572790646493E-02
    4.631126696280E+01   -9.999016641599E-01   -5.948387624470E-06    1.601447516953E-05    3.930386579026E-03   -2.222926301569E-06    3.534290336386E-02
    4.655278554140E+01   -9.999027620218E-01   -5.842590828197E-06    1.574673345710E-05    3.888097509841E-03   -2.171477535443E-06    3.496310516503E-02
    4.679493225674E+01   -9.999038471373E-01   -5.738877271813E-06    1.548379165145E-05    3.846379938219E-03   -2.121356154954E-06    3.458842720313E-02
    4.703770710882E+01   -9.999049189184E-01   -5.637201586002E-06    1.522555885297E-05    3.805224554426E-03   -2.072524517619E-06    3.421878642360E-02
    4.728111009766E+01   -9.999059780338E-01   -5.537519472481E-06    1.497194588859E-05    3.764622226045E-03   -2.024946134030E-06    3.385410134276E-02
    4.752514122323E+01   -9.999070247635E-01   -5.439787698937E-06    1.472286533833E-05    3.724563994562E-03   -1.978585639103E-06    3.349429201801E-02
    4.776980048556E+01   -9.999080590676E-01   -5.343964070014E-06    1.447823149896E-05    3.685041071564E-03   -1.933408754333E-06    3.313928001433E-02
    4.801508788462E+01   -9.999090811688E-01   -5.250007392546E-06    1.423796033130E-05    3.646044834846E-03   -1.889382248740E-06    3.278898837031E-02
    4.826100342044E+01   -9.999100917275E-01   -5.157877447705E-06    1.400196942390E-05    3.607566824784E-03   -1.846473903589E-06    3.244334156619E-02
    4.850754709300E+01   -9.999110902291E-01   -5.067534986000E-06    1.377017801437E-05    3.569598741247E-03   -1.804652487323E-06    3.210226549677E-02
    4.875471890230E+01   -9.999120772129E-01   -4.978941673988E-06    1.354250688450E-05    3.532132439528E-03   -1.763887711842E-06    3.176568743581E-02
    4.900251884835E+01   -9.999130530223E-01   -4.892060086736E-06    1.331887837261E-05    3.495159927375E-03   -1.724150208036E-06    3.143353600976E-02
    4.925094693114E+01   -9.999140173352E-01   -4.806853689479E-06    1.309921635658E-05    3.458673361811E-03   -1.685411497866E-06    3.110574116997E-02
    4.950000315068E+01   -9.999149707232E-01   -4.723286796308E-06    1.288344617614E-05    3.422665045544E-03   -1.647643957995E-06    3.078223416101E-02
    4.974968750697E+01   -9.999159124450E-01   -4.641324574304E-06    1.267149467227E-05    3.387127424430E-03   -1.610820802214E-06    3.046294749846E-02
    5.000000000000E+01   -9.999168437320E-01   -4.560932983531E-06    1.246329005809E-05    3.352053083578E-03   -1.574916039404E-06    3.014781493460E-02
