           5         400  0.50000000000000000        2.0000000000000000
  1  1       0.00       2.00       3.00 **VQfit parameters
  -9.999986694807E-01  -1.030872093054E-01   3.845586969588E-01      1.005E-09
  1  2       2.00       3.00       4.00 **VQfit parameters
  -4.852683861954E-08   1.063609653990E-05  -3.286227831948E-04      2.290E-13
  1  2       1.00       2.00       3.00 **PmatFit parameters
  -1.847216393316E-06   1.385372029774E-04  -2.619343919196E-03      3.170E-12
  1  3       2.00       3.00       4.00 **VQfit parameters
   1.046806216757E-04  -1.386737042744E-02   6.960404286563E-01      9.948E-12
  1  3       1.00       2.00       3.00 **PmatFit parameters
  -1.680213946319E-03   4.899211504779E-01   1.540766726220E+01      3.352E-09
  1  4       2.00       3.00       4.00 **VQfit parameters
  -5.529034308774E-05   7.256362467098E-03  -3.572079910702E-01      5.499E-12
  1  4       1.00       2.00       3.00 **PmatFit parameters
  -4.004405784924E-03   1.056701103322E+00   2.835422226496E+01      1.046E-08
  1  5       2.00       3.00       4.00 **VQfit parameters
  -4.161569615545E-07   3.459056064854E-05  -7.153984843130E-04      1.259E-13
  1  5       1.00       2.00       3.00 **PmatFit parameters
  -2.592474945475E-06   1.944309856936E-04  -3.676136773315E-03      4.441E-12
  2  2       0.00       2.00       3.00 **VQfit parameters
  -2.235233470314E-08   6.270662827803E-04  -1.144560360469E+00      8.655E-11
  2  3       2.00       3.00       4.00 **VQfit parameters
   1.939882888347E-07  -1.885428877265E-05   4.356478978199E-04      1.584E-13
  2  3       1.00       2.00       3.00 **PmatFit parameters
  -2.640409881924E-05   2.778361970309E-03  -6.755500185950E-02      1.521E-09
  2  4       2.00       3.00       4.00 **VQfit parameters
  -3.109910992514E-07   2.469408343845E-05  -4.922281483078E-04      6.231E-14
  2  4       1.00       2.00       3.00 **PmatFit parameters
   1.601356963671E-05  -1.401065590033E-03   3.025264049782E-02      3.809E-10
  2  5       2.00       3.00       4.00 **VQfit parameters
   1.313007979536E-11  -1.334243650020E-09   3.223977835696E-08      2.249E-17
  2  5       1.00       2.00       3.00 **PmatFit parameters
  -5.850314554541E-05  -1.199601809553E+00  -2.714565897904E+00      9.728E-10
  3  3       0.00       2.00       3.00 **VQfit parameters
   3.121388122303E-06   3.428062844834E+00   1.327353346653E+01      2.561E-09
  3  4       2.00       3.00       4.00 **VQfit parameters
   5.940920414618E-04  -7.759619773387E-02   3.275950793660E+00      6.347E-11
  3  4       1.00       2.00       3.00 **PmatFit parameters
   2.475734801192E-04   1.603709882623E-01   2.077372223013E+00      1.715E-09
  3  5       2.00       3.00       4.00 **VQfit parameters
   6.787314652414E-07  -6.962583356428E-05   1.660947526023E-03      6.886E-13
  3  5       1.00       2.00       3.00 **PmatFit parameters
  -5.304802731831E-06   5.420125496096E-04  -1.296187364520E-02      2.748E-10
  4  4       0.00       2.00       3.00 **VQfit parameters
   1.151725008421E-05   1.371941676253E+01   5.621041338947E+01      9.280E-09
  4  5       2.00       3.00       4.00 **VQfit parameters
  -4.268545005430E-07   3.664928619276E-05  -7.781973437955E-04      1.803E-13
  4  5       1.00       2.00       3.00 **PmatFit parameters
   1.871959317078E-05  -1.633279881747E-03   3.519306160404E-02      4.364E-10
  5  5       0.00       2.00       3.00 **VQfit parameters
   2.081833289834E-05   3.091758802522E+01   1.246669954221E+02      1.544E-08
