#        5      400
    1.000000000000E-04    8.660253437846E+07    7.794228574060E+08    2.165063503461E+09    4.243524472544E+09    7.014805764654E+09
    1.254130325815E-01    4.911514619863E+01    4.896043614607E+02    1.370582791360E+03    2.692050436522E+03    4.454007296737E+03
    2.507260651629E-01    7.986394842213E+00    1.181965714193E+02    3.386168868601E+02    6.692473788781E+02    1.110088034902E+03
    3.760390977444E-01    5.771364997950E-01    4.957258899597E+01    1.475631019944E+02    2.945490674886E+02    4.905303548143E+02
    5.013521303258E-01   -1.794910606934E+00    2.576927198073E+01    8.089568957675E+01    1.635862897467E+02    2.738404233089E+02
    6.266651629073E-01   -2.688102609279E+00    1.495609608542E+01    5.023810428685E+01    1.031643109516E+02    1.737325865446E+02
    7.519781954887E-01   -2.997394134998E+00    9.260035602098E+00    3.375887292063E+01    7.051513788129E+01    1.195234915247E+02
    8.772912280702E-01   -3.040254904455E+00    5.972716610318E+00    2.396538449658E+01    5.097101160179E+01    8.697851653780E+01
    1.002604260652E+00   -2.955048881169E+00    3.957266417951E+00    1.772176883606E+01    3.839853413981E+01    6.596756362786E+01
    1.127917293233E+00   -2.810070896419E+00    2.668399945858E+00    1.352764121659E+01    2.986517834383E+01    5.164859153262E+01
    1.253230325815E+00   -2.641361866302E+00    1.818694526260E+00    1.059270350412E+01    2.382628645474E+01    4.147114748312E+01
    1.378543358396E+00   -2.468394429754E+00    1.245792083007E+00    8.469627404936E+00    1.940650769540E+01    3.398921314510E+01
    1.503856390977E+00   -2.301546581215E+00    8.530558117280E-01    6.890730933757E+00    1.608062162043E+01    2.833422440242E+01
    1.629169423559E+00   -2.146036166836E+00    5.805765530914E-01    5.688580169273E+00    1.351868725303E+01    2.395961505371E+01
    1.754482456140E+00   -2.004127511889E+00    3.899844063111E-01    4.754577430249E+00    1.150544952404E+01    2.050797675471E+01
    1.879795488722E+00   -1.876411642265E+00    2.560411842773E-01    4.016101507018E+00    9.895930264160E+00    1.773791219963E+01
    2.005108521303E+00   -1.762558817342E+00    1.617754133485E-01    3.423290241538E+00    8.589776695976E+00    1.548179912310E+01
    2.130421553885E+00   -1.661760527362E+00    9.556262904152E-02    2.941099420158E+00    7.515847345245E+00    1.362040723460E+01
    2.255734586466E+00   -1.572986373609E+00    4.931828121292E-02    2.544375605262E+00    6.622633013158E+00    1.206711299172E+01
    2.381047619048E+00   -1.495130552567E+00    1.734899355717E-02    2.214713995972E+00    5.872128776314E+00    1.075778825105E+01
    2.506360651629E+00   -1.427092985605E+00   -4.395096854425E-03    1.938406505817E+00    5.235813032872E+00    9.644153236374E+00
    2.631673684211E+00   -1.367822240344E+00   -1.881729829510E-02    1.705073543284E+00    4.691949179771E+00    8.689305366391E+00
    2.756986716792E+00   -1.316336487989E+00   -2.801094551263E-02    1.506734544406E+00    4.223738047872E+00    7.864649255782E+00
    2.882299749373E+00   -1.271732104544E+00   -3.349118796265E-02    1.337165829933E+00    3.818029594811E+00    7.147749349571E+00
    3.007612781955E+00   -1.233185510597E+00   -3.635695887224E-02    1.191450043267E+00    3.464409490471E+00    6.520802387552E+00
    3.132925814536E+00   -1.199951441308E+00   -3.740559053030E-02    1.065655407436E+00    3.154541507509E+00    5.969533912582E+00
    3.258238847118E+00   -1.171359418466E+00   -3.721479026055E-02    9.566042366579E-01    2.881687318223E+00    5.482389735207E+00
    3.383551879699E+00   -1.146809373454E+00   -3.620179300605E-02    8.617036244833E-01    2.640351185282E+00    5.049935716593E+00
    3.508864912281E+00   -1.125766906909E+00   -3.466635161344E-02    7.788199685331E-01    2.426013810488E+00    4.664406766882E+00
    3.634177944862E+00   -1.107758422644E+00   -3.282215674723E-02    7.061847496814E-01    2.234930663675E+00    4.319364130010E+00
    3.759490977444E+00   -1.092366250618E+00   -3.081989738860E-02    6.423228372233E-01    2.063977516366E+00    4.009432214506E+00
    3.884804010025E+00   -1.079223820974E+00   -2.876423581936E-02    5.859972070109E-01    1.910530931817E+00    3.730094525537E+00
    4.010117042607E+00   -1.068010934036E+00   -2.672632527017E-02    5.361657557712E-01    1.772374922657E+00    3.477533977712E+00
    4.135430075188E+00   -1.058449168953E+00   -2.475304711411E-02    4.919471400300E-01    1.647627398090E+00    3.248506868758E+00
    4.260743107769E+00   -1.050297474913E+00   -2.287382504276E-02    4.525934372185E-01    1.534681722353E+00    3.040242623880E+00
    4.386056140351E+00   -1.043347987809E+00   -2.110564500218E-02    4.174680360830E-01    1.432159917824E+00    2.850363444646E+00
    4.511369172932E+00   -1.037422110353E+00   -1.945674440442E-02    3.860275925046E-01    1.338874919118E+00    2.676819459548E+00
    4.636682205514E+00   -1.032366885251E+00   -1.792931370731E-02    3.578071897790E-01    1.253799919716E+00    2.517836041873E+00
    4.761995238095E+00   -1.028051680598E+00   -1.652146509790E-02    3.324080573711E-01    1.176043319308E+00    2.371870748199E+00
    4.887308270677E+00   -1.024365195680E+00   -1.522865782601E-02    3.094873557772E-01    1.104828125949E+00    2.237577916739E+00
    5.012621303258E+00   -1.021212785166E+00   -1.404472142077E-02    2.887496460660E-01    1.039474925897E+00    2.113779404371E+00
    5.137934335840E+00   -1.018514091064E+00   -1.296258209464E-02    2.699397438979E-01    9.793877290448E-01    1.999440273639E+00
    5.263247368421E+00   -1.016200965273E+00   -1.197477084403E-02    2.528367183378E-01    9.240421462465E-01    1.893648494531E+00
    5.388560401003E+00   -1.014215661032E+00   -1.107377174234E-02    2.372488416962E-01    8.729754684232E-01    1.795597920411E+00
    5.513873433584E+00   -1.012509268979E+00   -1.025225394866E-02    2.230093321911E-01    8.257783050502E-01    1.704573948055E+00
    5.639186466165E+00   -1.011040372524E+00   -9.503219753741E-03    2.099727592306E-01    7.820875077645E-01    1.619941388885E+00
    5.764499498747E+00   -1.009773897415E+00   -8.820092596909E-03    1.980120035679E-01    7.415801581574E-01    1.541134170361E+00
    5.889812531328E+00   -1.008680131502E+00   -8.196762717653E-03    1.870156827864E-01    7.039684407940E-01    1.467646558821E+00
    6.015125563910E+00   -1.007733892314E+00   -7.627603418557E-03    1.768859674976E-01    6.689952557618E-01    1.399025652485E+00
    6.140438596491E+00   -1.006913822107E+00   -7.107467416990E-03    1.675367259641E-01    6.364304515451E-01    1.334864939078E+00
    6.265751629073E+00   -1.006201792130E+00   -6.631670163627E-03    1.588919450782E-01    6.060675802506E-01    1.274798749189E+00
    6.391064661654E+00   -1.005582400004E+00   -6.195965068482E-03    1.508843841412E-01    5.777210943023E-01    1.218497466028E+00
    6.516377694236E+00   -1.005042546153E+00   -5.796514149391E-03    1.434544249782E-01    5.512239175520E-01    1.165663376133E+00
    6.641690726817E+00   -1.004571077125E+00   -5.429856560328E-03    1.365490878522E-01    5.264253350067E-01    1.116027065010E+00
    6.767003759398E+00   -1.004158485349E+00   -5.092876688200E-03    1.301211875773E-01    5.031891545462E-01    1.069344277566E+00
    6.892316791980E+00   -1.003796656419E+00   -4.782772942070E-03    1.241286083685E-01    4.813921015458E-01    1.025393176172E+00
    7.017629824561E+00   -1.003478656347E+00   -4.497027954238E-03    1.185336794084E-01    4.609224135140E-01    9.839719399297E-01
    7.142942857143E+00   -1.003198552370E+00   -4.233380622834E-03    1.133026359930E-01    4.416786069833E-01    9.448966575297E-01
    7.268255889724E+00   -1.002951261943E+00   -3.989800219372E-03    1.084051535275E-01    4.235683931437E-01    9.079994734425E-01
    7.393568922306E+00   -1.002732425370E+00   -3.764462645016E-03    1.038139436482E-01    4.065077222505E-01    8.731269532675E-01
    7.518881954887E+00   -1.002538298268E+00   -3.555728822036E-03    9.950440343306E-02    3.904199397909E-01    8.401386391681E-01
    7.644194987469E+00   -1.002365660697E+00   -3.362125145616E-03    9.545431006399E-02    3.752350398776E-01    8.089057705779E-01
    7.769508020050E+00   -1.002211740270E+00   -3.182325880671E-03    9.164355448537E-02    3.608890034183E-01    7.793101489482E-01
    7.894821052632E+00   -1.002074147017E+00   -3.015137369378E-03    8.805390858512E-02    3.473232103655E-01    7.512431283209E-01
    8.020134085213E+00   -1.001950818142E+00   -2.859483902304E-03    8.466882125590E-02    3.344839168402E-01    7.246047160617E-01
    8.145447117794E+00   -1.001839971106E+00   -2.714395105737E-03    8.147323938731E-02    3.223217891830E-01    6.993027702487E-01
    8.270760150376E+00   -1.001740063730E+00   -2.578994701866E-03    7.845345042259E-02    3.107914880519E-01    6.752522820403E-01
    8.396073182957E+00   -1.001649760222E+00   -2.452490503544E-03    7.559694361022E-02    2.998512966097E-01    6.523747329138E-01
    8.521386215539E+00   -1.001567902211E+00   -2.334165515817E-03    7.289228749254E-02    2.894627876159E-01    6.305975179964E-01
    8.646699248120E+00   -1.001493484020E+00   -2.223370026466E-03    7.032902152542E-02    2.795905249109E-01    6.098534278495E-01
    8.772012280702E+00   -1.001425631533E+00   -2.119514576177E-03    6.789756002361E-02    2.702017953581E-01    5.900801820504E-01
    8.897325313283E+00   -1.001363584101E+00   -2.022063711534E-03    6.558910687416E-02    2.612663677985E-01    5.712200087512E-01
    9.022638345865E+00   -1.001306679046E+00   -1.930530432730E-03    6.339557967717E-02    2.527562760030E-01    5.532192651239E-01
    9.147951378446E+00   -1.001254338360E+00   -1.844471256428E-03    6.130954215635E-02    2.446456229776E-01    5.360280942229E-01
    9.273264411028E+00   -1.001206057290E+00   -1.763481823503E-03    5.932414383705E-02    2.369104042948E-01    5.196001143432E-01
    9.398577443609E+00   -1.001161394518E+00   -1.687192990019E-03    5.743306611991E-02    2.295283484017E-01    5.038921374126E-01
    9.523890476190E+00   -1.001119963708E+00   -1.615267345046E-03    5.563047399670E-02    2.224787720991E-01    4.888639133747E-01
    9.649203508772E+00   -1.001081426233E+00   -1.547396105434E-03    5.391097275221E-02    2.157424495978E-01    4.744778978688E-01
    9.774516541353E+00   -1.001045484889E+00   -1.483296346375E-03    5.226956907391E-02    2.093014937347E-01    4.606990408213E-01
    9.899829573935E+00   -1.001011878481E+00   -1.422708527272E-03    5.070163607281E-02    2.031392481022E-01    4.474945938371E-01
    1.002514260652E+01   -1.000980377142E+00   -1.365394279530E-03    4.920288177596E-02    1.972401889800E-01    4.348339345176E-01
    1.015045563910E+01   -1.000950778282E+00   -1.311134427137E-03    4.776932070485E-02    1.915898360801E-01    4.226884060324E-01
    1.027576867168E+01   -1.000922903085E+00   -1.259727213465E-03    4.639724820213E-02    1.861746712289E-01    4.110311704622E-01
    1.040108170426E+01   -1.000896593480E+00   -1.210986710098E-03    4.508321721236E-02    1.809820642050E-01    3.998370745873E-01
    1.052639473684E+01   -1.000871709502E+00   -1.164741388611E-03    4.382401725151E-02    1.760002050334E-01    3.890825269371E-01
    1.065170776942E+01   -1.000848127020E+00   -1.120832836629E-03    4.261665533612E-02    1.712180421127E-01    3.787453850416E-01
    1.077702080201E+01   -1.000825735751E+00   -1.079114601981E-03    4.145833866827E-02    1.666252256196E-01    3.688048519375E-01
    1.090233383459E+01   -1.000804437540E+00   -1.039451151447E-03    4.034645889453E-02    1.622120556896E-01    3.592413810764E-01
    1.102764686717E+01   -1.000784144867E+00   -1.001716931165E-03    3.927857777978E-02    1.579694349278E-01    3.500365888739E-01
    1.115295989975E+01   -1.000764779542E+00   -9.657955185505E-04    3.825241415206E-02    1.538888248467E-01    3.411731742078E-01
    1.127827293233E+01   -1.000746271575E+00   -9.315788550042E-04    3.726583199389E-02    1.499622058723E-01    3.326348442520E-01
    1.140358596491E+01   -1.000728558188E+00   -8.989665513872E-04    3.631682956647E-02    1.461820405929E-01    3.244062460846E-01
    1.152889899749E+01   -1.000711582954E+00   -8.678652586258E-04    3.540352946638E-02    1.425412399578E-01    3.164729035692E-01
    1.165421203008E+01   -1.000695295046E+00   -8.381880969079E-04    3.452416952452E-02    1.390331321634E-01    3.088211590530E-01
    1.177952506266E+01   -1.000679648582E+00   -8.098541366868E-04    3.367709446929E-02    1.356514339902E-01    3.014381194713E-01
    1.190483809524E+01   -1.000664602051E+00   -7.827879274958E-04    3.286074827894E-02    1.323902243727E-01    2.943116064855E-01
    1.203015112782E+01   -1.000650117811E+00   -7.569190682075E-04    3.207366716274E-02    1.292439200128E-01    2.874301103182E-01
    1.215546416040E+01   -1.000636161654E+00   -7.321818157164E-04    3.131447311044E-02    1.262072528583E-01    2.807827469772E-01
    1.228077719298E+01   -1.000622702418E+00   -7.085147287709E-04    3.058186795755E-02    1.232752492864E-01    2.743592185892E-01
    1.240609022556E+01   -1.000609711650E+00   -6.858603410342E-04    2.987462792484E-02    1.204432108533E-01    2.681497765965E-01
    1.253140325815E+01   -1.000597163314E+00   -6.641648638932E-04    2.919159858312E-02    1.177066964726E-01    2.621451875764E-01
    1.265671629073E+01   -1.000585033526E+00   -6.433779135204E-04    2.853169021103E-02    1.150615059087E-01    2.563367014824E-01
    1.278202932331E+01   -1.000573300331E+00   -6.234522613002E-04    2.789387350897E-02    1.125036644750E-01    2.507160221113E-01
    1.290734235589E+01   -1.000561943497E+00   -6.043436048246E-04    2.727717563922E-02    1.100294088394E-01    2.452752796224E-01
    1.303265538847E+01   -1.000550944342E+00   -5.860103577759E-04    2.668067656421E-02    1.076351738475E-01    2.400070049504E-01
    1.315796842105E+01   -1.000540285573E+00   -5.684134570216E-04    2.610350565745E-02    1.053175802822E-01    2.349041059651E-01
    1.328328145363E+01   -1.000529951153E+00   -5.515161852256E-04    2.554483856447E-02    1.030734234847E-01    2.299598452447E-01
    1.340859448622E+01   -1.000519926175E+00   -5.352840075881E-04    2.500389429316E-02    1.008996627708E-01    2.251678193412E-01
    1.353390751880E+01   -1.000510196757E+00   -5.196844212167E-04    2.447993251494E-02    9.879341157917E-02    2.205219394261E-01
    1.365922055138E+01   -1.000500749943E+00   -5.046868170948E-04    2.397225105751E-02    9.675192829350E-02    2.160164132115E-01
    1.378453358396E+01   -1.000491573621E+00   -4.902623516654E-04    2.348018357763E-02    9.477260769153E-02    2.116457280564E-01
    1.390984661654E+01   -1.000482656444E+00   -4.763838289241E-04    2.300309739585E-02    9.285297296830E-02    2.074046351677E-01
    1.403515964912E+01   -1.000473987766E+00   -4.630255915110E-04    2.254039148167E-02    9.099066829253E-02    2.032881348182E-01
    1.416047268170E+01   -1.000465557578E+00   -4.501634196707E-04    2.209149457842E-02    8.918345185682E-02    1.992914625092E-01
    1.428578571429E+01   -1.000457356459E+00   -4.377744379536E-04    2.165586345523E-02    8.742918938378E-02    1.954100760079E-01
    1.441109874687E+01   -1.000449375525E+00   -4.258370283321E-04    2.123298127845E-02    8.572584805606E-02    1.916396432011E-01
    1.453641177945E+01   -1.000441606385E+00   -4.143307506506E-04    2.082235608999E-02    8.407149083655E-02    1.879760307030E-01
    1.466172481203E+01   -1.000434041104E+00   -4.032362679507E-04    2.042351938838E-02    8.246427115392E-02    1.844152931697E-01
    1.478703784461E+01   -1.000426672169E+00   -3.925352772225E-04    2.003602480310E-02    8.090242792579E-02    1.809536632684E-01
    1.491235087719E+01   -1.000419492456E+00   -3.822104457489E-04    1.965944685391E-02    7.938428089400E-02    1.775875422560E-01
    1.503766390977E+01   -1.000412495201E+00   -3.722453509680E-04    1.929337979202E-02    7.790822625316E-02    1.743134911289E-01
    1.516297694236E+01   -1.000405673977E+00   -3.626244255575E-04    1.893743651381E-02    7.647273254831E-02    1.711282223007E-01
    1.528828997494E+01   -1.000399022667E+00   -3.533329052907E-04    1.859124754499E-02    7.507633682654E-02    1.680285917770E-01
    1.541360300752E+01   -1.000392535448E+00   -3.443567816193E-04    1.825446008675E-02    7.371764102125E-02    1.650115917899E-01
    1.553891604010E+01   -1.000386206767E+00   -3.356827560328E-04    1.792673712405E-02    7.239530855788E-02    1.620743438666E-01
    1.566422907268E+01   -1.000380031326E+00   -3.272981991993E-04    1.760775658562E-02    7.110806116001E-02    1.592140922981E-01
    1.578954210526E+01   -1.000374004064E+00   -3.191911109370E-04    1.729721055932E-02    6.985467584946E-02    1.564281979878E-01
    1.591485513784E+01   -1.000368120145E+00   -3.113500849805E-04    1.699480455071E-02    6.863398211920E-02    1.537141326490E-01
    1.604016817043E+01   -1.000362374944E+00   -3.037642737647E-04    1.670025679115E-02    6.744485927692E-02    1.510694733364E-01
    1.616548120301E+01   -1.000356764032E+00   -2.964233577198E-04    1.641329758238E-02    6.628623393816E-02    1.484918972822E-01
    1.629079423559E+01   -1.000351283166E+00   -2.893175145213E-04    1.613366868444E-02    6.515707766877E-02    1.459791770254E-01
    1.641610726817E+01   -1.000345928282E+00   -2.824373921910E-04    1.586112273547E-02    6.405640475825E-02    1.435291758085E-01
    1.654142030075E+01   -1.000340695478E+00   -2.757740821056E-04    1.559542270909E-02    6.298327012350E-02    1.411398432321E-01
    1.666673333333E+01   -1.000335581013E+00   -2.693190955410E-04    1.533634139928E-02    6.193676732693E-02    1.388092111441E-01
    1.679204636591E+01   -1.000330581293E+00   -2.630643398929E-04    1.508366093874E-02    6.091602670954E-02    1.365353897563E-01
    1.691735939850E+01   -1.000325692865E+00   -2.570020975676E-04    1.483717234183E-02    5.992021362496E-02    1.343165639691E-01
    1.704267243108E+01   -1.000320912411E+00   -2.511250059933E-04    1.459667507394E-02    5.894852677149E-02    1.321509898930E-01
    1.716798546366E+01   -1.000316236738E+00   -2.454260385740E-04    1.436197664542E-02    5.800019661601E-02    1.300369915573E-01
    1.729329849624E+01   -1.000311662777E+00   -2.398984865475E-04    1.413289222863E-02    5.707448390410E-02    1.279729577925E-01
    1.741861152882E+01   -1.000307187572E+00   -2.345359429416E-04    1.390924429396E-02    5.617067824846E-02    1.259573392757E-01
    1.754392456140E+01   -1.000302808277E+00   -2.293322862608E-04    1.369086226843E-02    5.528809679561E-02    1.239886457320E-01
    1.766923759398E+01   -1.000298522149E+00   -2.242816659992E-04    1.347758221082E-02    5.442608296154E-02    1.220654432798E-01
    1.779455062657E+01   -1.000294326547E+00   -2.193784889473E-04    1.326924650462E-02    5.358400523441E-02    1.201863519129E-01
    1.791986365915E+01   -1.000290218924E+00   -2.146174053457E-04    1.306570356927E-02    5.276125604203E-02    1.183500431139E-01
    1.804517669173E+01   -1.000286196823E+00   -2.099932975546E-04    1.286680758324E-02    5.195725067470E-02    1.165552375841E-01
    1.817048972431E+01   -1.000282257874E+00   -2.055012673916E-04    1.267241822564E-02    5.117142626776E-02    1.148007030940E-01
    1.829580275689E+01   -1.000278399789E+00   -2.011366259980E-04    1.248240042788E-02    5.040324083294E-02    1.130852524366E-01
    1.842111578947E+01   -1.000274620363E+00   -1.968948830662E-04    1.229662414040E-02    4.965217234129E-02    1.114077414856E-01
    1.854642882206E+01   -1.000270917461E+00   -1.927717370731E-04    1.211496411088E-02    4.891771785193E-02    1.097670673491E-01
    1.867174185464E+01   -1.000267289025E+00   -1.887630664712E-04    1.193729967273E-02    4.819939268368E-02    1.081621666133E-01
    1.879705488722E+01   -1.000263733066E+00   -1.848649201481E-04    1.176351454698E-02    4.749672963067E-02    1.065920136741E-01
    1.892236791980E+01   -1.000260247660E+00   -1.810735103245E-04    1.159349665017E-02    4.680927821284E-02    1.050556191469E-01
    1.904768095238E+01   -1.000256830947E+00   -1.773852035531E-04    1.142713791652E-02    4.613660396814E-02    1.035520283561E-01
    1.917299398496E+01   -1.000253481131E+00   -1.737965144804E-04    1.126433412430E-02    4.547828777463E-02    1.020803198943E-01
    1.929830701754E+01   -1.000250196473E+00   -1.703040981662E-04    1.110498473450E-02    4.483392520941E-02    1.006396042524E-01
    1.942362005013E+01   -1.000246975289E+00   -1.669047437833E-04    1.094899273525E-02    4.420312593619E-02    9.922902251327E-02
    1.954893308271E+01   -1.000243815953E+00   -1.635953682440E-04    1.079626449485E-02    4.358551312342E-02    9.784774510765E-02
    1.967424611529E+01   -1.000240716887E+00   -1.603730103785E-04    1.064670962133E-02    4.298072288958E-02    9.649497062745E-02
    1.979955914787E+01   -1.000237676567E+00   -1.572348253147E-04    1.050024082896E-02    4.238840377485E-02    9.516992469480E-02
    1.992487218045E+01   -1.000234693515E+00   -1.541780795433E-04    1.035677381045E-02    4.180821623707E-02    9.387185888245E-02
    2.005018521303E+01   -1.000231766299E+00   -1.512001449688E-04    1.021622711770E-02    4.123983217374E-02    9.260004968621E-02
    2.017549824561E+01   -1.000228893533E+00   -1.482984951517E-04    1.007852204431E-02    4.068293446231E-02    9.135379754051E-02
    2.030081127820E+01   -1.000226073874E+00   -1.454707001944E-04    9.943582516782E-03    4.013721652505E-02    9.013242588178E-02
    2.042612431078E+01   -1.000223306019E+00   -1.427144224218E-04    9.811334989694E-03    3.960238191257E-02    8.893528025295E-02
    2.055143734336E+01   -1.000220588706E+00   -1.400274128838E-04    9.681708344432E-03    3.907814390527E-02    8.776172744676E-02
    2.067675037594E+01   -1.000217920710E+00   -1.374075068517E-04    9.554633795065E-03    3.856422513523E-02    8.661115468983E-02
    2.080206340852E+01   -1.000215300844E+00   -1.348526202194E-04    9.430044796922E-03    3.806035722356E-02    8.548296886125E-02
    2.092737644110E+01   -1.000212727958E+00   -1.323607462278E-04    9.307876959292E-03    3.756628043398E-02    8.437659574543E-02
    2.105268947368E+01   -1.000210200932E+00   -1.299299523274E-04    9.188067961829E-03    3.708174334151E-02    8.329147931758E-02
    2.117800250627E+01   -1.000207718683E+00   -1.275583765441E-04    9.070557476253E-03    3.660650251754E-02    8.222708106172E-02
    2.130331553885E+01   -1.000205280159E+00   -1.252442244790E-04    8.955287090373E-03    3.614032222737E-02    8.118287931714E-02
    2.142862857143E+01   -1.000202884338E+00   -1.229857669141E-04    8.842200234703E-03    3.568297414032E-02    8.015836865205E-02
    2.155394160401E+01   -1.000200530229E+00   -1.207813368789E-04    8.731242113521E-03    3.523423705367E-02    7.915305926538E-02
    2.167925463659E+01   -1.000198216867E+00   -1.186293266870E-04    8.622359639337E-03    3.479389662880E-02    7.816647641432E-02
    2.180456766917E+01   -1.000195943318E+00   -1.165281858562E-04    8.515501368620E-03    3.436174513719E-02    7.719815986454E-02
    2.192988070175E+01   -1.000193708673E+00   -1.144764190231E-04    8.410617440646E-03    3.393758121754E-02    7.624766336372E-02
    2.205519373434E+01   -1.000191512049E+00   -1.124725828021E-04    8.307659521075E-03    3.352120964527E-02    7.531455413946E-02
    2.218050676692E+01   -1.000189352588E+00   -1.105152844287E-04    8.206580744814E-03    3.311244110873E-02    7.439841241470E-02
    2.230581979950E+01   -1.000187229456E+00   -1.086031795168E-04    8.107335663151E-03    3.271109199652E-02    7.349883094501E-02
    2.243113283208E+01   -1.000185141841E+00   -1.067349700687E-04    8.009880192728E-03    3.231698419332E-02    7.261541457479E-02
    2.255644586466E+01   -1.000183088957E+00   -1.049094025398E-04    7.914171566883E-03    3.192994488452E-02    7.174777981144E-02
    2.268175889724E+01   -1.000181070037E+00   -1.031252659118E-04    7.820168288976E-03    3.154980636864E-02    7.089555441716E-02
    2.280707192982E+01   -1.000179084334E+00   -1.013813907602E-04    7.727830085995E-03    3.117640587602E-02    7.005837701534E-02
    2.293238496241E+01   -1.000177131125E+00   -9.967664668009E-05    7.637117867334E-03    3.080958539798E-02    6.923589671620E-02
    2.305769799499E+01   -1.000175209704E+00   -9.800994136278E-05    7.547993682212E-03    3.044919151995E-02    6.842777275426E-02
    2.318301102757E+01   -1.000173319385E+00   -9.638021870750E-05    7.460420680841E-03    3.009507526333E-02    6.763367414230E-02
    2.330832406015E+01   -1.000171459499E+00   -9.478645777272E-05    7.374363075672E-03    2.974709193214E-02    6.685327933743E-02
    2.343363709273E+01   -1.000169629397E+00   -9.322767137387E-05    7.289786104837E-03    2.940510096648E-02    6.608627592111E-02
    2.355895012531E+01   -1.000167828446E+00   -9.170290454441E-05    7.206655997773E-03    2.906896580247E-02    6.533236029214E-02
    2.368426315789E+01   -1.000166056030E+00   -9.021123360253E-05    7.124939940716E-03    2.873855373623E-02    6.459123737044E-02
    2.380957619048E+01   -1.000164311548E+00   -8.875176458867E-05    7.044606045271E-03    2.841373579491E-02    6.386262031367E-02
    2.393488922306E+01   -1.000162594418E+00   -8.732363263131E-05    6.965623316227E-03    2.809438661073E-02    6.314623024303E-02
    2.406020225564E+01   -1.000160904070E+00   -8.592600041668E-05    6.887961622630E-03    2.778038430194E-02    6.244179598140E-02
    2.418551528822E+01   -1.000159239950E+00   -8.455805751106E-05    6.811591668317E-03    2.747161035664E-02    6.174905379997E-02
    2.431082832080E+01   -1.000157601517E+00   -8.321901926656E-05    6.736484964522E-03    2.716794952208E-02    6.106774717520E-02
    2.443614135338E+01   -1.000155988246E+00   -8.190812540954E-05    6.662613804244E-03    2.686928969880E-02    6.039762655582E-02
    2.456145438596E+01   -1.000154399624E+00   -8.062464003267E-05    6.589951234921E-03    2.657552183618E-02    5.973844913577E-02
    2.468676741855E+01   -1.000152835151E+00   -7.936785007501E-05    6.518471035096E-03    2.628653983482E-02    5.908997863875E-02
    2.481208045113E+01   -1.000151294340E+00   -7.813706432436E-05    6.448147691140E-03    2.600224045184E-02    5.845198510977E-02
    2.493739348371E+01   -1.000149776716E+00   -7.693161342925E-05    6.378956372906E-03    2.572252320770E-02    5.782424471246E-02
    2.506270651629E+01   -1.000148281816E+00   -7.575084822964E-05    6.310872913538E-03    2.544729029974E-02    5.720653953729E-02
    2.518801954887E+01   -1.000146809188E+00   -7.459413970201E-05    6.243873787078E-03    2.517644651599E-02    5.659865741353E-02
    2.531333258145E+01   -1.000145358393E+00   -7.346087776616E-05    6.177936089087E-03    2.490989915432E-02    5.600039173058E-02
    2.543864561404E+01   -1.000143929000E+00   -7.235047112242E-05    6.113037516051E-03    2.464755794260E-02    5.541154126354E-02
    2.556395864662E+01   -1.000142520591E+00   -7.126234589538E-05    6.049156347979E-03    2.438933496425E-02    5.483191000768E-02
    2.568927167920E+01   -1.000141132756E+00   -7.019594572455E-05    5.986271428719E-03    2.413514458346E-02    5.426130701591E-02
    2.581458471178E+01   -1.000139765097E+00   -6.915073079861E-05    5.924362149298E-03    2.388490337561E-02    5.369954624430E-02
    2.593989774436E+01   -1.000138417224E+00   -6.812617724439E-05    5.863408430992E-03    2.363853005905E-02    5.314644640227E-02
    2.606521077694E+01   -1.000137088758E+00   -6.712177665413E-05    5.803390708962E-03    2.339594542956E-02    5.260183080800E-02
    2.619052380952E+01   -1.000135779327E+00   -6.613703578795E-05    5.744289916059E-03    2.315707229646E-02    5.206552724853E-02
    2.631583684211E+01   -1.000134488570E+00   -6.517147541185E-05    5.686087469037E-03    2.292183542298E-02    5.153736784654E-02
    2.644114987469E+01   -1.000133216133E+00   -6.422463063460E-05    5.628765252192E-03    2.269016146559E-02    5.101718892881E-02
    2.656646290727E+01   -1.000131961671E+00   -6.329604997912E-05    5.572305604295E-03    2.246197891821E-02    5.050483090185E-02
    2.669177593985E+01   -1.000130724846E+00   -6.238529482028E-05    5.516691305109E-03    2.223721805743E-02    5.000013813100E-02
    2.681708897243E+01   -1.000129505330E+00   -6.149193930249E-05    5.461905561660E-03    2.201581088895E-02    4.950295882292E-02
    2.694240200501E+01   -1.000128302801E+00   -6.061556935766E-05    5.407931996558E-03    2.179769109748E-02    4.901314491382E-02
    2.706771503759E+01   -1.000127116945E+00   -5.975578328532E-05    5.354754633930E-03    2.158279399546E-02    4.853055195840E-02
    2.719302807018E+01   -1.000125947455E+00   -5.891219023035E-05    5.302357889702E-03    2.137105647748E-02    4.805503902681E-02
    2.731834110276E+01   -1.000124794031E+00   -5.808441059685E-05    5.250726558810E-03    2.116241697287E-02    4.758646860126E-02
    2.744365413534E+01   -1.000123656380E+00   -5.727207545969E-05    5.199845804465E-03    2.095681540140E-02    4.712470647807E-02
    2.756896716792E+01   -1.000122534216E+00   -5.647482580207E-05    5.149701148358E-03    2.075419313111E-02    4.666962167340E-02
    2.769428020050E+01   -1.000121427258E+00   -5.569231309210E-05    5.100278458600E-03    2.055449293503E-02    4.622108632948E-02
    2.781959323308E+01   -1.000120335234E+00   -5.492419816355E-05    5.051563941334E-03    2.035765895250E-02    4.577897562729E-02
    2.794490626566E+01   -1.000119257876E+00   -5.417015112141E-05    5.003544130627E-03    2.016363664977E-02    4.534316770015E-02
    2.807021929825E+01   -1.000118194921E+00   -5.342985119872E-05    4.956205878955E-03    1.997237278228E-02    4.491354355024E-02
    2.819553233083E+01   -1.000117146115E+00   -5.270298648696E-05    4.909536348092E-03    1.978381535815E-02    4.448998696811E-02
    2.832084536341E+01   -1.000116111208E+00   -5.198925322603E-05    4.863523001242E-03    1.959791360384E-02    4.407238445568E-02
    2.844615839599E+01   -1.000115089954E+00   -5.128835612500E-05    4.818153593589E-03    1.941461792910E-02    4.366062514978E-02
    2.857147142857E+01   -1.000114082115E+00   -5.060000768453E-05    4.773416164833E-03    1.923387989479E-02    4.325460075009E-02
    2.869678446115E+01   -1.000113087456E+00   -4.992392830583E-05    4.729299030686E-03    1.905565218029E-02    4.285420544777E-02
    2.882209749373E+01   -1.000112105749E+00   -4.925984568760E-05    4.685790775912E-03    1.887988855345E-02    4.245933585798E-02
    2.894741052632E+01   -1.000111136770E+00   -4.860749463087E-05    4.642880246952E-03    1.870654384066E-02    4.206989095360E-02
    2.907272355890E+01   -1.000110180300E+00   -4.796661712358E-05    4.600556544056E-03    1.853557389728E-02    4.168577200058E-02
    2.919803659148E+01   -1.000109236123E+00   -4.733696182191E-05    4.558809015068E-03    1.836693558034E-02    4.130688249646E-02
    2.932334962406E+01   -1.000108304031E+00   -4.671828415637E-05    4.517627248003E-03    1.820058672073E-02    4.093312810972E-02
    2.944866265664E+01   -1.000107383818E+00   -4.611034575075E-05    4.477001065437E-03    1.803648609781E-02    4.056441662227E-02
    2.957397568922E+01   -1.000106475282E+00   -4.551291451982E-05    4.436920517474E-03    1.787459341325E-02    4.020065787245E-02
    2.969928872180E+01   -1.000105578228E+00   -4.492576420234E-05    4.397375876408E-03    1.771486926713E-02    3.984176370094E-02
    2.982460175439E+01   -1.000104692461E+00   -4.434867459868E-05    4.358357629784E-03    1.755727513307E-02    3.948764789694E-02
    2.994991478697E+01   -1.000103817795E+00   -4.378143082451E-05    4.319856475975E-03    1.740177333630E-02    3.913822614794E-02
    3.007522781955E+01   -1.000102954043E+00   -4.322382400201E-05    4.281863316840E-03    1.724832702954E-02    3.879341598821E-02
    3.020054085213E+01   -1.000102101025E+00   -4.267564990457E-05    4.244369254785E-03    1.709690017360E-02    3.845313675294E-02
    3.032585388471E+01   -1.000101258563E+00   -4.213670996678E-05    4.207365585172E-03    1.694745751397E-02    3.811730952900E-02
    3.045116691729E+01   -1.000100426486E+00   -4.160681046939E-05    4.170843792630E-03    1.679996456174E-02    3.778585711101E-02
    3.057647994987E+01   -1.000099604621E+00   -4.108576257833E-05    4.134795545719E-03    1.665438757327E-02    3.745870395673E-02
    3.070179298246E+01   -1.000098792803E+00   -4.057338204877E-05    4.099212692594E-03    1.651069353150E-02    3.713577614484E-02
    3.082710601504E+01   -1.000097990868E+00   -4.006948924484E-05    4.064087255996E-03    1.636885012677E-02    3.681700133304E-02
    3.095241904762E+01   -1.000097198657E+00   -3.957390929243E-05    4.029411428256E-03    1.622882573829E-02    3.650230871730E-02
    3.107773208020E+01   -1.000096416014E+00   -3.908647113082E-05    3.995177568542E-03    1.609058941808E-02    3.619162899447E-02
    3.120304511278E+01   -1.000095642784E+00   -3.860700817016E-05    3.961378197175E-03    1.595411087257E-02    3.588489432281E-02
    3.132835814536E+01   -1.000094878817E+00   -3.813535809782E-05    3.928005991558E-03    1.581936044596E-02    3.558203828534E-02
    3.145367117794E+01   -1.000094123966E+00   -3.767136215904E-05    3.895053783602E-03    1.568630910559E-02    3.528299585543E-02
    3.157898421053E+01   -1.000093378086E+00   -3.721486562003E-05    3.862514554529E-03    1.555492842507E-02    3.498770336084E-02
    3.170429724311E+01   -1.000092641036E+00   -3.676571744871E-05    3.830381431690E-03    1.542519056960E-02    3.469609845061E-02
    3.182961027569E+01   -1.000091912676E+00   -3.632377051077E-05    3.798647684291E-03    1.529706828071E-02    3.440812006162E-02
    3.195492330827E+01   -1.000091192871E+00   -3.588888079320E-05    3.767306721201E-03    1.517053486331E-02    3.412370838835E-02
    3.208023634085E+01   -1.000090481488E+00   -3.546090806661E-05    3.736352086009E-03    1.504556417024E-02    3.384280485036E-02
    3.220554937343E+01   -1.000089778394E+00   -3.503971513497E-05    3.705777455050E-03    1.492213059024E-02    3.356535206367E-02
    3.233086240602E+01   -1.000089083463E+00   -3.462516822483E-05    3.675576633186E-03    1.480020903385E-02    3.329129381074E-02
    3.245617543860E+01   -1.000088396567E+00   -3.421713667295E-05    3.645743551054E-03    1.467977492107E-02    3.302057501251E-02
    3.258148847118E+01   -1.000087717583E+00   -3.381549289516E-05    3.616272262058E-03    1.456080416906E-02    3.275314170086E-02
    3.270680150376E+01   -1.000087046392E+00   -3.342011246255E-05    3.587156938899E-03    1.444327317965E-02    3.248894099151E-02
    3.283211453634E+01   -1.000086382873E+00   -3.303087359585E-05    3.558391871680E-03    1.432715882862E-02    3.222792105894E-02
    3.295742756892E+01   -1.000085726909E+00   -3.264765736222E-05    3.529971464460E-03    1.421243845375E-02    3.197003111049E-02
    3.308274060150E+01   -1.000085078388E+00   -3.227034772735E-05    3.501890232393E-03    1.409908984363E-02    3.171522136160E-02
    3.320805363409E+01   -1.000084437196E+00   -3.189883136945E-05    3.474142799179E-03    1.398709122705E-02    3.146344301212E-02
    3.333336666667E+01   -1.000083803223E+00   -3.153299725156E-05    3.446723895265E-03    1.387642126333E-02    3.121464822382E-02
    3.345867969925E+01   -1.000083176362E+00   -3.117273717135E-05    3.419628354090E-03    1.376705903096E-02    3.096879009651E-02
    3.358399273183E+01   -1.000082556507E+00   -3.081794520621E-05    3.392851110670E-03    1.365898401874E-02    3.072582264707E-02
    3.370930576441E+01   -1.000081943552E+00   -3.046851824862E-05    3.366387197952E-03    1.355217611490E-02    3.048570078683E-02
    3.383461879699E+01   -1.000081337397E+00   -3.012435482175E-05    3.340231746807E-03    1.344661560011E-02    3.024838030307E-02
    3.395993182957E+01   -1.000080737942E+00   -2.978535642706E-05    3.314379980938E-03    1.334228313548E-02    3.001381783589E-02
    3.408524486216E+01   -1.000080145086E+00   -2.945142632083E-05    3.288827217057E-03    1.323915975612E-02    2.978197086086E-02
    3.421055789474E+01   -1.000079558735E+00   -2.912247020470E-05    3.263568861254E-03    1.313722686109E-02    2.955279766840E-02
    3.433587092732E+01   -1.000078978793E+00   -2.879839557068E-05    3.238600408122E-03    1.303646620610E-02    2.932625734625E-02
    3.446118395990E+01   -1.000078405167E+00   -2.847911220338E-05    3.213917437616E-03    1.293685989436E-02    2.910230976019E-02
    3.458649699248E+01   -1.000077837766E+00   -2.816453184429E-05    3.189515613809E-03    1.283839036926E-02    2.888091553700E-02
    3.471181002506E+01   -1.000077276499E+00   -2.785456823662E-05    3.165390682467E-03    1.274104040624E-02    2.866203604695E-02
    3.483712305764E+01   -1.000076721279E+00   -2.754913681757E-05    3.141538470091E-03    1.264479310604E-02    2.844563338760E-02
    3.496243609023E+01   -1.000076172019E+00   -2.724815510380E-05    3.117954880981E-03    1.254963188639E-02    2.823167036662E-02
    3.508774912281E+01   -1.000075628634E+00   -2.695154213539E-05    3.094635896600E-03    1.245554047593E-02    2.802011048685E-02
    3.521306215539E+01   -1.000075091041E+00   -2.665921903566E-05    3.071577572668E-03    1.236250290606E-02    2.781091792967E-02
    3.533837518797E+01   -1.000074559157E+00   -2.637110854331E-05    3.048776038249E-03    1.227050350501E-02    2.760405754068E-02
    3.546368822055E+01   -1.000074032902E+00   -2.608713467289E-05    3.026227494825E-03    1.217952689187E-02    2.739949481566E-02
    3.558900125313E+01   -1.000073512196E+00   -2.580722369117E-05    3.003928212601E-03    1.208955796814E-02    2.719719588418E-02
    3.571431428571E+01   -1.000072996963E+00   -2.553130312122E-05    2.981874530950E-03    1.200058191340E-02    2.699712749755E-02
    3.583962731830E+01   -1.000072487124E+00   -2.525930188590E-05    2.960062856403E-03    1.191258417876E-02    2.679925701488E-02
    3.596494035088E+01   -1.000071982606E+00   -2.499115059829E-05    2.938489660695E-03    1.182555048042E-02    2.660355238915E-02
    3.609025338346E+01   -1.000071483334E+00   -2.472678149168E-05    2.917151479330E-03    1.173946679389E-02    2.640998215434E-02
    3.621556641604E+01   -1.000070989236E+00   -2.446612792806E-05    2.896044911028E-03    1.165431934913E-02    2.621851541380E-02
    3.634087944862E+01   -1.000070500240E+00   -2.420912499690E-05    2.875166615272E-03    1.157009462407E-02    2.602912182666E-02
    3.646619248120E+01   -1.000070016276E+00   -2.395570871072E-05    2.854513312330E-03    1.148677934049E-02    2.584177159742E-02
    3.659150551378E+01   -1.000069537276E+00   -2.370581675337E-05    2.834081780580E-03    1.140436045746E-02    2.565643546273E-02
    3.671681854637E+01   -1.000069063172E+00   -2.345938800885E-05    2.813868855990E-03    1.132282516698E-02    2.547308468084E-02
    3.684213157895E+01   -1.000068593897E+00   -2.321636275049E-05    2.793871430555E-03    1.124216088869E-02    2.529169102013E-02
    3.696744461153E+01   -1.000068129385E+00   -2.297668220042E-05    2.774086451842E-03    1.116235526572E-02    2.511222674906E-02
    3.709275764411E+01   -1.000067669572E+00   -2.274028911620E-05    2.754510920666E-03    1.108339615887E-02    2.493466462441E-02
    3.721807067669E+01   -1.000067214396E+00   -2.250712709295E-05    2.735141891235E-03    1.100527164322E-02    2.475897788228E-02
    3.734338370927E+01   -1.000066763793E+00   -2.227714127301E-05    2.715976468609E-03    1.092797000226E-02    2.458514022664E-02
    3.746869674185E+01   -1.000066317704E+00   -2.205027760982E-05    2.697011808954E-03    1.085147972483E-02    2.441312582082E-02
    3.759400977444E+01   -1.000065876066E+00   -2.182648316129E-05    2.678245117951E-03    1.077578950025E-02    2.424290927748E-02
    3.771932280702E+01   -1.000065438821E+00   -2.160570633469E-05    2.659673649209E-03    1.070088821368E-02    2.407446564861E-02
    3.784463583960E+01   -1.000065005912E+00   -2.138789622386E-05    2.641294704439E-03    1.062676494314E-02    2.390777041772E-02
    3.796994887218E+01   -1.000064577280E+00   -2.117300327464E-05    2.623105631168E-03    1.055340895432E-02    2.374279948962E-02
    3.809526190476E+01   -1.000064152870E+00   -2.096097855109E-05    2.605103823242E-03    1.048080969806E-02    2.357952918309E-02
    3.822057493734E+01   -1.000063732626E+00   -2.075177453742E-05    2.587286718168E-03    1.040895680493E-02    2.341793622087E-02
    3.834588796992E+01   -1.000063316493E+00   -2.054534421814E-05    2.569651797993E-03    1.033784008327E-02    2.325799772306E-02
    3.847120100251E+01   -1.000062904418E+00   -2.034164195841E-05    2.552196586687E-03    1.026744951386E-02    2.309969119738E-02
    3.859651403509E+01   -1.000062496348E+00   -2.014062248024E-05    2.534918651202E-03    1.019777524835E-02    2.294299453314E-02
    3.872182706767E+01   -1.000062092231E+00   -1.994224199975E-05    2.517815598303E-03    1.012880760349E-02    2.278788599140E-02
    3.884714010025E+01   -1.000061692017E+00   -1.974645727754E-05    2.500885075719E-03    1.006053705975E-02    2.263434419918E-02
    3.897245313283E+01   -1.000061295654E+00   -1.955322581804E-05    2.484124770730E-03    9.992954257414E-03    2.248234814177E-02
    3.909776616541E+01   -1.000060903093E+00   -1.936250604895E-05    2.467532409050E-03    9.926049993095E-03    2.233187715509E-02
    3.922307919799E+01   -1.000060514286E+00   -1.917425751863E-05    2.451105753702E-03    9.859815216219E-03    2.218291091836E-02
    3.934839223058E+01   -1.000060129185E+00   -1.898843998793E-05    2.434842605902E-03    9.794241027616E-03    2.203542944895E-02
    3.947370526316E+01   -1.000059747743E+00   -1.880501442364E-05    2.418740802398E-03    9.729318674614E-03    2.188941309371E-02
    3.959901829574E+01   -1.000059369912E+00   -1.862394236873E-05    2.402798215936E-03    9.665039549320E-03    2.174484252369E-02
    3.972433132832E+01   -1.000058995648E+00   -1.844518620175E-05    2.387012754015E-03    9.601395185197E-03    2.160169872718E-02
    3.984964436090E+01   -1.000058624905E+00   -1.826870900268E-05    2.371382358462E-03    9.538377254564E-03    2.145996300372E-02
    3.997495739348E+01   -1.000058257639E+00   -1.809447439816E-05    2.355905004966E-03    9.475977566087E-03    2.131961695835E-02
    4.010027042607E+01   -1.000057893806E+00   -1.792244691190E-05    2.340578701786E-03    9.414188061476E-03    2.118064249481E-02
    4.022558345865E+01   -1.000057533364E+00   -1.775259161230E-05    2.325401489681E-03    9.353000813453E-03    2.104302181050E-02
    4.035089649123E+01   -1.000057176270E+00   -1.758487443038E-05    2.310371440703E-03    9.292408022636E-03    2.090673739010E-02
    4.047620952381E+01   -1.000056822482E+00   -1.741926150767E-05    2.295486658830E-03    9.232402016310E-03    2.077177200128E-02
    4.060152255639E+01   -1.000056471960E+00   -1.725572019273E-05    2.280745277338E-03    9.172975243965E-03    2.063810868726E-02
    4.072683558897E+01   -1.000056124663E+00   -1.709421797935E-05    2.266145460325E-03    9.114120277041E-03    2.050573076359E-02
    4.085214862155E+01   -1.000055780551E+00   -1.693472318842E-05    2.251685400737E-03    9.055829805185E-03    2.037462181155E-02
    4.097746165414E+01   -1.000055439585E+00   -1.677720462445E-05    2.237363320432E-03    8.998096634631E-03    2.024476567378E-02
    4.110277468672E+01   -1.000055101726E+00   -1.662163168747E-05    2.223177469488E-03    8.940913685852E-03    2.011614644905E-02
    4.122808771930E+01   -1.000054766937E+00   -1.646797461885E-05    2.209126125124E-03    8.884273990793E-03    1.998874848684E-02
    4.135340075188E+01   -1.000054435179E+00   -1.631620382114E-05    2.195207592354E-03    8.828170691979E-03    1.986255638399E-02
    4.147871378446E+01   -1.000054106417E+00   -1.616629031131E-05    2.181420202769E-03    8.772597039738E-03    1.973755497914E-02
    4.160402681704E+01   -1.000053780613E+00   -1.601820592123E-05    2.167762313476E-03    8.717546389560E-03    1.961372934768E-02
    4.172933984962E+01   -1.000053457731E+00   -1.587192265795E-05    2.154232307913E-03    8.663012201483E-03    1.949106479865E-02
    4.185465288221E+01   -1.000053137737E+00   -1.572741314648E-05    2.140828594454E-03    8.608988037190E-03    1.936954686945E-02
    4.197996591479E+01   -1.000052820595E+00   -1.558465073548E-05    2.127549605711E-03    8.555467557893E-03    1.924916132133E-02
    4.210527894737E+01   -1.000052506272E+00   -1.544360877159E-05    2.114393799495E-03    8.502444523913E-03    1.912989413675E-02
    4.223059197995E+01   -1.000052194732E+00   -1.530426167728E-05    2.101359656182E-03    8.449912790663E-03    1.901173151302E-02
    4.235590501253E+01   -1.000051885944E+00   -1.516658378620E-05    2.088445680660E-03    8.397866309241E-03    1.889465986071E-02
    4.248121804511E+01   -1.000051579874E+00   -1.503055025553E-05    2.075650399902E-03    8.346299122737E-03    1.877866579787E-02
    4.260653107769E+01   -1.000051276490E+00   -1.489613661820E-05    2.062972363619E-03    8.295205365554E-03    1.866373614710E-02
    4.273184411028E+01   -1.000050975759E+00   -1.476331856121E-05    2.050410144106E-03    8.244579262029E-03    1.854985793228E-02
    4.285715714286E+01   -1.000050677651E+00   -1.463207275010E-05    2.037962334244E-03    8.194415123194E-03    1.843701837313E-02
    4.298247017544E+01   -1.000050382135E+00   -1.450237578848E-05    2.025627549191E-03    8.144707347292E-03    1.832520488389E-02
    4.310778320802E+01   -1.000050089179E+00   -1.437420485684E-05    2.013404424662E-03    8.095450416821E-03    1.821440506835E-02
    4.323309624060E+01   -1.000049798753E+00   -1.424753746204E-05    2.001291617019E-03    8.046638897545E-03    1.810460671697E-02
    4.335840927318E+01   -1.000049510828E+00   -1.412235175846E-05    1.989287802325E-03    7.998267436350E-03    1.799579780289E-02
    4.348372230576E+01   -1.000049225375E+00   -1.399862595597E-05    1.977391677068E-03    7.950330760949E-03    1.788796647981E-02
    4.360903533835E+01   -1.000048942365E+00   -1.387633890260E-05    1.965601956629E-03    7.902823677158E-03    1.778110107751E-02
    4.373434837093E+01   -1.000048661768E+00   -1.375546978077E-05    1.953917375609E-03    7.855741068271E-03    1.767519009944E-02
    4.385966140351E+01   -1.000048383557E+00   -1.363599778559E-05    1.942336688024E-03    7.809077894146E-03    1.757022222010E-02
    4.398497443609E+01   -1.000048107704E+00   -1.351790297166E-05    1.930858665311E-03    7.762829188241E-03    1.746618628045E-02
    4.411028746867E+01   -1.000047834181E+00   -1.340116549065E-05    1.919482097512E-03    7.716990057771E-03    1.736307128638E-02
    4.423560050125E+01   -1.000047562963E+00   -1.328576576798E-05    1.908205792569E-03    7.671555682051E-03    1.726086640547E-02
    4.436091353383E+01   -1.000047294021E+00   -1.317168470805E-05    1.897028575606E-03    7.626521310818E-03    1.715956096371E-02
    4.448622656642E+01   -1.000047027330E+00   -1.305890364445E-05    1.885949288687E-03    7.581882263046E-03    1.705914444285E-02
    4.461153959900E+01   -1.000046762863E+00   -1.294740379310E-05    1.874966791632E-03    7.537633926861E-03    1.695960647870E-02
    4.473685263158E+01   -1.000046500596E+00   -1.283716720879E-05    1.864079959767E-03    7.493771756396E-03    1.686093685659E-02
    4.486216566416E+01   -1.000046240502E+00   -1.272817597386E-05    1.853287685254E-03    7.450291272211E-03    1.676312551034E-02
    4.498747869674E+01   -1.000045982557E+00   -1.262041240269E-05    1.842588876400E-03    7.407188059789E-03    1.666616251923E-02
    4.511279172932E+01   -1.000045726736E+00   -1.251385935519E-05    1.831982456701E-03    7.364457767695E-03    1.657003810494E-02
    4.523810476190E+01   -1.000045473016E+00   -1.240849979345E-05    1.821467365536E-03    7.322096107479E-03    1.647474262994E-02
    4.536341779449E+01   -1.000045221371E+00   -1.230431702104E-05    1.811042557280E-03    7.280098851948E-03    1.638026659450E-02
    4.548873082707E+01   -1.000044971778E+00   -1.220129462109E-05    1.800707001293E-03    7.238461834389E-03    1.628660063459E-02
    4.561404385965E+01   -1.000044724214E+00   -1.209941645097E-05    1.790459681548E-03    7.197180947390E-03    1.619373551944E-02
    4.573935689223E+01   -1.000044478657E+00   -1.199866663071E-05    1.780299596507E-03    7.156252141979E-03    1.610166214934E-02
    4.586466992481E+01   -1.000044235082E+00   -1.189902973953E-05    1.770225758358E-03    7.115671426108E-03    1.601037155302E-02
    4.598998295739E+01   -1.000043993467E+00   -1.180049016014E-05    1.760237194167E-03    7.075434865059E-03    1.591985488673E-02
    4.611529598997E+01   -1.000043753791E+00   -1.170303287901E-05    1.750332943955E-03    7.035538578829E-03    1.583010343050E-02
    4.624060902256E+01   -1.000043516031E+00   -1.160664302491E-05    1.740512061485E-03    6.995978742169E-03    1.574110858703E-02
    4.636592205514E+01   -1.000043280166E+00   -1.151130614740E-05    1.730773613344E-03    6.956751583049E-03    1.565286187893E-02
    4.649123508772E+01   -1.000043046175E+00   -1.141700771590E-05    1.721116679826E-03    6.917853382773E-03    1.556535494787E-02
    4.661654812030E+01   -1.000042814035E+00   -1.132373360413E-05    1.711540353657E-03    6.879280474122E-03    1.547857955145E-02
    4.674186115288E+01   -1.000042583727E+00   -1.123147008131E-05    1.702043739822E-03    6.841029240483E-03    1.539252756140E-02
    4.686717418546E+01   -1.000042355230E+00   -1.114020337267E-05    1.692625956224E-03    6.803096115873E-03    1.530719096249E-02
    4.699248721805E+01   -1.000042128523E+00   -1.104991987511E-05    1.683286133065E-03    6.765477583734E-03    1.522256185028E-02
    4.711780025063E+01   -1.000041903586E+00   -1.096060672467E-05    1.674023411450E-03    6.728170174865E-03    1.513863242805E-02
    4.724311328321E+01   -1.000041680399E+00   -1.087225054608E-05    1.664836945718E-03    6.691170469210E-03    1.505539500765E-02
    4.736842631579E+01   -1.000041458943E+00   -1.078483860240E-05    1.655725900936E-03    6.654475092698E-03    1.497284200527E-02
    4.749373934837E+01   -1.000041239199E+00   -1.069835845779E-05    1.646689453348E-03    6.618080717181E-03    1.489096594048E-02
    4.761905238095E+01   -1.000041021146E+00   -1.061279757453E-05    1.637726791063E-03    6.581984060507E-03    1.480975943536E-02
    4.774436541353E+01   -1.000040804767E+00   -1.052814381231E-05    1.628837112758E-03    6.546181884676E-03    1.472921521175E-02
    4.786967844612E+01   -1.000040590042E+00   -1.044438516806E-05    1.620019628113E-03    6.510670995749E-03    1.464932609021E-02
    4.799499147870E+01   -1.000040376953E+00   -1.036150965827E-05    1.611273557785E-03    6.475448243251E-03    1.457008498859E-02
    4.812030451128E+01   -1.000040165482E+00   -1.027950584120E-05    1.602598132254E-03    6.440510518532E-03    1.449148491948E-02
    4.824561754386E+01   -1.000039955610E+00   -1.019836227933E-05    1.593992592664E-03    6.405854755047E-03    1.441351898968E-02
    4.837093057644E+01   -1.000039747320E+00   -1.011806761597E-05    1.585456190507E-03    6.371477927584E-03    1.433618039853E-02
    4.849624360902E+01   -1.000039540593E+00   -1.003861071336E-05    1.576988187215E-03    6.337377051298E-03    1.425946243621E-02
    4.862155664160E+01   -1.000039335414E+00   -9.959980676433E-06    1.568587853918E-03    6.303549181049E-03    1.418335848219E-02
    4.874686967419E+01   -1.000039131763E+00   -9.882166861930E-06    1.560254471255E-03    6.269991410685E-03    1.410786200377E-02
    4.887218270677E+01   -1.000038929625E+00   -9.805158742049E-06    1.551987329512E-03    6.236700872719E-03    1.403296655496E-02
    4.899749573935E+01   -1.000038728982E+00   -9.728945651988E-06    1.543785728931E-03    6.203674738195E-03    1.395866577561E-02
    4.912280877193E+01   -1.000038529817E+00   -9.653517470287E-06    1.535648978243E-03    6.170910214763E-03    1.388495338869E-02
    4.924812180451E+01   -1.000038332115E+00   -9.578864236026E-06    1.527576395250E-03    6.138404546804E-03    1.381182319975E-02
    4.937343483709E+01   -1.000038135858E+00   -9.504975860608E-06    1.519567307265E-03    6.106155015444E-03    1.373926909614E-02
    4.949874786967E+01   -1.000037941031E+00   -9.431842523222E-06    1.511621050155E-03    6.074158937171E-03    1.366728504496E-02
    4.962406090226E+01   -1.000037747617E+00   -9.359454813840E-06    1.503736967957E-03    6.042413663016E-03    1.359586509158E-02
    4.974937393484E+01   -1.000037555601E+00   -9.287802885893E-06    1.495914414373E-03    6.010916579650E-03    1.352500335996E-02
    4.987468696742E+01   -1.000037364966E+00   -9.216877811191E-06    1.488152749969E-03    5.979665106186E-03    1.345469404889E-02
    5.000000000000E+01   -1.000037175699E+00   -9.146669997850E-06    1.480451345191E-03    5.948656696765E-03    1.338493143382E-02
