          10         400  0.50000000000000000        2.0000000000000000     
  1  1       0.00       2.00       3.00 **VQfit parameters
  -1.000034054843E+00   1.278476755415E-01   3.156733113084E+00      2.279E-08
  1  2       2.00       3.00       4.00 **VQfit parameters
   5.216143788193E-03  -5.891834480957E-01  -7.168009089811E+00      4.464E-10
  1  2       1.00       2.00       3.00 **PmatFit parameters
  -3.853204552617E-03   1.072334608706E+00   3.178187294883E+01      9.034E-09
  1  3       2.00       3.00       4.00 **VQfit parameters
  -2.134406647985E-02   2.525540414975E+00  -9.713758125846E+00      1.775E-09
  1  3       1.00       2.00       3.00 **PmatFit parameters
   2.267958155244E-02  -4.601732092349E+00  -4.456838815619E+01      8.567E-08
  1  4       2.00       3.00       4.00 **VQfit parameters
  -4.079328482192E-02   5.176914473687E+00  -7.332924337804E+01      2.412E-09
  1  4       1.00       2.00       3.00 **PmatFit parameters
   5.806247183872E-02  -1.043985932615E+01   4.172440992342E+01      2.049E-07
  1  5       2.00       3.00       4.00 **VQfit parameters
   4.531171057493E-02  -6.522669420308E+00   1.323207845327E+02      2.956E-10
  1  5       1.00       2.00       3.00 **PmatFit parameters
  -8.993182213423E-02   1.657017253115E+01  -1.849571504856E+02      2.073E-07
  1  6       2.00       3.00       4.00 **VQfit parameters
   2.556230866812E-02  -5.170741190636E+00   1.373735016498E+02      3.954E-09
  1  6       1.00       2.00       3.00 **PmatFit parameters
  -9.589779690517E-02   2.038746244429E+01  -3.116796510585E+02      2.537E-08
  1  7       2.00       3.00       4.00 **VQfit parameters
  -8.583870643751E-03  -1.692016011880E+00   8.594288882522E+01      6.822E-09
  1  7       1.00       2.00       3.00 **PmatFit parameters
  -6.983780635141E-02   2.079535926202E+01  -3.778134341784E+02      2.801E-07
  1  8       2.00       3.00       4.00 **VQfit parameters
  -3.935205622692E-02   2.341509556721E+00   6.484271764025E+00      6.439E-09
  1  8       1.00       2.00       3.00 **PmatFit parameters
  -2.037078006459E-02   1.828450054313E+01  -3.793635898610E+02      5.617E-07
  1  9       2.00       3.00       4.00 **VQfit parameters
   5.282918477122E-02  -5.648605019876E+00   7.300200978556E+01      2.803E-09
  1  9       1.00       2.00       3.00 **PmatFit parameters
  -3.912759059216E-02  -1.402313074271E+01   3.341991357200E+02      7.500E-07
  1 10       2.00       3.00       4.00 **VQfit parameters
  -3.791988438752E-02   7.813068184547E+00  -1.451085101573E+02      4.114E-09
  1 10       1.00       2.00       3.00 **PmatFit parameters
   9.763188697463E-02   9.116160952557E+00  -2.639858537358E+02      8.287E-07
  2  2       0.00       2.00       3.00 **VQfit parameters
   7.281654141991E-06   7.708764811403E+00   3.265839385418E+01      6.169E-09
  2  3       2.00       3.00       4.00 **VQfit parameters
  -2.518398933637E-03   3.496467747141E-01  -2.075023619736E+01      2.068E-10
  2  3       1.00       2.00       3.00 **PmatFit parameters
  -6.601026459610E-04   1.422290221901E+00  -1.617548522475E+00      2.756E-09
  2  4       2.00       3.00       4.00 **VQfit parameters
  -1.802607476210E-03   3.088967574671E-01  -1.985690616805E+01      1.987E-11
  2  4       1.00       2.00       3.00 **PmatFit parameters
  -4.509204281593E-04   8.123125189053E-01  -2.672379736073E+00      5.296E-10
  2  5       2.00       3.00       4.00 **VQfit parameters
  -3.984437129260E-04  -8.842085770188E-02   1.494584141845E+01      3.630E-10
  2  5       1.00       2.00       3.00 **PmatFit parameters
   2.081510604988E-05  -5.457835458064E-01   2.224819454115E+00      2.376E-09
  2  6       2.00       3.00       4.00 **VQfit parameters
  -2.903181758319E-03   1.908673632227E-01   7.547118483352E+00      6.079E-10
  2  6       1.00       2.00       3.00 **PmatFit parameters
  -4.116390822750E-04  -3.775183120438E-01   1.211640884137E+00      3.801E-09
  2  7       2.00       3.00       4.00 **VQfit parameters
  -4.784188516409E-03   4.249446190383E-01   3.548629621195E-01      6.605E-10
  2  7       1.00       2.00       3.00 **PmatFit parameters
  -6.325847046577E-04  -2.717992538635E-01   3.866330715741E-01      2.737E-09
  2  8       2.00       3.00       4.00 **VQfit parameters
  -5.684705369166E-03   5.650102960109E-01  -5.055185824803E+00      5.535E-10
  2  8       1.00       2.00       3.00 **PmatFit parameters
  -5.628366662399E-04  -2.182337905608E-01   1.556175491725E-01      4.386E-10
  2  9       2.00       3.00       4.00 **VQfit parameters
   5.653764598808E-03  -6.042494757336E-01   8.186066360382E+00      3.613E-10
  2  9       1.00       2.00       3.00 **PmatFit parameters
   2.518238343429E-04   2.047522616961E-01  -5.647180190660E-01      3.909E-09
  2 10       2.00       3.00       4.00 **VQfit parameters
  -4.864499634268E-03   5.456463877324E-01  -8.980090412100E+00      1.486E-10
  2 10       1.00       2.00       3.00 **PmatFit parameters
   1.840496518040E-04  -2.161465623297E-01   1.429887706714E+00      6.785E-09
  3  3       0.00       2.00       3.00 **VQfit parameters
   2.265849878540E-05   6.979479732718E+01   2.758911786674E+02      9.036E-09
  3  4       2.00       3.00       4.00 **VQfit parameters
  -2.546306177594E-04  -2.723712745669E-01   5.375113462770E+01      8.252E-10
  3  4       1.00       2.00       3.00 **PmatFit parameters
   3.936508161942E-03  -3.898127748893E+00   2.178353821061E+01      1.246E-08
  3  5       2.00       3.00       4.00 **VQfit parameters
   4.906803966072E-03  -1.759257328435E-01  -3.386824995699E+01      1.512E-09
  3  5       1.00       2.00       3.00 **PmatFit parameters
  -1.385312413068E-03   2.129121415504E+00  -1.436924496373E+01      1.688E-09
  3  6       2.00       3.00       4.00 **VQfit parameters
   1.119053730881E-02  -8.832572676709E-01  -1.318144071921E+01      2.016E-09
  3  6       1.00       2.00       3.00 **PmatFit parameters
   3.751606294171E-04   1.384997496621E+00  -8.956681414122E+00      8.232E-09
  3  7       2.00       3.00       4.00 **VQfit parameters
   1.578310387920E-02  -1.471493019632E+00   5.902586429495E+00      2.013E-09
  3  7       1.00       2.00       3.00 **PmatFit parameters
   1.339338526680E-03   9.661919201341E-01  -5.032848093887E+00      6.948E-09
  3  8       2.00       3.00       4.00 **VQfit parameters
   1.769188801197E-02  -1.801779809857E+00   1.979560088975E+01      1.604E-09
  3  8       1.00       2.00       3.00 **PmatFit parameters
   1.383786029627E-03   7.462713917301E-01  -3.233721790442E+00      9.268E-10
  3  9       2.00       3.00       4.00 **VQfit parameters
  -1.708849016570E-02   1.857243649726E+00  -2.736712549930E+01      9.975E-10
  3  9       1.00       2.00       3.00 **PmatFit parameters
  -6.685855762125E-04  -6.650854775355E-01   3.552365172335E+00      9.973E-09
  3 10       2.00       3.00       4.00 **VQfit parameters
   1.446180453135E-02  -1.644042150208E+00   2.846981663423E+01      3.680E-10
  3 10       1.00       2.00       3.00 **PmatFit parameters
  -4.688954029599E-04   6.701690300643E-01  -5.416312907336E+00      1.792E-08
  4  4       0.00       2.00       3.00 **VQfit parameters
  -1.260042255186E-04   1.957665441766E+02   6.822681762676E+02      1.628E-07
  4  5       2.00       3.00       4.00 **VQfit parameters
   2.372699366298E-02  -2.233561304351E+00  -2.443369127751E+01      3.876E-09
  4  5       1.00       2.00       3.00 **PmatFit parameters
  -7.683004941320E-03   6.440643936527E+00  -6.372090508147E+01      9.083E-09
  4  6       2.00       3.00       4.00 **VQfit parameters
   2.508340491474E-02  -2.337152443653E+00   2.738611643277E+00      3.564E-09
  4  6       1.00       2.00       3.00 **PmatFit parameters
  -1.680521446570E-03   3.307990100063E+00  -3.416115304375E+01      1.045E-08
  4  7       2.00       3.00       4.00 **VQfit parameters
   2.904603550830E-02  -2.894716895009E+00   2.651775863207E+01      3.113E-09
  4  7       1.00       2.00       3.00 **PmatFit parameters
   9.961893024962E-04   2.112728798073E+00  -2.063373513536E+01      1.247E-08
  4  8       2.00       3.00       4.00 **VQfit parameters
   2.995450065743E-02  -3.176752273036E+00   4.295685027321E+01      2.250E-09
  4  8       1.00       2.00       3.00 **PmatFit parameters
   1.786132594086E-03   1.520641801959E+00  -1.360146932514E+01      4.095E-09
  4  9       2.00       3.00       4.00 **VQfit parameters
  -2.765158024229E-02   3.101752642339E+00  -5.064794186086E+01      1.223E-09
  4  9       1.00       2.00       3.00 **PmatFit parameters
  -1.177771611475E-03  -1.249702616310E+00   1.120487133299E+01      9.035E-09
  4 10       2.00       3.00       4.00 **VQfit parameters
   2.275354640345E-02  -2.657501744037E+00   4.923369676478E+01      2.721E-10
  4 10       1.00       2.00       3.00 **PmatFit parameters
  -2.644134385802E-04   1.167185654821E+00  -1.206405513482E+01      2.082E-08
  5  5       0.00       2.00       3.00 **VQfit parameters
  -6.382038189725E-04   3.878657036753E+02   1.142529993547E+03      6.512E-07
  5  6       2.00       3.00       4.00 **VQfit parameters
  -5.481014588358E-02   6.118166625292E+00  -5.808086650709E+01      5.230E-09
  5  6       1.00       2.00       3.00 **PmatFit parameters
   6.362077269281E-03  -8.547370183420E+00   1.131640847862E+02      3.554E-08
  5  7       2.00       3.00       4.00 **VQfit parameters
  -4.345955982137E-02   4.705919259810E+00  -6.049628836773E+01      3.402E-09
  5  7       1.00       2.00       3.00 **PmatFit parameters
  -5.929868365507E-04  -4.210554089998E+00   5.625470200583E+01      3.390E-08
  5  8       2.00       3.00       4.00 **VQfit parameters
  -4.004037407234E-02   4.490691960894E+00  -7.019425667274E+01      2.019E-09
  5  8       1.00       2.00       3.00 **PmatFit parameters
  -2.776481736294E-03  -2.686329102825E+00   3.457304350379E+01      2.268E-08
  5  9       2.00       3.00       4.00 **VQfit parameters
   3.488225841615E-02  -4.103935084111E+00   7.293604952786E+01      7.074E-10
  5  9       1.00       2.00       3.00 **PmatFit parameters
   2.690929229598E-03   1.993375247331E+00  -2.481008043122E+01      6.397E-09
  5 10       2.00       3.00       4.00 **VQfit parameters
  -2.763764698384E-02   3.367708189936E+00  -6.632799091163E+01      4.562E-10
  5 10       1.00       2.00       3.00 **PmatFit parameters
  -1.276474730269E-03  -1.695567605508E+00   2.166881141041E+01      9.412E-09
  6  6       0.00       2.00       3.00 **VQfit parameters
  -1.594028749831E-03   6.474752071914E+02   1.570281857535E+03      1.430E-06
  6  7       2.00       3.00       4.00 **VQfit parameters
  -7.080255842336E-02   8.984699209516E+00  -1.376698512233E+02      2.668E-09
  6  7       1.00       2.00       3.00 **PmatFit parameters
  -4.411675689254E-03  -9.665815070633E+00   1.526528056006E+02      1.235E-07
  6  8       2.00       3.00       4.00 **VQfit parameters
  -4.713784068155E-02   5.783324248176E+00  -9.955309810237E+01      8.155E-10
  6  8       1.00       2.00       3.00 **PmatFit parameters
  -7.058107185975E-03  -4.637001028980E+00   7.335040415688E+01      7.367E-08
  6  9       2.00       3.00       4.00 **VQfit parameters
   3.728808542607E-02  -4.720558078284E+00   8.946241239052E+01      6.230E-10
  6  9       1.00       2.00       3.00 **PmatFit parameters
   6.941845449573E-03   2.971585873608E+00  -4.587585087335E+01      4.400E-08
  6 10       2.00       3.00       4.00 **VQfit parameters
  -2.799235973291E-02   3.632607267167E+00  -7.528134825566E+01      1.518E-09
  6 10       1.00       2.00       3.00 **PmatFit parameters
  -5.336575798401E-03  -2.253066868881E+00   3.426966975979E+01      2.026E-08
  7  7       0.00       2.00       3.00 **VQfit parameters
  -2.938033835733E-03   9.747777589118E+02   1.921223048822E+03      2.357E-06
  7  8       2.00       3.00       4.00 **VQfit parameters
  -6.296249799011E-02   9.566928138912E+00  -1.756840082474E+02      2.200E-09
  7  8       1.00       2.00       3.00 **PmatFit parameters
  -2.502974678549E-02  -9.614527010925E+00   1.723419453925E+02      2.297E-07
  7  9       2.00       3.00       4.00 **VQfit parameters
   3.606813359984E-02  -5.227026167224E+00   1.041497692886E+02      2.361E-09
  7  9       1.00       2.00       3.00 **PmatFit parameters
   1.777360672149E-02   4.526512608571E+00  -8.125924661934E+01      1.201E-07
  7 10       2.00       3.00       4.00 **VQfit parameters
  -2.457996748235E-02   3.524580908835E+00  -7.629482763171E+01      2.682E-09
  7 10       1.00       2.00       3.00 **PmatFit parameters
  -1.375329316312E-02  -2.913453398112E+00   5.140494202977E+01      7.166E-08
  8  8       0.00       2.00       3.00 **VQfit parameters
  -4.541150534300E-03   1.369121563093E+03   2.185501712560E+03      3.283E-06
  8  9       2.00       3.00       4.00 **VQfit parameters
   3.793996530022E-02  -8.070508432626E+00   1.672361119027E+02      6.315E-09
  8  9       1.00       2.00       3.00 **PmatFit parameters
   5.261939794292E-02   8.572630697852E+00  -1.715905126396E+02      3.231E-07
  8 10       2.00       3.00       4.00 **VQfit parameters
  -1.913440878897E-02   3.400379094889E+00  -7.652779351594E+01      3.882E-09
  8 10       1.00       2.00       3.00 **PmatFit parameters
  -3.142132178512E-02  -3.969068836144E+00   7.981008158803E+01      1.602E-07
  9  9       0.00       2.00       3.00 **VQfit parameters
  -6.265064922997E-03   1.829519360975E+03   2.372263859420E+03      4.105E-06
  9 10       2.00       3.00       4.00 **VQfit parameters
   1.004420265700E-02  -5.143018254595E+00   1.199771063972E+02      7.574E-09
  9 10       1.00       2.00       3.00 **PmatFit parameters
   8.321944221837E-02   6.884371121148E+00  -1.551609450706E+02      3.844E-07
 10 10       0.00       2.00       3.00 **VQfit parameters
  -7.996482321284E-03   2.354969125468E+03   2.497836552614E+03      4.782E-06
