    1.000000000000E-06    1.559068710917E+02    7.163613268795E-48    1.719426187369E-46    3.117691453657E+13    1.791153729854E-48    1.247076581453E+14
    3.150683726861E-04   -5.998371543324E+00    1.360953719974E-43   -2.425035016533E-41    3.140678666127E+08    3.684752860045E-43    1.256271484441E+09
    1.257273490744E-03   -5.999888856926E+00   -1.557104157858E-41    1.507234693769E-41    1.972302308307E+07    3.176596163437E-41    7.889211033161E+07
    2.827615354175E-03   -5.999951853561E+00    2.109549601172E-40   -5.146602922209E-39    3.899346257150E+06    1.108726951911E-40    1.559740302839E+07
    5.026093962978E-03   -5.999905866232E+00   -9.570491399186E-39   -5.149477026539E-37    1.234155304431E+06   -4.303566180888E-38    4.936639217423E+06
    7.852709317153E-03   -5.999783791692E+00    3.920017844357E-38   -2.720732096955E-34    5.055788941261E+05    2.009225638056E-37    2.022333575847E+06
    1.130746141670E-02   -5.999555841329E+00    9.028021830759E-37   -4.470825440465E-32    2.438328515617E+05    8.987510543212E-37    9.753494049104E+05
    1.539035026162E-02   -5.999178889328E+00   -3.288084614326E-35   -3.340971608652E-30    1.316183160440E+05   -1.368445601712E-34    5.264912617103E+05
    2.010137585191E-02   -5.998600213873E+00    1.158223981747E-33   -1.403802773405E-28    7.715210846043E+04    5.010908732843E-33    3.086264296411E+05
    2.544053818757E-02   -5.997758543481E+00    5.853462577900E-35   -3.794792188632E-27    4.816443450824E+04   -6.673420943810E-34    1.926757313078E+05
    3.140783726861E-02   -5.996584610244E+00   -1.731678440368E-32   -7.242898422485E-26    3.159909610252E+04   -6.935790739980E-32    1.264143741634E+05
    3.800327309502E-02   -5.995001031573E+00   -1.609194430331E-32   -1.042983722499E-24    2.158094713233E+04   -4.898143427606E-32    8.634177353207E+04
    4.522684566680E-02   -5.992922569931E+00   -2.280087660274E-31   -1.189999853194E-23    1.523595713784E+04   -9.515648218825E-31    6.096180731883E+04
    5.307855498395E-02   -5.990256262655E+00   -7.629206095470E-31   -1.116499740391E-22    1.106011891345E+04   -2.694914114533E-30    4.425844642241E+04
    6.155840104648E-02   -5.986901622013E+00    9.594480793466E-31   -8.866369950022E-22    8.221334645210E+03    3.522638286997E-30    3.290329928557E+04
    7.066638385437E-02   -5.982750892033E+00    1.805590786682E-29   -6.097236542596E-21    6.237219383664E+03    8.149377002304E-29    2.496682578723E+04
    8.040250340764E-02   -5.977689360756E+00   -2.234663778432E-29   -3.698367937491E-20    4.816763876668E+03   -1.055434445140E-28    1.928498857468E+04
    9.076675970628E-02   -5.971595758702E+00   -2.049392800372E-28   -2.008636928968E-19    3.778275348278E+03   -9.257221013534E-28    1.513101618033E+04
    1.017591527503E-01   -5.964342715330E+00   -1.408763139443E-27   -9.890101679265E-19    3.004865192913E+03   -5.979657738149E-27    1.203735379975E+04
    1.133796825397E-01   -5.955797324205E+00   -1.159527098397E-26   -4.460827300268E-18    2.419328523866E+03   -5.177895475183E-26    9.695181487398E+03
    1.256283490744E-01   -5.945821789636E+00   -9.351012512429E-26   -1.859293617573E-17    1.969466813328E+03   -4.165904569710E-25    7.895704718648E+03
    1.385051523546E-01   -5.934274188808E+00   -6.571852661242E-25   -7.214952488459E-17    1.619244994865E+03   -2.927167229499E-24    6.494782802001E+03
    1.520100923801E-01   -5.921009340621E+00   -4.156752777199E-24   -2.623280530626E-16    1.343316128243E+03   -1.851613187565E-23    5.391027540971E+03
    1.661431691509E-01   -5.905879786299E+00   -2.429833745969E-23   -8.986164563573E-16    1.123547090470E+03   -1.082225201210E-22    4.511906001221E+03
    1.809043826672E-01   -5.888736892065E+00   -1.309776452087E-22   -2.914065474789E-15    9.467647374625E+02   -5.833158464870E-22    3.804725160510E+03
    1.962937329288E-01   -5.869432067453E+00   -6.574860211808E-22   -8.983224154630E-15    8.032642205691E+02   -2.928008451908E-21    3.230665178465E+03
    2.123112199358E-01   -5.847818101014E+00   -3.087312242130E-21   -2.642183584661E-14    6.858035509362E+02   -1.374816707880E-20    2.760757658036E+03
    2.289568436882E-01   -5.823750603849E+00   -1.362711598035E-20   -7.438616579888E-14    5.889145034665E+02   -6.067966174750E-20    2.373129265668E+03
    2.462306041859E-01   -5.797089558380E+00   -5.677398616060E-20   -2.010290199385E-13    5.084230370979E+02   -2.527900628639E-19    2.051083417058E+03
    2.641325014290E-01   -5.767700951577E+00   -2.240785572414E-19   -5.228328514480E-13    4.411107818150E+02   -9.976551801808E-19    1.781746230107E+03
    2.826625354175E-01   -5.735458484051E+00   -8.405813733146E-19   -1.311549895919E-12    3.844729576407E+02   -3.742193626667E-18    1.555098206009E+03
    3.018207061513E-01   -5.700245327188E+00   -3.005761796959E-18   -3.179809047047E-12    3.365431460151E+02   -1.338025942135E-17    1.363273320036E+03
    3.216070136306E-01   -5.661955909052E+00   -1.027223999707E-17   -7.464446379669E-12    2.957650154038E+02   -4.572308472607E-17    1.200045929338E+03
    3.420214578552E-01   -5.620497695469E+00   -3.363084182471E-17   -1.699345493101E-11    2.608974281961E+02   -1.496805703388E-16    1.060451205867E+03
    3.630640388251E-01   -5.575792937916E+00   -1.057059170689E-16   -3.757434548046E-11    2.309435497365E+02   -4.704150216989E-16    9.405015777578E+02
    3.847347565405E-01   -5.527780350681E+00   -3.195871759228E-16   -8.079870582808E-11    2.050973994130E+02   -1.422074242942E-15    8.369729387040E+02
    4.070336110012E-01   -5.476416679658E+00   -9.310445008654E-16   -1.691784344373E-10    1.827032031825E+02   -4.142392691508E-15    7.472420627720E+02
    4.299606022073E-01   -5.421678125942E+00   -2.617803255887E-15   -3.452954004267E-10    1.632242296724E+02   -1.164562010039E-14    6.691619530758E+02
    4.535157301587E-01   -5.363561583606E+00   -7.114155081831E-15   -6.876669737621E-10    1.462187138951E+02   -3.164394850614E-14    6.009655403477E+02
    4.776989948556E-01   -5.302085654936E+00   -1.871158061455E-14   -1.337541459366E-09    1.313211219902E+02   -8.321786271443E-14    5.411907449546E+02
    5.025103962978E-01   -5.237291408079E+00   -4.769055826384E-14   -2.542999482079E-09    1.182274724360E+02   -2.120676123358E-13    4.886217640165E+02
    5.279499344853E-01   -5.169242845995E+00   -1.179183486765E-13   -4.729719577814E-09    1.066837610109E+02   -5.242717140377E-13    4.422427726583E+02
    5.540176094183E-01   -5.098027060822E+00   -2.831475513935E-13   -8.611724882035E-09    9.647677726772E+01   -1.258688698255E-12    4.012011903702E+02
    5.807134210966E-01   -5.023754054845E+00   -6.609208655574E-13   -1.536046881925E-08    8.742677603542E+01   -2.937534822784E-12    3.647783664767E+02
    6.080373695203E-01   -4.946556216621E+00   -1.501016167678E-12   -2.685674697406E-08    7.938159694580E+01   -6.670289909502E-12    3.323660566700E+02
    6.359894546894E-01   -4.866587449620E+00   -3.319626352120E-12   -4.605698583303E-08    7.221192110387E+01   -1.474932915746E-11    3.034474470746E+02
    6.645696766038E-01   -4.784021959798E+00   -7.154962113318E-12   -7.751307989463E-08    6.580742589761E+01   -3.178427369276E-11    2.775817698436E+02
    6.937780352636E-01   -4.699052717684E+00   -1.504064930623E-11   -1.280924721392E-07    6.007365306093E+01   -6.680236280567E-11    2.543917707885E+02
    7.236145306688E-01   -4.611889620505E+00   -3.085862885949E-11   -2.079516352494E-07    5.492944611956E+01   -1.370316183140E-10    2.335534536363E+02
    7.540791628193E-01   -4.522757387239E+00   -6.183468905931E-11   -3.318202480542E-07    5.030484463326E+01   -2.745327443460E-10    2.147876506647E+02
    7.851719317153E-01   -4.431893228489E+00   -1.210918581555E-10   -5.206536733240E-07    4.613934664923E+01   -5.375190496592E-10    1.978530654967E+02
    8.168928373565E-01   -4.339544338341E+00   -2.318970752327E-10   -8.037062236402E-07    4.238046930547E+01   -1.029178073842E-09    1.825405079522E+02
    8.492418797432E-01   -4.245965260853E+00   -4.345439307242E-10   -1.221065636783E-06    3.898255189667E+01   -1.928168224767E-09    1.686680983575E+02
    8.822190588753E-01   -4.151415186610E+00   -7.972273511791E-10   -1.826668995933E-06    3.590575692851E+01   -3.536790136843E-09    1.560772635830E+02
    9.158243747527E-01   -4.056155236093E+00   -1.432799333698E-09   -2.691791461529E-06    3.311523347980E+01   -6.355188952033E-09    1.446293822516E+02
    9.500578273755E-01   -3.960445785517E+00   -2.523953767734E-09   -3.908961940629E-06    3.058041412127E+01   -1.119285420220E-08    1.342029642779E+02
    9.849194167436E-01   -3.864543888912E+00   -4.360163927572E-09   -5.596215579981E-06    2.827442212587E+01   -1.933210749646E-08    1.246912718362E+02
    1.020409142857E+00   -3.768700845147E+00   -7.390558594196E-09   -7.901544249304E-06    2.617357007106E+01   -3.276207236110E-08    1.160003063017E+02
    1.056527005716E+00   -3.673159953690E+00   -1.229781620247E-08   -1.100735657520E-05    2.425693441976E+01   -5.450555817240E-08    1.080470996447E+02
    1.093273005320E+00   -3.578154495462E+00   -2.009899594805E-08   -1.513471302578E-05    2.250599346610E+01   -8.906498524127E-08    1.007582599288E+02
    1.130647141670E+00   -3.483905967736E+00   -3.227989657346E-08   -2.054706390671E-05    2.090431828642E+01   -1.430164275462E-07    9.406872956544E+01
    1.168649414765E+00   -3.390622593731E+00   -5.096989984577E-08   -2.755319371371E-05    1.943730816071E+01   -2.257824451266E-07    8.792072224978E+01
    1.207279824605E+00   -3.298498119199E+00   -7.916416531100E-08   -3.650906825098E-05    1.809196341059E+01   -3.506139523614E-07    8.226281040621E+01
    1.246538371191E+00   -3.207710900046E+00   -1.209993466843E-07   -4.781829422778E-05    1.685668980766E+01   -5.358082636570E-07    7.704913977710E+01
    1.286425054522E+00   -3.118423277241E+00   -1.820875710004E-07   -6.193093599475E-05    1.572112969305E+01   -8.061841132522E-07    7.223875171687E+01
    1.326939874599E+00   -3.030781228391E+00   -2.699111755938E-07   -7.934049006235E-05    1.467601575882E+01   -1.194824490544E-06    6.779499697275E+01
    1.368082831421E+00   -2.944914278948E+00   -3.942776153364E-07   -1.005788924579E-04    1.371304410850E+01   -1.745084477216E-06    6.368502738210E+01
    1.409853924988E+00   -2.860935651096E+00   -5.678300934707E-07   -1.262095224283E-04    1.282476376355E+01   -2.512844178269E-06    5.987935410063E+01
    1.452253155301E+00   -2.778942624494E+00   -8.066049827617E-07   -1.568182626789E-04    1.200448023759E+01   -3.568966954787E-06    5.635146278329E+01
    1.495280522359E+00   -2.699017080059E+00   -1.130622225567E-06   -1.930027746104E-04    1.124617117710E+01   -5.001901521022E-06    5.307747763918E+01
    1.538936026162E+00   -2.621226196662E+00   -1.564489943117E-06   -2.353602400284E-04    1.054441238081E+01   -6.920344419445E-06    5.003586752919E+01
    1.583219666711E+00   -2.545623269887E+00   -2.137999809510E-06   -2.844739021951E-04    9.894312770866E+00   -9.455858519653E-06    4.720718831575E+01
    1.628131444005E+00   -2.472248622693E+00   -2.886685740415E-06   -3.408988035249E-04    9.291457106473E+00   -1.276532518168E-05    4.457385654369E+01
    1.673671358044E+00   -2.401130579106E+00   -3.852315482163E-06   -4.051471608939E-04    8.731855412669E+00   -1.703309420344E-05    4.211995026069E+01
    1.719839408829E+00   -2.332286474127E+00   -5.083283086463E-06   -4.776738403491E-04    8.211898249280E+00   -2.247268804720E-05    3.983103339830E+01
    1.766635596359E+00   -2.265723675800E+00   -6.634870259803E-06   -5.588623907340E-04    7.728317072708E+00   -2.932791617207E-05    3.769400065059E+01
    1.814059920635E+00   -2.201440598273E+00   -8.569346319609E-06   -6.490120718478E-04    7.278149050713E+00   -3.787326220080E-05    3.569694022272E+01
    1.862112381656E+00   -2.139427688006E+00   -1.095587998521E-05   -7.483262700946E-04    6.858705780587E+00   -4.841342122061E-05    3.382901219044E+01
    1.910792979422E+00   -2.079668368564E+00   -1.387024137249E-05   -8.569026370814E-04    6.467545437483E+00   -6.128188634746E-05    3.208034052377E+01
    1.960101713934E+00   -2.022139932663E+00   -1.739427912459E-05   -9.747252187924E-04    6.102447944025E+00   -7.683851188263E-05    3.044191709373E+01
    2.010038585191E+00   -1.966814373275E+00   -2.161516528127E-05   -1.101658769472E-03    5.761392807018E+00   -9.546601367915E-05    2.890551620683E+01
    2.060603593194E+00   -1.913659148366E+00   -2.662440888150E-05   -1.237445369631E-03    5.442539313443E+00   -1.175654041496E-04    2.746361840549E+01
    2.111796737941E+00   -1.862637876462E+00   -3.251664798638E-05   -1.381703395523E-03    5.144208817482E+00   -1.435503979643E-04    2.610934243733E+01
    2.163618019435E+00   -1.813710962257E+00   -3.938823837407E-05   -1.533928821148E-03    4.864868884168E+00   -1.738408631549E-04    2.483638443807E+01
    2.216067437673E+00   -1.766836153458E+00   -4.733566518875E-05   -1.693498775523E-03    4.603119084105E+00   -2.088554293712E-04    2.363896349444E+01
    2.269144992657E+00   -1.721969031388E+00   -5.645381096350E-05   -1.859677228967E-03    4.357678258750E+00   -2.490033989364E-04    2.251177285832E+01
    2.322850684386E+00   -1.679063439008E+00   -6.683411938725E-05   -2.031622642913E-03    4.127373097117E+00   -2.946761358276E-04    2.144993617365E+01
    2.377184512861E+00   -1.638071850818E+00   -7.856269872892E-05   -2.208397388034E-03    3.911127883452E+00   -3.462381317652E-04    2.044896815614E+01
    2.432146478081E+00   -1.598945689586E+00   -9.171841183093E-05   -2.388978714439E-03    3.707955291503E+00   -4.040179665079E-04    1.950473923344E+01
    2.487736580047E+00   -1.561635595113E+00   -1.063710009746E-04   -2.572271044129E-03    3.516948115123E+00   -4.682993907490E-04    1.861344371225E+01
    2.543954818757E+00   -1.526091650368E+00   -1.225792957158E-04   -2.757119348437E-03    3.337271837152E+00   -5.393127644781E-04    1.777157109041E+01
    2.600801194214E+00   -1.492263570164E+00   -1.403895500623E-04   -2.942323370328E-03    3.168157949332E+00   -6.172270813075E-04    1.697588017646E+01
    2.658275706415E+00   -1.460100857447E+00   -1.598339522337E-04   -3.126652451919E-03    3.008897945367E+00   -7.021428002141E-04    1.622337571812E+01
    2.716378355362E+00   -1.429552931934E+00   -1.809293458791E-04   -3.308860730257E-03    2.858837917579E+00   -7.940856907348E-04    1.551128727561E+01
    2.775109141054E+00   -1.400569235532E+00   -2.036761962097E-04   -3.487702468444E-03    2.717373694872E+00   -8.930018762947E-04    1.483705010550E+01
    2.834468063492E+00   -1.373099318637E+00   -2.280578282343E-04   -3.661947294163E-03    2.583946466210E+00   -9.987542335763E-04    1.419828784689E+01
    2.894455122675E+00   -1.347092911014E+00   -2.540399573928E-04   -3.830395123293E-03    2.458038839479E+00   -1.111120274300E-03    1.359279682533E+01
    2.955070318604E+00   -1.322499980648E+00   -2.815705255600E-04   -3.991890552852E-03    2.339171290704E+00   -1.229791600213E-03    1.301853180968E+01
    3.016313651277E+00   -1.299270783552E+00   -3.105798478746E-04   -4.145336515207E-03    2.226898963089E+00   -1.354374983321E-03    1.247359307564E+01
    3.078185120696E+00   -1.277355907230E+00   -3.409810683163E-04   -4.289706995008E-03    2.120808779392E+00   -1.484395082465E-03    1.195621464502E+01
    3.140684726861E+00   -1.256706310109E+00   -3.726709146322E-04   -4.424058622219E-03    2.020516834734E+00   -1.619298765222E-03    1.146475358428E+01
    3.203812469771E+00   -1.237273359018E+00   -4.055307362570E-04   -4.547540969523E-03    1.925666040197E+00   -1.758460962150E-03    1.099768025808E+01
    3.267568349426E+00   -1.219008866267E+00   -4.394278024696E-04   -4.659405400983E-03    1.835923990657E+00   -1.901191939628E-03    1.055356944470E+01
    3.331952365827E+00   -1.201865128077E+00   -4.742168323616E-04   -4.759012340830E-03    1.750981032486E+00   -2.046745839807E-03    1.013109222956E+01
    3.396964518973E+00   -1.185794964986E+00   -5.097417232952E-04   -4.845836858304E-03    1.670548510027E+00   -2.194330301771E-03    9.729008602790E+00
    3.462604808864E+00   -1.170751765482E+00   -5.458374406948E-04   -4.919472493754E-03    1.594357171042E+00   -2.343116949728E-03    9.346160692979E+00
    3.528873235501E+00   -1.156689532953E+00   -5.823320291186E-04   -4.979633285642E-03    1.522155714234E+00   -2.492252511250E-03    8.981466577797E+00
    3.595769798883E+00   -1.143562936460E+00   -6.190487028610E-04   -5.026153993149E-03    1.453709463134E+00   -2.640870313839E-03    8.633914616832E+00
    3.663294499011E+00   -1.131327365074E+00   -6.558079737005E-04   -5.058988547105E-03    1.388799152862E+00   -2.788101900645E-03    8.302558258435E+00
    3.731447335884E+00   -1.119938985555E+00   -6.924297739329E-04   -5.078206799084E-03    1.327219817572E+00   -2.933088507412E-03    7.986511276701E+00
    3.800228309502E+00   -1.109354802648E+00   -7.287355344328E-04   -5.083989675217E-03    1.268779768089E+00   -3.074992151853E-03    7.684943399425E+00
    3.869637419865E+00   -1.099532721039E+00   -7.645501800927E-04   -5.076622875268E-03    1.213299650553E+00   -3.213006103797E-03    7.397076291734E+00
    3.939674666974E+00   -1.090431608733E+00   -7.997040084291E-04   -5.056489284818E-03    1.160611577413E+00   -3.346364528458E-03    7.122179862722E+00
    4.010340050829E+00   -1.082011359685E+00   -8.340344214726E-04   -5.024060297354E-03    1.110558324585E+00   -3.474351125124E-03    6.859568867348E+00
    4.081633571429E+00   -1.074232955360E+00   -8.673874857872E-04   -4.979886256646E-03    1.062992588022E+00   -3.596306618100E-03    6.608599776678E+00
    4.153555228774E+00   -1.067058523687E+00   -8.996193007495E-04   -4.924586244348E-03    1.017776294718E+00   -3.711634994304E-03    6.368667893330E+00
    4.226105022864E+00   -1.060451394122E+00   -9.305971606916E-04   -4.858837441661E-03    9.747799636260E-01   -3.819808420954E-03    6.139204690875E+00
    4.299282953700E+00   -1.054376148297E+00   -9.602005018509E-04   -4.783364289220E-03    9.338821122106E-01   -3.920370815115E-03    5.919675357474E+00
    4.373089021281E+00   -1.048798664246E+00   -9.883216307291E-04   -4.698927665526E-03    8.949687057498E-01   -4.012940075173E-03    5.709576527136E+00
    4.447523225608E+00   -1.043686154443E+00   -1.014866235111E-03   -4.606314282040E-03    8.579326457269E-01   -4.097209016695E-03    5.508434181869E+00
    4.522585566680E+00   -1.039007196301E+00   -1.039753683943E-03   -4.506326479180E-03    8.226732949652E-01   -4.172945086670E-03    5.315801710942E+00
    4.598276044497E+00   -1.034731754890E+00   -1.062917126159E-03   -4.399772580243E-03    7.890960369136E-01   -4.239988954344E-03    5.131258114001E+00
    4.674594659060E+00   -1.030831197391E+00   -1.084303402123E-03   -4.287457935560E-03    7.571118669214E-01   -4.298252097238E-03    4.954406336350E+00
    4.751541410368E+00   -1.027278299825E+00   -1.103872783792E-03   -4.170176757543E-03    7.266370131052E-01   -4.347713513429E-03    4.784871725149E+00
    4.829116298421E+00   -1.024047244854E+00   -1.121598562572E-03   -4.048704827195E-03    6.975925854630E-01   -4.388415703469E-03    4.622300597661E+00
    4.907319323220E+00   -1.021113612681E+00   -1.137466503975E-03   -3.923793112153E-03    6.699042505392E-01   -4.420460062696E-03    4.466358911333E+00
    4.986150484765E+00   -1.018454363699E+00   -1.151474190454E-03   -3.796162325393E-03    6.435019306819E-01   -4.444001830454E-03    4.316731028831E+00
    5.065609783054E+00   -1.016047814604E+00   -1.163630272652E-03   -3.666498417697E-03    6.183195256576E-01   -4.459244731295E-03    4.173118569733E+00
    5.145697218089E+00   -1.013873608439E+00   -1.173953649491E-03   -3.535448981927E-03    5.942946550944E-01   -4.466435436924E-03    4.035239342257E+00
    5.226412789869E+00   -1.011912678630E+00   -1.182472597021E-03   -3.403620532086E-03    5.713684204493E-01   -4.465857968191E-03    3.902826349200E+00
    5.307756498395E+00   -1.010147208293E+00   -1.189223864181E-03   -3.271576600776E-03    5.494851848033E-01   -4.457828140146E-03    3.775626862087E+00
    5.389728343666E+00   -1.008560585883E+00   -1.194251752097E-03   -3.139836588971E-03    5.285923689853E-01   -4.442688139088E-03    3.653401558138E+00
    5.472328325683E+00   -1.007137357027E+00   -1.197607192793E-03   -3.008875300040E-03    5.086402630221E-01   -4.420801310106E-03    3.535923715882E+00
    5.555556444444E+00   -1.005863174153E+00   -1.199346840148E-03   -2.879123077413E-03    4.895818513701E-01   -4.392547213341E-03    3.422978464507E+00
    5.639412699952E+00   -1.004724744465E+00   -1.199532184741E-03   -2.750966468077E-03    4.713726508292E-01   -4.358316996326E-03    3.314362083074E+00
    5.723897092204E+00   -1.003709776257E+00   -1.198228702805E-03   -2.624749336511E-03    4.539705602595E-01   -4.318509118945E-03    3.209881346279E+00
    5.809009621202E+00   -1.002806924814E+00   -1.195505046731E-03   -2.500774350302E-03    4.373357208937E-01   -4.273525450964E-03    3.109352913013E+00
    5.894750286945E+00   -1.002005739224E+00   -1.191432282503E-03   -2.379304762150E-03    4.214303861431E-01   -4.223767750462E-03    3.012602754240E+00
    5.981119089434E+00   -1.001296608039E+00   -1.186083180882E-03   -2.260566431472E-03    4.062188007337E-01   -4.169634535811E-03    2.919465618649E+00
    6.068116028668E+00   -1.000670707446E+00   -1.179531562560E-03   -2.144750010661E-03    3.916670875472E-01   -4.111518333260E-03    2.829784531764E+00
    6.155741104648E+00   -1.000119949684E+00   -1.171851701366E-03   -2.032013251274E-03    3.777431421593E-01   -4.049803299117E-03    2.743410327429E+00
    6.243994317372E+00   -9.996369336292E-01   -1.163117784688E-03   -1.922483374637E-03    3.644165340401E-01   -3.984863193666E-03    2.660201208618E+00
    6.332875666843E+00   -9.992148966346E-01   -1.153403431822E-03   -1.816259468677E-03    3.516584141218E-01   -3.917059691448E-03    2.580022336049E+00
    6.422385153058E+00   -9.988476688292E-01   -1.142781268040E-03   -1.713414870760E-03    3.394414279943E-01   -3.846741000887E-03    2.502745442203E+00
    6.512522776019E+00   -9.985296291043E-01   -1.131322553424E-03   -1.613999509497E-03    3.277396344749E-01   -3.774240772668E-03    2.428248469432E+00
    6.603288535725E+00   -9.982556638803E-01   -1.119096862986E-03   -1.518042177140E-03    3.165284289340E-01   -3.699877267213E-03    2.356415230037E+00
    6.694682432177E+00   -9.980211273501E-01   -1.106171816683E-03   -1.425552717453E-03    3.057844712817E-01   -3.623952761525E-03    2.287135087440E+00
    6.786704465374E+00   -9.978218044451E-01   -1.092612854894E-03   -1.336524109667E-03    2.954856180357E-01   -3.546753164910E-03    2.220302656482E+00
    6.879354635316E+00   -9.976538761888E-01   -1.078483056360E-03   -1.250934438717E-03    2.856108582577E-01   -3.468547820469E-03    2.155817521722E+00
    6.972632942004E+00   -9.975138869778E-01   -1.063842995617E-03   -1.168748745561E-03    2.761402531565E-01   -3.389589470867E-03    2.093583972722E+00
    7.066539385437E+00   -9.973987135811E-01   -1.048750636652E-03   -1.089920753367E-03    2.670548791269E-01   -3.310114366963E-03    2.033510755215E+00
    7.161073965616E+00   -9.973055376445E-01   -1.033261257229E-03   -1.014394462618E-03    2.583367737327E-01   -3.230342490852E-03    1.975510836459E+00
    7.256236682540E+00   -9.972318184747E-01   -1.017427404059E-03   -9.421056243453E-04    2.499688849097E-01   -3.150477887773E-03    1.919501184996E+00
    7.352027536209E+00   -9.971752691561E-01   -1.001298872025E-03   -8.729830848648E-04    2.419350227375E-01   -3.070709076222E-03    1.865402562748E+00
    7.448446526624E+00   -9.971338336609E-01   -9.849227068930E-04   -8.069500117006E-04    2.342198139445E-01   -2.991209530072E-03    1.813139329456E+00
    7.545493653784E+00   -9.971056660867E-01   -9.683432271822E-04   -7.439250020566E-04    2.268086588152E-01   -2.912138213434E-03    1.762639258252E+00
    7.643168917689E+00   -9.970891109959E-01   -9.516020635122E-04   -6.838230815182E-04    2.196876904785E-01   -2.833640159492E-03    1.713833361951E+00
    7.741472318340E+00   -9.970826865295E-01   -9.347382108249E-04   -6.265565951305E-04    2.128437362382E-01   -2.755847075106E-03    1.666655728830E+00
    7.840403855736E+00   -9.970850674470E-01   -9.177880943352E-04   -5.720360033679E-04    2.062642811466E-01   -2.678877972514E-03    1.621043368170E+00
    7.939963529877E+00   -9.970950707143E-01   -9.007856439043E-04   -5.201705836978E-04    1.999374333913E-01   -2.602839808809E-03    1.576936064100E+00
    8.040151340764E+00   -9.971116413741E-01   -8.837623774237E-04   -4.708690489995E-04    1.938518916322E-01   -2.527828134470E-03    1.534276237892E+00
    8.140967288396E+00   -9.971338407018E-01   -8.667474890322E-04   -4.240400854500E-04    1.879969139716E-01   -2.453927736701E-03    1.493008817568E+00
    8.242411372774E+00   -9.971608342207E-01   -8.497679433153E-04   -3.795928207628E-04    1.823622886969E-01   -2.381213281206E-03    1.453081115053E+00
    8.344483593897E+00   -9.971918816595E-01   -8.328485716025E-04   -3.374372251559E-04    1.769383064963E-01   -2.309749939866E-03    1.414442709791E+00
    8.447183951765E+00   -9.972263275271E-01   -8.160121705897E-04   -2.974844534254E-04    1.717157341876E-01   -2.239594005472E-03    1.377045338791E+00
    8.550512446379E+00   -9.972635925305E-01   -7.992796018854E-04   -2.596471333025E-04    1.666857898516E-01   -2.170793489437E-03    1.340842792631E+00
    8.654469077738E+00   -9.973031656084E-01   -7.826698917364E-04   -2.238396057219E-04    1.618401193064E-01   -2.103388700719E-03    1.305790817102E+00
    8.759053845843E+00   -9.973445968145E-01   -7.662003298157E-04   -1.899781216459E-04    1.571707738287E-01   -2.037412803127E-03    1.271847020084E+00
    8.864266750693E+00   -9.973874913184E-01   -7.498865660618E-04   -1.579809998752E-04    1.526701890353E-01   -1.972892348769E-03    1.238970783263E+00
    8.970107792288E+00   -9.974315031040E-01   -7.337427065226E-04   -1.277687518916E-04    1.483311649600E-01   -1.909847791106E-03    1.207123178738E+00
    9.076576970628E+00   -9.974763302493E-01   -7.177814056279E-04   -9.926417540056E-05    1.441468471272E-01   -1.848293970851E-03    1.176266889768E+00
    9.183674285714E+00   -9.975217092769E-01   -7.020139571966E-04   -7.239242304244E-05    1.401107087329E-01   -1.788240582074E-03    1.146366135997E+00
    9.291399737546E+00   -9.975674121614E-01   -6.864503799982E-04   -4.708104581983E-05    1.362165336430E-01   -1.729692607522E-03    1.117386602063E+00
    9.399753326122E+00   -9.976132413378E-01   -6.710995025997E-04   -2.326001902377E-05    1.324584004529E-01   -1.672650737153E-03    1.089295370440E+00
    9.508735051444E+00   -9.976590268573E-01   -6.559690428698E-04   -8.617491990028E-07    1.288306672949E-01   -1.617111757775E-03    1.062060857338E+00
    9.618344913512E+00   -9.977046232227E-01   -6.410656846514E-04    2.017893291171E-05    1.253279575021E-01   -1.563068921537E-03    1.035652752031E+00
    9.728582912325E+00   -9.977499062107E-01   -6.263951511512E-04    3.992479170818E-05    1.219451460568E-01   -1.510512292667E-03    1.010041959324E+00
    9.839449047883E+00   -9.977947709217E-01   -6.119622737546E-04    5.843621727832E-05    1.186773467173E-01   -1.459429069847E-03    9.852005447420E-01
    9.950943320186E+00   -9.978391287197E-01   -5.977710586165E-04    7.577126371813E-05    1.155198999025E-01   -1.409803891012E-03    9.611016827408E-01
    1.006306572924E+01   -9.978829064499E-01   -5.838247476795E-04    9.198569594143E-05    1.124683611281E-01   -1.361619112720E-03    9.377196071042E-01
    1.017581627503E+01   -9.979260433746E-01   -5.701258786645E-04    1.071330407237E-04    1.095184901795E-01   -1.314855076229E-03    9.150295642893E-01
    1.028919495757E+01   -9.979684903333E-01   -5.566763396828E-04    1.212646435763E-04    1.066662407690E-01   -1.269490349991E-03    8.930077686850E-01
    1.040320177685E+01   -9.980102078084E-01   -5.434774217783E-04    1.344297284271E-04    1.039077508029E-01   -1.225501957432E-03    8.716313603052E-01
    1.051783673288E+01   -9.980511654793E-01   -5.305298670612E-04    1.466754605284E-04    1.012393331127E-01   -1.182865584925E-03    8.508783643098E-01
    1.063309982566E+01   -9.980913402070E-01   -5.178339153792E-04    1.580470104103E-04    9.865746675020E-02   -1.141555777562E-03    8.307276527930E-01
    1.074899105518E+01   -9.981307151613E-01   -5.053893471093E-04    1.685876194697E-04    9.615878870338E-02   -1.101546117483E-03    8.111589082374E-01
    1.086551042145E+01   -9.981692796529E-01   -4.931955226675E-04    1.783386662294E-04    9.374008603320E-02   -1.062809386868E-03    7.921525886291E-01
    1.098265792446E+01   -9.982070274193E-01   -4.812514208217E-04    1.873397321119E-04    9.139828848705E-02   -1.025317720775E-03    7.736898945102E-01
    1.110043356422E+01   -9.982439564936E-01   -4.695556731738E-04    1.956286673395E-04    8.913046145023E-02   -9.890427443333E-04    7.557527373544E-01
    1.121883734072E+01   -9.982800683901E-01   -4.581065969290E-04    2.032416558745E-04    8.693379929671E-02   -9.539556995796E-04    7.383237095611E-01
    1.133786925397E+01   -9.983153678971E-01   -4.469022249717E-04    2.102132794750E-04    8.480561907324E-02   -9.200275601891E-04    7.213860557762E-01
    1.145752930396E+01   -9.983498617525E-01   -4.359403347815E-04    2.165765803222E-04    8.274335455306E-02   -8.872291378155E-04    7.049236457322E-01
    1.157781749070E+01   -9.983835593643E-01   -4.252184737362E-04    2.223631225497E-04    8.074455054055E-02   -8.555311752785E-04    6.889209480582E-01
    1.169873381418E+01   -9.984164716637E-01   -4.147339840968E-04    2.276030518945E-04    7.880685753281E-02   -8.249044339508E-04    6.733630055819E-01
    1.182027827441E+01   -9.984486109920E-01   -4.044840254256E-04    2.323251538368E-04    7.692802662989E-02   -7.953197709667E-04    6.582354116249E-01
    1.194245087139E+01   -9.984799907660E-01   -3.944655955621E-04    2.365569099417E-04    7.510590471808E-02   -7.667482089873E-04    6.435242874202E-01
    1.206525160511E+01   -9.985106253116E-01   -3.846755499516E-04    2.403245523959E-04    7.333842990038E-02   -7.391609984390E-04    6.292162605422E-01
    1.218868047557E+01   -9.985405300494E-01   -3.751106193097E-04    2.436531166834E-04    7.162362715579E-02   -7.125296725468E-04    6.152984442740E-01
    1.231273748279E+01   -9.985697203818E-01   -3.657674268815E-04    2.465664923907E-04    6.995960425513E-02   -6.868260979094E-04    6.017584180710E-01
    1.243742262674E+01   -9.985982124726E-01   -3.566425030976E-04    2.490874721685E-04    6.834454784239E-02   -6.620225166419E-04    5.885842086693E-01
    1.256273590744E+01   -9.986260225045E-01   -3.477323001535E-04    2.512377988394E-04    6.677671975342E-02   -6.380915852744E-04    5.757642722255E-01
    1.268867732489E+01   -9.986531667259E-01   -3.390332049380E-04    2.530382106836E-04    6.525445350507E-02   -6.150064076187E-04    5.632874771571E-01
    1.281524687908E+01   -9.986796617691E-01   -3.305415507873E-04    2.545084848867E-04    6.377615095886E-02   -5.927405628209E-04    5.511430877137E-01
    1.294244457002E+01   -9.987055239765E-01   -3.222536289471E-04    2.556674793097E-04    6.234027917493E-02   -5.712681304249E-04    5.393207483843E-01
    1.307027039770E+01   -9.987307694085E-01   -3.141656986882E-04    2.565331725191E-04    6.094536741083E-02   -5.505637107303E-04    5.278104689096E-01
    1.319872436213E+01   -9.987554144074E-01   -3.062739962733E-04    2.571227020734E-04    5.959000426254E-02   -5.306024410733E-04    5.166026098929E-01
    1.332780646331E+01   -9.987794748212E-01   -2.985747439914E-04    2.574524013515E-04    5.827283497414E-02   -5.113600103687E-04    5.056878691750E-01
    1.345751670123E+01   -9.988029661914E-01   -2.910641578715E-04    2.575378347307E-04    5.699255886442E-02   -4.928126696264E-04    4.950572686963E-01
    1.358785507589E+01   -9.988259037381E-01   -2.837384548618E-04    2.573938312806E-04    5.574792688576E-02   -4.749372400311E-04    4.847021419456E-01
    1.371882158730E+01   -9.988483025748E-01   -2.765938592637E-04    2.570345169682E-04    5.453773930093E-02   -4.577111183874E-04    4.746141219241E-01
    1.385041623546E+01   -9.988701776204E-01   -2.696266087722E-04    2.564733455196E-04    5.336084348024E-02   -4.411122806720E-04    4.647851296516E-01
    1.398263902036E+01   -9.988915431215E-01   -2.628329601833E-04    2.557231280339E-04    5.221613181300E-02   -4.251192839152E-04    4.552073631935E-01
    1.411548994200E+01   -9.989124129308E-01   -2.562091941739E-04    2.547960611788E-04    5.110253970973E-02   -4.097112655812E-04    4.458732870813E-01
    1.424896900040E+01   -9.989328008830E-01   -2.497516195934E-04    2.537037541288E-04    5.001904370147E-02   -3.948679413138E-04    4.367756221712E-01
    1.438307619553E+01   -9.989527203041E-01   -2.434565777746E-04    2.524572545002E-04    4.896465964409E-02   -3.805696019662E-04    4.279073360009E-01
    1.451781152742E+01   -9.989721841052E-01   -2.373204461317E-04    2.510670730564E-04    4.793844100157E-02   -3.667971088314E-04    4.192616334978E-01
    1.465317499604E+01   -9.989912048928E-01   -2.313396413784E-04    2.495432073240E-04    4.693947721162E-02   -3.535318877332E-04    4.108319480697E-01
    1.478916660142E+01   -9.990097948985E-01   -2.255106224929E-04    2.478951642248E-04    4.596689213279E-02   -3.407559222518E-04    4.026119330789E-01
    1.492578634353E+01   -9.990279659591E-01   -2.198298933326E-04    2.461319817155E-04    4.501984256532E-02   -3.284517460192E-04    3.945954536616E-01
    1.506303422240E+01   -9.990457300027E-01   -2.142940047206E-04    2.442622493607E-04    4.409751683637E-02   -3.166024339081E-04    3.867765788447E-01
    1.520091023801E+01   -9.990630977086E-01   -2.088995570807E-04    2.422941284682E-04    4.319913347418E-02   -3.051915937695E-04    3.791495741171E-01
    1.533941439036E+01   -9.990800801783E-01   -2.036432014492E-04    2.402353706165E-04    4.232393990952E-02   -2.942033555841E-04    3.717088940832E-01
    1.547854667946E+01   -9.990966880487E-01   -1.985216414117E-04    2.380933359995E-04    4.147121126843E-02   -2.836223618509E-04    3.644491755986E-01
    1.561830710531E+01   -9.991129315395E-01   -1.935316343842E-04    2.358750107627E-04    4.064024921013E-02   -2.734337569242E-04    3.573652311129E-01
    1.575869566790E+01   -9.991288206240E-01   -1.886699926440E-04    2.335870235615E-04    3.983038081855E-02   -2.636231759560E-04    3.504520422731E-01
    1.589971236723E+01   -9.991443646058E-01   -1.839335844071E-04    2.312356615610E-04    3.904095755083E-02   -2.541767339093E-04    3.437047538184E-01
    1.604135720332E+01   -9.991595733323E-01   -1.793193340856E-04    2.288268853160E-04    3.827135421894E-02   -2.450810134735E-04    3.371186676162E-01
    1.618363017614E+01   -9.991744556629E-01   -1.748242234680E-04    2.263663437457E-04    3.752096804457E-02   -2.363230543288E-04    3.306892371060E-01
    1.632653128571E+01   -9.991890199872E-01   -1.704452919220E-04    2.238593879314E-04    3.678921773733E-02   -2.278903411599E-04    3.244120618316E-01
    1.647006053203E+01   -9.992032754981E-01   -1.661796362160E-04    2.213110841048E-04    3.607554260918E-02   -2.197707913151E-04    3.182828821497E-01
    1.661421791509E+01   -9.992172301777E-01   -1.620244114225E-04    2.187262269857E-04    3.537940175813E-02   -2.119527440557E-04    3.122975743357E-01
    1.675900343490E+01   -9.992308917982E-01   -1.579768305778E-04    2.161093517383E-04    3.470027326190E-02   -2.044249483189E-04    3.064521457046E-01
    1.690441709146E+01   -9.992442681770E-01   -1.540341645300E-04    2.134647456126E-04    3.403765341507E-02   -1.971765509428E-04    3.007427299659E-01
    1.705045888476E+01   -9.992573670431E-01   -1.501937418276E-04    2.107964592001E-04    3.339105600346E-02   -1.901970851534E-04    2.951655827809E-01
    1.719712881480E+01   -9.992701956596E-01   -1.464529485892E-04    2.081083172864E-04    3.276001161285E-02   -1.834764592423E-04    2.897170775031E-01
    1.734442688159E+01   -9.992827611754E-01   -1.428092280460E-04    2.054039290407E-04    3.214406696245E-02   -1.770049450650E-04    2.843937010428E-01
    1.749235308513E+01   -9.992950701998E-01   -1.392600802644E-04    2.026866979938E-04    3.154278427388E-02   -1.707731670068E-04    2.791920499309E-01
    1.764090742541E+01   -9.993071296343E-01   -1.358030614043E-04    1.999598312375E-04    3.095574065876E-02   -1.647720906322E-04    2.741088264703E-01
    1.779008990243E+01   -9.993189457357E-01   -1.324357834687E-04    1.972263487322E-04    3.038252754565E-02   -1.589930121910E-04    2.691408351198E-01
    1.793990051620E+01   -9.993305247768E-01   -1.291559135054E-04    1.944890917787E-04    2.982275012102E-02   -1.534275477188E-04    2.642849789388E-01
    1.809033926672E+01   -9.993418729388E-01   -1.259611729971E-04    1.917507313392E-04    2.927602679965E-02   -1.480676226367E-04    2.595382562024E-01
    1.824140615398E+01   -9.993529961463E-01   -1.228493372214E-04    1.890137760284E-04    2.874198871828E-02   -1.429054615787E-04    2.548977571464E-01
    1.839310117799E+01   -9.993638998639E-01   -1.198182345734E-04    1.862805797755E-04    2.822027925115E-02   -1.379335784415E-04    2.503606608356E-01
    1.854542433874E+01   -9.993745901031E-01   -1.168657455323E-04    1.835533488242E-04    2.771055353904E-02   -1.331447662982E-04    2.459242320972E-01
    1.869837563624E+01   -9.993850718605E-01   -1.139898022889E-04    1.808341491500E-04    2.721247805378E-02   -1.285320883322E-04    2.415858186783E-01
    1.885195507048E+01   -9.993953502513E-01   -1.111883876188E-04    1.781249128177E-04    2.672573016508E-02   -1.240888681803E-04    2.373428483938E-01
    1.900616264147E+01   -9.994054306939E-01   -1.084595340055E-04    1.754274443287E-04    2.624999773169E-02   -1.198086808309E-04    2.331928264229E-01
    1.916099834921E+01   -9.994153178202E-01   -1.058013230523E-04    1.727434270472E-04    2.578497871649E-02   -1.156853440993E-04    2.291333327538E-01
    1.931646219369E+01   -9.994250166293E-01   -1.032118843224E-04    1.700744287444E-04    2.533038080553E-02   -1.117129097309E-04    2.251620196346E-01
    1.947255417491E+01   -9.994345315603E-01   -1.006893946741E-04    1.674219074637E-04    2.488592105404E-02   -1.078856553042E-04    2.212766091982E-01
    1.962927429288E+01   -9.994438670511E-01   -9.823207722875E-05    1.647872167399E-04    2.445132553929E-02   -1.041980759829E-04    2.174748911171E-01
    1.978662254760E+01   -9.994530277747E-01   -9.583820041852E-05    1.621716106799E-04    2.402632902970E-02   -1.006448766067E-04    2.137547203579E-01
    1.994459893906E+01   -9.994620177026E-01   -9.350607728322E-05    1.595762491324E-04    2.361067467307E-02   -9.722096428349E-05    2.101140150569E-01
    2.010320346726E+01   -9.994708411713E-01   -9.123406432319E-05    1.570022021127E-04    2.320411368808E-02   -9.392144075238E-05    2.065507544035E-01
    2.026243613222E+01   -9.994795019830E-01   -8.902056077897E-05    1.544504545441E-04    2.280640507741E-02   -9.074159542433E-05    2.030629766670E-01
    2.042229693391E+01   -9.994880037452E-01   -8.686400764282E-05    1.519219104779E-04    2.241731534691E-02   -8.767689836806E-05    1.996487772534E-01
    2.058278587236E+01   -9.994963507279E-01   -8.476288658021E-05    1.494173969938E-04    2.203661823404E-02   -8.472299343402E-05    1.963063068146E-01
    2.074390294754E+01   -9.995045465973E-01   -8.271571928126E-05    1.469376684709E-04    2.166409445614E-02   -8.187569202400E-05    1.930337694947E-01
    2.090564815948E+01   -9.995125942961E-01   -8.072106657199E-05    1.444834103820E-04    2.129953146389E-02   -7.913096682261E-05    1.898294211992E-01
    2.106802150816E+01   -9.995204977995E-01   -7.877752719040E-05    1.420552424557E-04    2.094272319711E-02   -7.648494540909E-05    1.866915678723E-01
    2.123102299358E+01   -9.995282600533E-01   -7.688373728885E-05    1.396537226392E-04    2.059346986533E-02   -7.393390477997E-05    1.836185639476E-01
    2.139465261575E+01   -9.995358848328E-01   -7.503836921809E-05    1.372793499303E-04    2.025157772201E-02   -7.147426536222E-05    1.806088107395E-01
    2.155891037466E+01   -9.995433747002E-01   -7.324013102357E-05    1.349325680242E-04    1.991685886211E-02   -6.910258590050E-05    1.776607550019E-01
    2.172379627032E+01   -9.995507332573E-01   -7.148776519601E-05    1.326137677715E-04    1.958913101184E-02   -6.681555781323E-05    1.747728874186E-01
    2.188931030273E+01   -9.995579631824E-01   -6.978004816553E-05    1.303232905247E-04    1.926821734193E-02   -6.461000042935E-05    1.719437412611E-01
    2.205545247188E+01   -9.995650674657E-01   -6.811578925833E-05    1.280614305829E-04    1.895394627661E-02   -6.248285588785E-05    1.691718910076E-01
    2.222222277778E+01   -9.995720489155E-01   -6.649382996055E-05    1.258284379288E-04    1.864615131616E-02   -6.043118449012E-05    1.664559510560E-01
    2.238962122042E+01   -9.995789098994E-01   -6.491304314909E-05    1.236245207862E-04    1.834467086528E-02   -5.845216017768E-05    1.637945744744E-01
    2.255764779981E+01   -9.995856535377E-01   -6.337233211613E-05    1.214498477347E-04    1.804934806352E-02   -5.654306597917E-05    1.611864517600E-01
    2.272630251594E+01   -9.995922824423E-01   -6.187062998551E-05    1.193045502743E-04    1.776003062990E-02   -5.470128996017E-05    1.586303097004E-01
    2.289558536882E+01   -9.995987986085E-01   -6.040689895594E-05    1.171887250169E-04    1.747657070962E-02   -5.292432115560E-05    1.561249102449E-01
    2.306549635844E+01   -9.996052049159E-01   -5.898012933449E-05    1.151024354271E-04    1.719882472203E-02   -5.120974545941E-05    1.536690493793E-01
    2.323603548481E+01   -9.996115037660E-01   -5.758933899899E-05    1.130457140989E-04    1.692665322265E-02   -4.955524202652E-05    1.512615561030E-01
    2.340720274792E+01   -9.996176971283E-01   -5.623357266465E-05    1.110185646253E-04    1.665992076616E-02   -4.795857962737E-05    1.489012914102E-01
    2.357899814778E+01   -9.996237875526E-01   -5.491190104092E-05    1.090209631777E-04    1.639849577194E-02   -4.641761303572E-05    1.465871472838E-01
    2.375142168439E+01   -9.996297766251E-01   -5.362342034463E-05    1.070528605406E-04    1.614225040158E-02   -4.493027984003E-05    1.443180457790E-01
    2.392447335774E+01   -9.996356673045E-01   -5.236725132135E-05    1.051141832564E-04    1.589106043049E-02   -4.349459695417E-05    1.420929380564E-01
    2.409815316783E+01   -9.996414609392E-01   -5.114253896406E-05    1.032048357905E-04    1.564480513833E-02   -4.210865782524E-05    1.399108035564E-01
    2.427246111467E+01   -9.996471599933E-01   -4.994845152287E-05    1.013247014519E-04    1.540336718846E-02   -4.077062915477E-05    1.377706490868E-01
    2.444739719826E+01   -9.996527661222E-01   -4.878418011070E-05    9.947364418704E-05    1.516663252391E-02   -3.947874821919E-05    1.356715080327E-01
    2.462296141859E+01   -9.996582815727E-01   -4.764893791765E-05    9.765150963918E-05    1.493449025863E-02   -3.823131996629E-05    1.336124395284E-01
    2.479915377567E+01   -9.996637077150E-01   -4.654195977815E-05    9.585812670485E-05    1.470683257967E-02   -3.702671449461E-05    1.315925277108E-01
    2.497597426949E+01   -9.996690463851E-01   -4.546250142775E-05    9.409330848471E-05    1.448355464633E-02   -3.586336437234E-05    1.296108809461E-01
    2.515342290006E+01   -9.996742996902E-01   -4.440983895543E-05    9.235685347388E-05    1.426455449644E-02   -3.473976220467E-05    1.276666311096E-01
    2.533149966737E+01   -9.996794692915E-01   -4.338326832122E-05    9.064854678787E-05    1.404973295716E-02   -3.365445833524E-05    1.257589328997E-01
    2.551020457143E+01   -9.996845564335E-01   -4.238210480270E-05    8.896816118994E-05    1.383899355729E-02   -3.260605857155E-05    1.238869631588E-01
    2.568953761223E+01   -9.996895630469E-01   -4.140568234906E-05    8.731545787700E-05    1.363224244033E-02   -3.159322191839E-05    1.220499202008E-01
    2.586949878978E+01   -9.996944904751E-01   -4.045335319404E-05    8.569018764499E-05    1.342938828581E-02   -3.061465858716E-05    1.202470231992E-01
    2.605008810408E+01   -9.996993406372E-01   -3.952448723373E-05    8.409209156883E-05    1.323034222812E-02   -2.966912789615E-05    1.184775115555E-01
    2.623130555512E+01   -9.997041145278E-01   -3.861847168012E-05    8.252090210412E-05    1.303501778374E-02   -2.875543644994E-05    1.167406443304E-01
    2.641315114290E+01   -9.997088138289E-01   -3.773471042613E-05    8.097634360596E-05    1.284333077476E-02   -2.787243616692E-05    1.150356996447E-01
    2.659562486743E+01   -9.997134396844E-01   -3.687262369493E-05    7.945813329326E-05    1.265519926052E-02   -2.701902258520E-05    1.133619741441E-01
    2.677872672871E+01   -9.997179938914E-01   -3.603164747680E-05    7.796598176552E-05    1.247054346720E-02   -2.619413307135E-05    1.117187824433E-01
    2.696245672673E+01   -9.997224774928E-01   -3.521123321317E-05    7.649959391117E-05    1.228928572450E-02   -2.539674527049E-05    1.101054566281E-01
    2.714681486150E+01   -9.997268919113E-01   -3.441084726508E-05    7.505866936255E-05    1.211135039989E-02   -2.462587545407E-05    1.085213457347E-01
    2.733180113301E+01   -9.997312384080E-01   -3.362997054208E-05    7.364290318859E-05    1.193666383815E-02   -2.388057703998E-05    1.069658152710E-01
    2.751741554127E+01   -9.997355182920E-01   -3.286809807744E-05    7.225198643523E-05    1.176515430166E-02   -2.315993912474E-05    1.054382467421E-01
    2.770365808627E+01   -9.997397322154E-01   -3.212473868672E-05    7.088560676859E-05    1.159675191413E-02   -2.246308512604E-05    1.039380372027E-01
    2.789052876802E+01   -9.997438820724E-01   -3.139941443344E-05    6.954344870342E-05    1.143138860214E-02   -2.178917133526E-05    1.024645987900E-01
    2.807802758651E+01   -9.997479687956E-01   -3.069166042850E-05    6.822519441291E-05    1.126899804513E-02   -2.113738575376E-05    1.010173583251E-01
    2.826615454175E+01   -9.997519933528E-01   -3.000102438584E-05    6.693052403145E-05    1.110951562207E-02   -2.050694679911E-05    9.959575688427E-02
    2.845490963373E+01   -9.997559566001E-01   -2.932706627933E-05    6.565911610264E-05    1.095287836154E-02   -1.989710212572E-05    9.819924939953E-02
    2.864429286246E+01   -9.997598598688E-01   -2.866935795679E-05    6.441064789947E-05    1.079902489258E-02   -1.930712745662E-05    9.682730426232E-02
    2.883430422794E+01   -9.997637046875E-01   -2.802748282844E-05    6.318479584566E-05    1.064789539835E-02   -1.873632550556E-05    9.547940295032E-02
    2.902494373016E+01   -9.997674911925E-01   -2.740103564977E-05    6.198123608413E-05    1.049943157318E-02   -1.818402499914E-05    9.415503968049E-02
    2.921621136912E+01   -9.997712207480E-01   -2.678962202353E-05    6.079964445241E-05    1.035357657500E-02   -1.764957954488E-05    9.285372102433E-02
    2.940810714484E+01   -9.997748944611E-01   -2.619285819754E-05    5.963969700093E-05    1.021027498526E-02   -1.713236673392E-05    9.157496558261E-02
    2.960063105729E+01   -9.997785133901E-01   -2.561037075110E-05    5.850107025571E-05    1.006947276763E-02   -1.663178720105E-05    9.031830365026E-02
    2.979378310649E+01   -9.997820776645E-01   -2.504179635933E-05    5.738344160241E-05    9.931117229561E-03   -1.614726376724E-05    8.908327690344E-02
    2.998756329244E+01   -9.997855890692E-01   -2.448678135014E-05    5.628648921704E-05    9.795156980609E-03   -1.567824047659E-05    8.786943805971E-02
    3.018197161513E+01   -9.997890478170E-01   -2.394498163143E-05    5.520989270994E-05    9.661541899487E-03   -1.522418190525E-05    8.667635060930E-02
    3.037700807457E+01   -9.997924554257E-01   -2.341606225007E-05    5.415333299391E-05    9.530223094591E-03   -1.478457225674E-05    8.550358849178E-02
    3.057267267076E+01   -9.997958119354E-01   -2.289969729868E-05    5.311649282789E-05    9.401152872594E-03   -1.435891471020E-05    8.435073583940E-02
    3.076896540368E+01   -9.997991189729E-01   -2.239556948677E-05    5.209905664494E-05    9.274284701189E-03   -1.394673057751E-05    8.321738667064E-02
    3.096588627336E+01   -9.998023769504E-01   -2.190337005872E-05    5.110071106338E-05    9.149573179818E-03   -1.354755870709E-05    8.210314465012E-02
    3.116343527978E+01   -9.998055861946E-01   -2.142279848985E-05    5.012114491463E-05    9.026974006755E-03   -1.316095476910E-05    8.100762281738E-02
    3.136161242294E+01   -9.998087485390E-01   -2.095356217434E-05    4.916004922414E-05    8.906443946850E-03   -1.278649055916E-05    7.993044332085E-02
    3.156041770285E+01   -9.998118637528E-01   -2.049537639167E-05    4.821711774871E-05    8.787940805870E-03   -1.242375349770E-05    7.887123720615E-02
    3.175985111951E+01   -9.998149329216E-01   -2.004796391059E-05    4.729204673186E-05    8.671423398113E-03   -1.207234592324E-05    7.782964414810E-02
    3.195991267291E+01   -9.998179565496E-01   -1.961105487848E-05    4.638453523253E-05    8.556851520716E-03   -1.173188458335E-05    7.680531223797E-02
    3.216060236306E+01   -9.998209361041E-01   -1.918438653996E-05    4.549428507117E-05    8.444185925148E-03   -1.140200003913E-05    7.579789774699E-02
    3.236192018995E+01   -9.998238715818E-01   -1.876770315749E-05    4.462100118297E-05    8.333388293614E-03   -1.108233621084E-05    7.480706493040E-02
    3.256386615359E+01   -9.998267634492E-01   -1.836075572215E-05    4.376439150385E-05    8.224421211766E-03   -1.077254981317E-05    7.383248580056E-02
    3.276644025397E+01   -9.998296128654E-01   -1.796330175905E-05    4.292416703541E-05    8.117248144083E-03   -1.047230986527E-05    7.287383992162E-02
    3.296964249110E+01   -9.998324205174E-01   -1.757510519979E-05    4.210004203527E-05    8.011833411229E-03   -1.018129725679E-05    7.193081422093E-02
    3.317347286497E+01   -9.998351866378E-01   -1.719593620329E-05    4.129173407858E-05    7.908142166994E-03   -9.899204297468E-06    7.100310279640E-02
    3.337793137559E+01   -9.998379118140E-01   -1.682557094784E-05    4.049896403787E-05    7.806140375208E-03   -9.625734264987E-06    7.009040672349E-02
    3.358301802295E+01   -9.998405971690E-01   -1.646379145880E-05    3.972145612163E-05    7.705794787977E-03   -9.360600988246E-06    6.919243387292E-02
    3.378873280706E+01   -9.998432428223E-01   -1.611038551149E-05    3.895893806134E-05    7.607072926046E-03   -9.103528487535E-06    6.830889874612E-02
    3.399507572792E+01   -9.998458499331E-01   -1.576514638880E-05    3.821114096389E-05    7.509943056649E-03   -8.854250543100E-06    6.743952228931E-02
    3.420204678552E+01   -9.998484185117E-01   -1.542787281799E-05    3.747779954159E-05    7.414374175629E-03   -8.612510379960E-06    6.658403174333E-02
    3.440964597986E+01   -9.998509489649E-01   -1.509836875893E-05    3.675865200060E-05    7.320335986958E-03   -8.378060278686E-06    6.574216047121E-02
    3.461787331095E+01   -9.998534424686E-01   -1.477644324795E-05    3.605344003590E-05    7.227798883871E-03   -8.150661230045E-06    6.491364779945E-02
    3.482672877879E+01   -9.998558987763E-01   -1.446191034107E-05    3.536190903420E-05    7.136733932584E-03   -7.930082656593E-06    6.409823888063E-02
    3.503621238337E+01   -9.998583193660E-01   -1.415458886000E-05    3.468380782374E-05    7.047112852289E-03   -7.716102033215E-06    6.329568452460E-02
    3.524632412470E+01   -9.998607042428E-01   -1.385430237886E-05    3.401888894868E-05    6.958908000671E-03   -7.508504653309E-06    6.250574107602E-02
    3.545706400277E+01   -9.998630537552E-01   -1.356087902834E-05    3.336690852331E-05    6.872092355990E-03   -7.307083301695E-06    6.172817026291E-02
    3.566843201759E+01   -9.998653690991E-01   -1.327415135514E-05    3.272762619597E-05    6.786639500711E-03   -7.111637968491E-06    6.096273905798E-02
    3.588042816915E+01   -9.998676495687E-01   -1.299395629511E-05    3.210080536054E-05    6.702523607973E-03   -6.921975633857E-06    6.020921956390E-02
    3.609305245746E+01   -9.998698969582E-01   -1.272013490659E-05    3.148621281219E-05    6.619719423318E-03   -6.737909929649E-06    5.946738885834E-02
    3.630630488251E+01   -9.998721110814E-01   -1.245253240673E-05    3.088361908078E-05    6.538202253227E-03   -6.559260975267E-06    5.873702889661E-02
    3.652018544431E+01   -9.998742921362E-01   -1.219099798073E-05    3.029279823801E-05    6.457947949205E-03   -6.385855096663E-06    5.801792637624E-02
    3.673469414286E+01   -9.998764410561E-01   -1.193538466443E-05    2.971352786054E-05    6.378932893726E-03   -6.217524593536E-06    5.730987261758E-02
    3.694983097815E+01   -9.998785578661E-01   -1.168554929118E-05    2.914558913169E-05    6.301133987922E-03   -6.054107547853E-06    5.661266345875E-02
    3.716559595018E+01   -9.998806438276E-01   -1.144135232448E-05    2.858876667119E-05    6.224528637112E-03   -5.895447578025E-06    5.592609913249E-02
    3.738198905896E+01   -9.998826985435E-01   -1.120265784574E-05    2.804284871405E-05    6.149094740015E-03   -5.741393682409E-06    5.524998417381E-02
    3.759901030449E+01   -9.998847230410E-01   -1.096933336692E-05    2.750762687601E-05    6.074810674444E-03   -5.591799995889E-06    5.458412729807E-02
    3.781665968676E+01   -9.998867170292E-01   -1.074124981664E-05    2.698289631291E-05    6.001655287050E-03   -5.446525644495E-06    5.392834131333E-02
    3.803493720578E+01   -9.998886816810E-01   -1.051828137071E-05    2.646845551037E-05    5.929607880014E-03   -5.305434523801E-06    5.328244300630E-02
    3.825384286154E+01   -9.998906167525E-01   -1.030030544426E-05    2.596410644277E-05    5.858648201452E-03   -5.168395167534E-06    5.264625306038E-02
    3.847337665405E+01   -9.998925231232E-01   -1.008720253632E-05    2.546965438026E-05    5.788756432939E-03   -5.035280544476E-06    5.201959594859E-02
    3.869353858330E+01   -9.998944010706E-01   -9.878856193405E-06    2.498490796724E-05    5.719913179818E-03   -4.905967922387E-06    5.140229985070E-02
    3.891432864930E+01   -9.998962510870E-01   -9.675152906499E-06    2.450967913813E-05    5.652099460354E-03   -4.780338702307E-06    5.079419655983E-02
    3.913574685204E+01   -9.998980731633E-01   -9.475982050734E-06    2.404378312731E-05    5.585296696034E-03   -4.658278279295E-06    5.019512139940E-02
    3.935779319153E+01   -9.998998677155E-01   -9.281235785163E-06    2.358703837821E-05    5.519486701217E-03   -4.539675887592E-06    4.960491313410E-02
    3.958046766777E+01   -9.999016357075E-01   -9.090808976787E-06    2.313926650372E-05    5.454651673569E-03   -4.424424462376E-06    4.902341388752E-02
    3.980377028075E+01   -9.999033769337E-01   -8.904599169055E-06    2.270029234691E-05    5.390774185651E-03   -4.312420528016E-06    4.845046906980E-02
    4.002770103047E+01   -9.999050919514E-01   -8.722506465192E-06    2.226994383354E-05    5.327837174868E-03   -4.203564047396E-06    4.788592729113E-02
    4.025225991694E+01   -9.999067810462E-01   -8.544433484740E-06    2.184805199361E-05    5.265823935253E-03   -4.097758311820E-06    4.732964029070E-02
    4.047744694016E+01   -9.999084447822E-01   -8.370285284374E-06    2.143445089238E-05    5.204718108596E-03   -3.994909816813E-06    4.678146286050E-02
    4.070326210012E+01   -9.999100839251E-01   -8.199969295743E-06    2.102897759730E-05    5.144503676219E-03   -3.894928149793E-06    4.624125277401E-02
    4.092970539683E+01   -9.999116974217E-01   -8.033395305307E-06    2.063147224175E-05    5.085164951800E-03   -3.797725901675E-06    4.570887072434E-02
    4.115677683028E+01   -9.999132864890E-01   -7.870475305666E-06    2.024177777414E-05    5.026686571577E-03   -3.703218518679E-06    4.518418023964E-02
    4.138447640047E+01   -9.999148517963E-01   -7.711123497542E-06    1.985974006568E-05    4.969053488022E-03   -3.611324231261E-06    4.466704762828E-02
    4.161280410742E+01   -9.999163935399E-01   -7.555256229556E-06    1.948520786462E-05    4.912250962354E-03   -3.521963955229E-06    4.415734191402E-02
    4.184175995111E+01   -9.999179108130E-01   -7.402791953243E-06    1.911803278328E-05    4.856264557506E-03   -3.435061203143E-06    4.365493477517E-02
    4.207134393154E+01   -9.999194057813E-01   -7.253651087261E-06    1.875806905977E-05    4.801080129255E-03   -3.350541954869E-06    4.315970046784E-02
    4.230155604872E+01   -9.999208778962E-01   -7.107756077589E-06    1.840517379327E-05    4.746683821864E-03   -3.268334625064E-06    4.267151578790E-02
    4.253239630264E+01   -9.999223271894E-01   -6.965031281109E-06    1.805920674608E-05    4.693062059961E-03   -3.188369947967E-06    4.219026000070E-02
    4.276386469331E+01   -9.999237544399E-01   -6.825402913112E-06    1.772003029688E-05    4.640201541932E-03   -3.110580895809E-06    4.171581478372E-02
    4.299596122073E+01   -9.999251593695E-01   -6.688799031636E-06    1.738750948175E-05    4.588089234335E-03   -3.034902616702E-06    4.124806417793E-02
    4.322868588489E+01   -9.999265429293E-01   -6.555149448776E-06    1.706151185258E-05    4.536712364788E-03   -2.961272340196E-06    4.078689452614E-02
    4.346203868579E+01   -9.999279052514E-01   -6.424385721191E-06    1.674190752700E-05    4.486058416760E-03   -2.889629322436E-06    4.033219442764E-02
    4.369601962344E+01   -9.999292463339E-01   -6.296441092374E-06    1.642856911687E-05    4.436115123434E-03   -2.819914770537E-06    3.988385468476E-02
    4.393062869784E+01   -9.999305665991E-01   -6.171250439682E-06    1.612137166543E-05    4.386870461779E-03   -2.752071771266E-06    3.944176825129E-02
    4.416586590898E+01   -9.999318661270E-01   -6.048750244655E-06    1.582019263920E-05    4.338312647258E-03   -2.686045232485E-06    3.900583018646E-02
    4.440173125687E+01   -9.999331462075E-01   -5.928878526899E-06    1.552491182708E-05    4.290430127856E-03   -2.621781809477E-06    3.857593760293E-02
    4.463822474150E+01   -9.999344055140E-01   -5.811574864512E-06    1.523541145203E-05    4.243211580181E-03   -2.559229872874E-06    3.815198963263E-02
    4.487534636288E+01   -9.999356461802E-01   -5.696780259116E-06    1.495157589331E-05    4.196645902120E-03   -2.498339406972E-06    3.773388736284E-02
    4.511309612100E+01   -9.999368670187E-01   -5.584437203643E-06    1.467329191207E-05    4.150722210258E-03   -2.439062002349E-06    3.732153381363E-02
    4.535147401587E+01   -9.999380679653E-01   -5.474489575374E-06    1.440044843840E-05    4.105429833358E-03   -2.381350770360E-06    3.691483388098E-02
    4.559048004749E+01   -9.999392508398E-01   -5.366882591163E-06    1.413293651128E-05    4.060758307427E-03   -2.325160287435E-06    3.651369429369E-02
    4.583011421585E+01   -9.999404151913E-01   -5.261562832604E-06    1.387064939181E-05    4.016697372437E-03   -2.270446572556E-06    3.611802358457E-02
    4.607037652095E+01   -9.999415611156E-01   -5.158478170490E-06    1.361348242241E-05    3.973236966861E-03   -2.217167020261E-06    3.572773204286E-02
    4.631126696280E+01   -9.999426884482E-01   -5.057577742849E-06    1.336133301796E-05    3.930367223493E-03   -2.165280359452E-06    3.534273167765E-02
    4.655278554140E+01   -9.999437983721E-01   -4.958811901259E-06    1.311410057544E-05    3.888078464678E-03   -2.114746599101E-06    3.496293617605E-02
    4.679493225674E+01   -9.999448910295E-01   -4.862132211987E-06    1.287168652003E-05    3.846361198866E-03   -2.065526999683E-06    3.458826087305E-02
    4.703770710882E+01   -9.999459658771E-01   -4.767491419434E-06    1.263399425447E-05    3.805206116364E-03   -2.017584028886E-06    3.421862271438E-02
    4.728111009766E+01   -9.999470236289E-01   -4.674843391354E-06    1.240092906062E-05    3.764604084792E-03   -1.970881310426E-06    3.385394021667E-02
    4.752514122323E+01   -9.999480646111E-01   -4.584143111471E-06    1.217239811920E-05    3.724546145684E-03   -1.925383594943E-06    3.349413343766E-02
    4.776980048556E+01   -9.999490888310E-01   -4.495346649930E-06    1.194831047208E-05    3.685023510663E-03   -1.881056722068E-06    3.313912394263E-02
    4.801508788462E+01   -9.999500965590E-01   -4.408411128522E-06    1.172857696974E-05    3.646027557578E-03   -1.837867581228E-06    3.278883477051E-02
    4.826100342044E+01   -9.999510885043E-01   -4.323294692314E-06    1.151311023350E-05    3.607549826839E-03   -1.795784076185E-06    3.244319040189E-02
    4.850754709300E+01   -9.999520642014E-01   -4.239956502352E-06    1.130182467030E-05    3.569582018363E-03   -1.754775099672E-06    3.210211673190E-02
    4.875471890230E+01   -9.999530242395E-01   -4.158356684050E-06    1.109463637287E-05    3.532115987488E-03   -1.714810489676E-06    3.176554103464E-02
    4.900251884835E+01   -9.999539690126E-01   -4.078456317568E-06    1.089146312608E-05    3.495143742009E-03   -1.675861004705E-06    3.143339193696E-02
    4.925094693114E+01   -9.999548982499E-01   -4.000217418406E-06    1.069222438699E-05    3.458657438994E-03   -1.637898295677E-06    3.110559939052E-02
    4.950000315068E+01   -9.999558125745E-01   -3.923602896953E-06    1.049684120978E-05    3.422649381197E-03   -1.600894869524E-06    3.078209464029E-02
    4.974968750697E+01   -9.999567112974E-01   -3.848576559605E-06    1.030523627634E-05    3.387112014520E-03   -1.564824071294E-06    3.046281020221E-02
    5.000000000000E+01   -9.999575957026E-01   -3.775103051547E-06    1.011733377564E-05    3.352037924121E-03   -1.529660042242E-06    3.014767982893E-02
