#       10      400
    1.000000000000E-06    1.559068710917E+02    3.117691453657E+13    1.247076581453E+14    2.805922308265E+14    4.988306325802E+14    7.794228634063E+14    1.122368923305E+15    1.527668812276E+15    1.995322530320E+15    2.525330077436E+15
    3.150683726861E-04   -5.998371543324E+00    3.140678666127E+08    1.256271484441E+09    2.826610847488E+09    5.025085955753E+09    7.851696809238E+09    1.130644340794E+10    1.538932575186E+10    2.010034384100E+10    2.543949767536E+10
    1.257273490744E-03   -5.999888856926E+00    1.972302308307E+07    7.889211033161E+07    1.775072557459E+08    3.155684593258E+08    4.930757210714E+08    7.100290409828E+08    9.664284190598E+08    1.262273855303E+09    1.597565349711E+09
    2.827615354175E-03   -5.999951853561E+00    3.899346257150E+06    1.559740302839E+07    3.509416431379E+07    6.238963011335E+07    9.748380042707E+07    1.403766752550E+08    1.910682545970E+08    2.495585384532E+08    3.158475268236E+08
    5.026093962978E-03   -5.999905866232E+00    1.234155304431E+06    4.936639217423E+06    1.110744573907E+07    1.974657486939E+07    3.085402660836E+07    4.442980095600E+07    6.047389791229E+07    7.898631747725E+07    9.996705965087E+07
    7.852709317153E-03   -5.999783791692E+00    5.055788941261E+05    2.022333575847E+06    4.550258045383E+06    8.089352302733E+06    1.263961634790E+07    1.820105018087E+07    2.477365380167E+07    3.235742721027E+07    4.095237040669E+07
    1.130746141670E-02   -5.999555841329E+00    2.438328515617E+05    9.753494049104E+05    2.194543660492E+06    3.901415618305E+06    6.095965278351E+06    8.778192640630E+06    1.194809770514E+07    1.560568047188E+07    1.975094094086E+07
    1.539035026162E-02   -5.999178889328E+00    1.316183160440E+05    5.264912617103E+05    1.184612837821E+06    2.105983044376E+06    3.290601881375E+06    4.738469348818E+06    6.449585446706E+06    8.423950175038E+06    1.066156353381E+07
    2.010137585191E-02   -5.998600213873E+00    7.715210846043E+04    3.086264296411E+05    6.944169649421E+05    1.234523714364E+06    1.928946677905E+06    2.777685855568E+06    3.780741247351E+06    4.938112853254E+06    6.249800673277E+06
    2.544053818757E-02   -5.997758543481E+00    4.816443450824E+04    1.926757313078E+05    4.335278926404E+05    7.707209185060E+05    1.204254808905E+06    1.734129563836E+06    2.360345183301E+06    3.082901667299E+06    3.901799015829E+06
    3.140783726861E-02   -5.996584610244E+00    3.159909610252E+04    1.264143741634E+05    2.844398375982E+05    5.056754864069E+05    7.901213205896E+05    1.137777340146E+06    1.548643545077E+06    2.022719935381E+06    2.560006511059E+06
    3.800327309502E-02   -5.995001031573E+00    2.158094713233E+04    8.634177353207E+04    1.942764841983E+05    3.453850791310E+05    5.396675583302E+05    7.771239217959E+05    1.057754169528E+06    1.381558301527E+06    1.748536317792E+06
    4.522684566680E-02   -5.992922569931E+00    1.523595713784E+04    6.096180731883E+04    1.371715576205E+05    2.438652080428E+05    3.810427585857E+05    5.487042092494E+05    7.468495600336E+05    9.754788109386E+05    1.234591961964E+06
    5.307855498395E-02   -5.990256262655E+00    1.106011891345E+04    4.425844642241E+04    9.958899227068E+04    1.770517564582E+05    2.766467389851E+05    3.983739398513E+05    5.422333590568E+05    7.082249966016E+05    8.963488524857E+05
    6.155840104648E-02   -5.986901622013E+00    8.221334645210E+03    3.290329928557E+04    7.403990701950E+04    1.316311578470E+05    2.056770517681E+05    2.961775887827E+05    4.031327688910E+05    5.265425920928E+05    6.664070583881E+05
    7.066638385437E-02   -5.982750892033E+00    6.237219383664E+03    2.496682578723E+04    5.618283645984E+04    9.988525140149E+04    1.560740706122E+05    2.247492940919E+05    3.059109218407E+05    3.995589538585E+05    5.056933901454E+05
    8.040250340764E-02   -5.977689360756E+00    4.816763876668E+03    1.928498857468E+04    4.339869640469E+04    7.715788736670E+04    1.205625614607E+05    1.736127186868E+05    2.363083590448E+05    3.086494825348E+05    3.906360891569E+05
    9.076675970628E-02   -5.971595758702E+00    3.778275348278E+03    1.513101618033E+04    3.405225090041E+04    6.054197950852E+04    9.460020200467E+04    1.362269183888E+05    1.854221286611E+05    2.421858328213E+05    3.065180308696E+05
    1.017591527503E-01   -5.964342715330E+00    3.004865192913E+03    1.203735379975E+04    2.709150147780E+04    4.816730822708E+04    7.526477404759E+04    1.083838989393E+05    1.475246829023E+05    1.926871259364E+05    2.438712280418E+05
    1.133796825397E-01   -5.955797324205E+00    2.419328523866E+03    9.695181487398E+03    2.182160309328E+04    3.879859334152E+04    6.062615223212E+04    8.730427976507E+04    1.188329759404E+05    1.552122407580E+05    1.964420742180E+05
    1.256283490744E-01   -5.945821789636E+00    1.969466813328E+03    7.895704718648E+03    1.777276789418E+04    3.160065633993E+04    4.937937005589E+04    7.110890904206E+04    9.678927329844E+04    1.264204628250E+05    1.600024776219E+05
    1.385051523546E-01   -5.934274188808E+00    1.619244994865E+03    6.494782802001E+03    1.462067914723E+04    2.599693403054E+04    4.062354745195E+04    5.850051941145E+04    7.962784990903E+04    1.040055389447E+05    1.316335865185E+05
    1.520100923801E-01   -5.921009340621E+00    1.343316128243E+03    5.391027540971E+03    1.213721322885E+04    2.158187319188E+04    3.372500743007E+04    4.856661594340E+04    6.610669873189E+04    8.634525579553E+04    1.092822871343E+05
    1.661431691509E-01   -5.905879786299E+00    1.123547090470E+03    4.511906001221E+03    1.015917085247E+04    1.806534164423E+04    2.823041837648E+04    4.065440104923E+04    5.533728966249E+04    7.227908421624E+04    9.147978471050E+04
    1.809043826672E-01   -5.888736892065E+00    9.467647374625E+02    3.804725160510E+03    8.567992532257E+03    1.523656685270E+04    2.381044812185E+04    3.428963633969E+04    4.667413150623E+04    6.096393362147E+04    7.715904268541E+04
    1.962937329288E-01   -5.869432067453E+00    8.032642205691E+02    3.230665178465E+03    7.276333441626E+03    1.294026901005E+04    2.022247188374E+04    2.912294206269E+04    3.964167954691E+04    5.177868433639E+04    6.553395643114E+04
    2.123112199358E-01   -5.847818101014E+00    6.858035509362E+02    2.760757658036E+03    6.219014503203E+03    1.106057408644E+04    1.728543640774E+04    2.489360146710E+04    3.388506926454E+04    4.425983980004E+04    5.601791307361E+04
    2.289568436882E-01   -5.823750603849E+00    5.889145034665E+02    2.373129265668E+03    5.346820536003E+03    9.509988314473E+03    1.486263260108E+04    2.140475339582E+04    2.913635069869E+04    3.805742450969E+04    4.816797482884E+04
    2.462306041859E-01   -5.797089558381E+00    5.084230370979E+02    2.051083417058E+03    4.622184050326E+03    8.221724936900E+03    1.284970607678E+04    1.850612746997E+04    2.519098911646E+04    3.290429101627E+04    4.164603316937E+04
    2.641325014290E-01   -5.767700951579E+00    4.411107818150E+02    1.781746230107E+03    4.016138643928E+03    7.144288023277E+03    1.116619436815E+04    1.608185767856E+04    2.189127795449E+04    2.859445519595E+04    3.619138940294E+04
    2.826625354175E-01   -5.735458484056E+00    3.844729576407E+02    1.555098206009E+03    3.506140286622E+03    6.237599199480E+03    9.749474944584E+03    1.404176752193E+04    1.911447693153E+04    2.496760317337E+04    3.160114624745E+04
    3.018207061513E-01   -5.700245327201E+00    3.365431460150E+02    1.363273320036E+03    3.074490276739E+03    5.470194016121E+03    8.550384538185E+03    1.231506184293E+04    1.676422593036E+04    2.189787680046E+04    2.771601445325E+04
    3.216070136306E-01   -5.661955909084E+00    2.957650154038E+02    1.200045929338E+03    2.707180785895E+03    4.817169585074E+03    7.530012326876E+03    1.084570901130E+04    1.476425963835E+04    1.928566420802E+04    2.440992272031E+04
    3.420214578552E-01   -5.620497695541E+00    2.608974281960E+02    1.060451205867E+03    2.393040835319E+03    4.258666316551E+03    6.657327649564E+03    9.589024834358E+03    1.305375787093E+04    1.705152675929E+04    2.158233149942E+04
    3.630640388251E-01   -5.575792938075E+00    2.309435497364E+02    9.405015777578E+02    2.123098291126E+03    3.778733689841E+03    5.907407773904E+03    8.509120543314E+03    1.158387199807E+04    1.513166213818E+04    1.915249096363E+04
    3.847347565405E-01   -5.527780351023E+00    2.050973994126E+02    8.369729387040E+02    1.890098837521E+03    3.364475095865E+03    5.260101713736E+03    7.576978691133E+03    1.031510602806E+04    1.347448372451E+04    1.705511178049E+04
    4.070336110012E-01   -5.476416680376E+00    1.827032031817E+02    7.472420627719E+02    1.688140162085E+03    3.005397501124E+03    4.699014079889E+03    6.768989898378E+03    9.215324956593E+03    1.203801925453E+04    1.523707279220E+04
    4.299606022073E-01   -5.421678127407E+00    1.632242296709E+02    6.691619530757E+02    1.512391492077E+03    2.692912846679E+03    4.210726016882E+03    6.065831002686E+03    8.258227804090E+03    1.078791642109E+04    1.365489685370E+04
    4.535157301587E-01   -5.363561586524E+00    1.462187138920E+02    6.009655403475E+02    1.358876917761E+03    2.419952846141E+03    3.784193325486E+03    5.451598355797E+03    7.422167937073E+03    9.695902069315E+03    1.227280075252E+04
    4.776989948556E-01   -5.302085660611E+00    1.313211219842E+02    5.411907449542E+02    1.224306783217E+03    2.180669236784E+03    3.410278105657E+03    4.913133389835E+03    6.689235089318E+03    8.738583204106E+03    1.106117773420E+04
    5.025103962978E-01   -5.237291418868E+00    1.182274724246E+02    4.886217640157E+02    1.105945583298E+03    1.970198930294E+03    3.081381805004E+03    4.439494207426E+03    6.044536137562E+03    7.896507595411E+03    9.995408580973E+03
    5.279499344853E-01   -5.169242866062E+00    1.066837609897E+02    4.422427726568E+02    1.001507792042E+03    1.784478819181E+03    2.791155854074E+03    4.021538896722E+03    5.475627947123E+03    7.153423005279E+03    9.054924071189E+03
    5.540176094183E-01   -5.098027097358E+00    9.647677722916E+01    4.012011903675E+02    9.090752121643E+02    1.620098842681E+03    2.534272081917E+03    3.651594929872E+03    4.972067386546E+03    6.495689451939E+03    8.222461126052E+03
    5.807134210966E-01   -5.023754120014E+00    8.742677596663E+01    3.647783664717E+02    8.270310171502E+02    1.474184728102E+03    2.306239499326E+03    3.323195330822E+03    4.525052222590E+03    5.911810174631E+03    7.483469186943E+03
    6.080373695203E-01   -4.946556330564E+00    7.938159682553E+01    3.323660566614E+02    7.540068227930E+02    1.344303895380E+03    2.103257274422E+03    3.030866959918E+03    4.127132951868E+03    5.392055250271E+03    6.825633855129E+03
    6.359894546894E-01   -4.866587645023E+00    7.221192089761E+01    3.034474470598E+02    6.888399902523E+02    1.228389550727E+03    1.922096128482E+03    2.769959723517E+03    3.771980335831E+03    4.928157965424E+03    6.238492612296E+03
    6.645696766038E-01   -4.784022288658E+00    6.580742555048E+01    2.775817698187E+02    6.305390096301E+02    1.124679145376E+03    1.760002177051E+03    2.536508104655E+03    3.454196928187E+03    4.513068647648E+03    5.713123263037E+03
    6.937780352636E-01   -4.699053261134E+00    6.007365248729E+01    2.543917707474E+02    5.782553002146E+02    1.031664241485E+03    1.614618594550E+03    2.327118359410E+03    3.169163536063E+03    4.140754124510E+03    5.241890124749E+03
    7.236145306688E-01   -4.611890502769E+00    5.492944518828E+01    2.335534535697E+02    5.312601327602E+02    9.480494836536E+02    1.483921506238E+03    2.138876200510E+03    2.912913566469E+03    3.806033604115E+03    4.818236313447E+03
    7.540791628193E-01   -4.522758795033E+00    5.030484314726E+01    2.147876505583E+02    4.889256607834E+02    8.727188751419E+02    1.366167293614E+03    1.969270916196E+03    2.682029742885E+03    3.504443773681E+03    4.436513008584E+03
    7.851719317153E-01   -4.431895437435E+00    4.613934431756E+01    1.978530653298E+02    4.507092639366E+02    8.047079420557E+02    1.259849099656E+03    1.816132736729E+03    2.473558853273E+03    3.232127449287E+03    4.091838524771E+03
    8.168928373565E-01   -4.339547748178E+00    4.238046570620E+01    1.825405076946E+02    4.161405732827E+02    7.431806652163E+02    1.163660783445E+03    1.677580927958E+03    2.284941098750E+03    2.985741295821E+03    3.779981519170E+03
    8.492418797432E-01   -4.245970441397E+00    3.898254642832E+01    1.686680979661E+02    3.848106776947E+02    6.874102894860E+02    1.076466933262E+03    1.551980609005E+03    2.113951316709E+03    2.762379056372E+03    3.497263827991E+03
    8.822190588753E-01   -4.151422936512E+00    3.590574874806E+01    1.560772629974E+02    3.563631115504E+02    6.367632997872E+02    9.972778275885E+02    1.437906694927E+03    1.958649901793E+03    2.559507448182E+03    3.240479334094E+03
    9.158243747527E-01   -4.056166656401E+00    3.311522142504E+01    1.446293813887E+02    3.304863030433E+02    5.906859937568E+02    9.252284533488E+02    1.334113681778E+03    1.817341679029E+03    2.374912445098E+03    3.006825979981E+03
    9.500578273755E-01   -3.960462369849E+00    3.058039661559E+01    1.342029630249E+02    3.069072247841E+02    5.486931918391E+02    8.595608639207E+02    1.239510240967E+03    1.688541322957E+03    2.206654109882E+03    2.793848601739E+03
    9.849194167436E-01   -3.864567631669E+00    2.827439706408E+01    1.246912700423E+02    2.853860377317E+02    5.103587133682E+02    7.996092965556E+02    1.153137787203E+03    1.570944185279E+03    2.053028490771E+03    2.599390703675E+03
    1.020409142857E+00   -3.768734368617E+00    2.617353468520E+01    1.160003037687E+02    2.657115587399E+02    4.753073169647E+02    7.447875778681E+02    1.074152341317E+03    1.463401607268E+03    1.912535375702E+03    2.421553646611E+03
    1.056527005716E+00   -3.673206654069E+00    2.425688512497E+01    1.080470961162E+02    2.476974133477E+02    4.432078592860E+02    6.945784331065E+02    1.001809134619E+03    1.364899963760E+03    1.783850920503E+03    2.258662004836E+03
    1.093273005320E+00   -3.578218706859E+00    2.250592568751E+01    1.007582550772E+02    2.311787605780E+02    4.137674708488E+02    6.485243847215E+02    9.354495019267E+02    1.274542822374E+03    1.665804346028E+03    2.109234072869E+03
    1.130647141670E+00   -3.483993142040E+00    2.090422626932E+01    9.406872297876E+01    2.160094967455E+02    3.867265836152E+02    6.062199819533E+02    8.744896913824E+02    1.191535711777E+03    1.557358043085E+03    1.971956685282E+03
    1.168649414765E+00   -3.390739492985E+00    1.943718476747E+01    8.792071341706E+01    2.020598616303E+02    3.618546741039E+02    5.673051485767E+02    8.184112845266E+02    1.115173081780E+03    1.457590540264E+03    1.845663659947E+03
    1.207279824605E+00   -3.298653015842E+00    1.809179990934E+01    8.226279870230E+01    1.892143836476E+02    3.389466093761E+02    5.314594727949E+02    7.667529731899E+02    1.044827110323E+03    1.365681884097E+03    1.729317294465E+03
    1.246538371191E+00   -3.207913779136E+00    1.685647565888E+01    7.704912444737E+01    1.773701114434E+02    3.178195024450E+02    4.983972932675E+02    7.191034829449E+02    9.799380711553E+02    1.280901057766E+03    1.621992442714E+03
    1.286425054522E+00   -3.118686033712E+00    1.572085234140E+01    7.223873186224E+01    1.664350881803E+02    2.983099993507E+02    4.678634597718E+02    6.750954681504E+02    9.200060240556E+02    1.202595127310E+03    1.522862777829E+03
    1.326939874599E+00   -3.031117851543E+00    1.467566043852E+01    6.779497153570E+01    1.563270320069E+02    2.802719329964E+02    4.396296670828E+02    6.344002325525E+02    8.645836288346E+02    1.130179855694E+03    1.431188913019E+03
    1.368082831421E+00   -2.945341015855E+00    1.371259367095E+01    6.368499513414E+01    1.469721921628E+02    2.635742894237E+02    4.134912771820E+02    5.967231531900E+02    8.132699166984E+02    1.063131567399E+03    1.346308105145E+03
    1.409853924988E+00   -2.861471140456E+00    1.282419853630E+01    5.987931363206E+01    1.383043550756E+02    2.480994409248E+02    3.892645585332E+02    5.617997049807E+02    7.657048792939E+02    1.000980081072E+03    1.267625310125E+03
    1.452253155301E+00   -2.779607992705E+00    1.200377792316E+01    5.635141249562E+01    1.302639788710E+02    2.337416076111E+02    3.667842824409E+02    5.293919996020E+02    7.215647578414E+02    9.433025566432E+02    1.194605395763E+03
    1.495280522359E+00   -2.699835991986E+00    1.124530679983E+01    5.307741574091E+01    1.227974380869E+02    2.204055150476E+02    3.459016258676E+02    4.992857657531E+02    6.805579331062E+02    8.897181272687E+02    1.126766347929E+03
    1.538936026162E+00   -2.622224854607E+00    1.054335828844E+01    5.003579203535E+01    1.158563631887E+02    2.080052205471E+02    3.264823378734E+02    4.712877091064E+02    6.424213322259E+02    8.398832063999E+02    1.063673331234E+03
    1.583219666711E+00   -2.546830355709E+00    9.893038696373E+00    4.720709705148E+01    1.093970618213E+02    1.964630848801E+02    3.084051333420E+02    4.452231996087E+02    6.069172811475E+02    7.934873769155E+02    1.004933486419E+03
    1.628131444005E+00   -2.473695179668E+00    9.289930293674E+00    4.457374715213E+01    1.033800106921E+02    1.857088696338E+02    2.915602830960E+02    4.209342416310E+02    5.738307420896E+02    7.502497831751E+02    9.501913642732E+02
    1.673671358044E+00   -2.402849831984E+00    8.730040807318E+00    4.211982021519E+01    9.776940862197E+01    1.756789433779E+02    2.758483740654E+02    3.982776890301E+02    5.429668843873E+02    7.099159585373E+02    8.991249107224E+02
    1.719839408829E+00   -2.334313587804E+00    8.209758755263E+00    3.983088001887E+01    9.253278267915E+01    1.663155822442E+02    2.611792170119E+02    3.771236727158E+02    5.141489446003E+02    6.722550307072E+02    8.514419301090E+02
    1.766635596359E+00   -2.268095454898E+00    7.725813870926E+00    3.769382112426E+01    8.764064047661E+01    1.575663526012E+02    2.474708825454E+02    3.573542129734E+02    4.872163381066E+02    6.370572555657E+02    8.068769642235E+02
    1.814059920635E+00   -2.204195131783E+00    7.275241976320E+00    3.569673162750E+01    8.306616269489E+01    1.493835652526E+02    2.346488489025E+02    3.388619927299E+02    4.620229897628E+02    6.041318371305E+02    7.651885334731E+02
    1.862112381656E+00   -2.142603944775E+00    6.855353752513E+00    3.382877152227E+01    7.878493072466E+01    1.417237920662E+02    2.226452472739E+02    3.215492712878E+02    4.384358557544E+02    5.733049972340E+02    7.261566940971E+02
    1.910792979422E+00   -2.083305750775E+00    6.463706932697E+00    3.208006472593E+01    7.477468502927E+01    1.345474372032E+02    2.113981924297E+02    3.053269208812E+02    4.163336126151E+02    5.444182635372E+02    6.895808717082E+02
    1.960101713934E+00   -2.026277795611E+00    6.098081507808E+00    3.044160308785E+01    7.101511042823E+01    1.278183561807E+02    2.008511880692E+02    2.901135708190E+02    3.956054926714E+02    5.173269487844E+02    6.552779368645E+02
    2.010038585191E+00   -1.971491520502E+00    5.756457589646E+00    2.890516092496E+01    6.748764501415E+01    1.215035169166E+02    1.909525977434E+02    2.758348460348E+02    3.761502479701E+02    4.918987978581E+02    6.230804930030E+02
    2.060603593194E+00   -1.918913311761E+00    5.436995623160E+00    2.746321882235E+01    6.417530985315E+01    1.155726976837E+02    1.816551734188E+02    2.624226886182E+02    3.578752271341E+02    4.680127823171E+02    5.928353510176E+02
    2.111796737941E+00   -1.868505191091E+00    5.138018679379E+00    2.610889560194E+01    6.106255699268E+01    1.099982175663E+02    1.729156347944E+02    2.498147524056E+02    3.406955516407E+02    4.455580247754E+02    5.644021681505E+02
    2.163618019435E+00   -1.820225445675E+00    4.857996594643E+00    2.483588750423E+01    5.813513362216E+01    1.047546955845E+02    1.646942933800E+02    2.379538619996E+02    3.245333797713E+02    4.244328377708E+02    5.376522317708E+02
    2.216067437673E+00   -1.774029198938E+00    4.595531750888E+00    2.363841374930E+01    5.537996050740E+01    9.981883514640E+01    1.569547161096E+02    2.267875286930E+02    3.093172479918E+02    4.045438637503E+02    5.124673711107E+02
    2.269144992657E+00   -1.729868924029E+00    4.349346316924E+00    2.251116774851E+01    5.278502305772E+01    9.516923090642E+01    1.496634239328E+02    2.162675167305E+02    2.949814808258E+02    3.858053044935E+02    4.887389821793E+02
    2.322850684386E+00   -1.687694903059E+00    4.118270792267E+00    2.144927332851E+01    5.033927358975E+01    9.078619548026E+01    1.427896213921E+02    2.063494541636E+02    2.814656614008E+02    3.681382297640E+02    4.663671529340E+02
    2.377184512861E+00   -1.647455635813E+00    3.901233713794E+00    2.044824540777E+01    4.803254352918E+01    8.665160377729E+01    1.363049536944E+02    1.969924832689E+02    2.687141558211E+02    3.514699562459E+02    4.452598773879E+02
    2.432146478081E+00   -1.609098202064E+00    3.697252401760E+00    1.950395463316E+01    4.585546444544E+01    8.274875298880E+01    1.301832882100E+02    1.881589461152E+02    2.566756853604E+02    3.357334889198E+02    4.253323487278E+02
    2.487736580047E+00   -1.572568581826E+00    3.505424635781E+00    1.861259554352E+01    4.379939694783E+01    7.906223650634E+01    1.244005177041E+02    1.798141013998E+02    2.453029411962E+02    3.208670179858E+02    4.065063227171E+02
    2.543954818757E+00   -1.537811937974E+00    3.324921163719E+00    1.777065787806E+01    4.185636658708E+01    7.557783025162E+01    1.189343829311E+02    1.719258691438E+02    2.345522370403E+02    3.068134652673E+02    3.887095437089E+02
    2.600801194214E+00   -1.504772865484E+00    3.154978957187E+00    1.697490069230E+01    4.001900600810E+01    7.228239007880E+01    1.137643125001E+02    1.644646002345E+02    2.243831955737E+02    2.935200747506E+02    3.718752265061E+02
    2.658275706415E+00   -1.473395611414E+00    2.994895136789E+00    1.622232898309E+01    3.828050268685E+01    6.916375906731E+01    1.088712781682E+02    1.574028681633E+02    2.147584650724E+02    2.809380425448E+02    3.559415880969E+02
    2.716378355362E+00   -1.443624269426E+00    2.844021498562E+00    1.551017255875E+01    3.663455166229E+01    6.621068366000E+01    1.042376639288E+02    1.507152806091E+02    2.056434630317E+02    2.690221820898E+02    3.408514239941E+02
    2.775109141054E+00   -1.415402952309E+00    2.701759580355E+00    1.483586691985E+01    3.507531274086E+01    6.341273772137E+01    9.984714745392E+01    1.443783087940E+02    1.970061439636E+02    2.577306209270E+02    3.265517245065E+02
    2.834468063492E+00   -1.388675945633E+00    2.567556213391E+00    1.419703594280E+01    3.359737171069E+01    6.076025369582E+01    9.568459260867E+01    1.383701327673E+02    1.888167888642E+02    2.470245257606E+02    3.129933268082E+02
    2.894455122675E+00   -1.363387845243E+00    2.440899509961E+00    1.359147618146E+01    3.219570515440E+01    5.824426013787E+01    9.173595190470E+01    1.326705009868E+02    1.810478141270E+02    2.368678529099E+02    3.001305991345E+02
    2.955070318604E+00   -1.339483680962E+00    2.321315243276E+00    1.301714262207E+01    3.086564849490E+01    5.585642496735E+01    8.798817788200E+01    1.272606027448E+02    1.736735979310E+02    2.272271215760E+02    2.879211538440E+02
    3.016313651277E+00   -1.316909028514E+00    2.208363580038E+00    1.247213574520E+01    2.960286694892E+01    5.358900387394E+01    8.442914252256E+01    1.221229521485E+02    1.666703223454E+02    2.180712076280E+02    2.763255864445E+02
    3.078185120696E+00   -1.295610111317E+00    2.101636130309E+00    1.195468976386E+01    2.840332909835E+01    5.143479335810E+01    8.104756389568E+01    1.172412825045E+02    1.600158295873E+02    2.093711558695E+02    2.653072380024E+02
    3.140684726861E+00   -1.275533893496E+00    2.000753282842E+00    1.146316192119E+01    2.726328282094E+01    4.938708795111E+01    7.783293932235E+01    1.126004500817E+02    1.536894910388E+02    2.011000089626E+02    2.548319786286E+02
    3.203812469771E+00   -1.256628165255E+00    1.905361797220E+00    1.099602274354E+01    2.617923334905E+01    4.743964120560E+01    7.477548442161E+01    1.081863463379E+02    1.476720877761E+02    1.932326513849E+02    2.448680099862E+02
    3.267568349426E+00   -1.238841621256E+00    1.815132627199E+00    1.055184715567E+01    2.514792325056E+01    4.558663009178E+01    7.186607747042E+01    1.039858177906E+02    1.419457014998E+02    1.857456669661E+02    2.353856849816E+02
    3.331952365827E+00   -1.222123933013E+00    1.729758951705E+00    1.012930637442E+01    2.416631414636E+01    4.382262247222E+01    6.909620856702E+01    9.998659280046E+01    1.364936148691E+02    1.786172087042E+02    2.263573429934E+02
    3.396964518973E+00   -1.206425815248E+00    1.648954393079E+00    9.727160506546E+00    2.323156999975E+01    4.214254736293E+01    6.645793314253E+01    9.617721461128E+01    1.313002203489E+02    1.718268796971E+02    2.177571591667E+02
    3.462604808864E+00   -1.191699086977E+00    1.572451403317E+00    9.344251783083E+00    2.234104182854E+01    4.054166771805E+01    6.394382941103E+01    9.254698005847E+01    1.263509367682E+02    1.653556241447E+02    2.095610064509E+02
    3.528873235501E+00   -1.177896727097E+00    1.499999801720E+00    8.979498370631E+00    2.149225370723E+01    3.901555550270E+01    6.154695939146E+01    8.908588341770E+01    1.216321328741E+02    1.591856274845E+02    2.017463291958E+02
    3.595769798883E+00   -1.164972924886E+00    1.431365448369E+00    8.631888705061E+00    2.068288993914E+01    3.756006884214E+01    5.926083317103E+01    8.578456491935E+01    1.171310572338E+02    1.533002248186E+02    1.942920272386E+02
    3.663294499011E+00   -1.152883125257E+00    1.366329039843E+00    8.300476299300E+00    1.991078329101E+01    3.617133105710E+01    5.707937611355E+01    8.263426350211E+01    1.128357739049E+02    1.476838168732E+02    1.871783495256E+02
    3.731447335884E+00   -1.141584068855E+00    1.304685014624E+00    7.984374981330E+00    1.917390419302E+01    3.484571141346E+01    5.499689874538E+01    7.962677342106E+01    1.087351033525E+02    1.423217928094E+02    1.803867964021E+02
    3.800228309502E+00   -1.131033826857E+00    1.246240557158E+00    7.682754523188E+00    1.847035081716E+01    3.357980743229E+01    5.300806907824E+01    7.675440436436E+01    1.048185681399E+02    1.372004592693E+02    1.739000297958E+02
    3.869637419865E+00   -1.121191830228E+00    1.190814690596E+00    7.394836625662E+00    1.779833995521E+01    3.237042862086E+01    5.110788715196E+01    7.400994476600E+01    1.010763429700E+02    1.323069751046E+02    1.677017905887E+02
    3.939674666974E+00   -1.112018894123E+00    1.138237448595E+00    7.119891225967E+00    1.715619862470E+01    3.121458149820E+01    4.929166160012E+01    7.138662803181E+01    9.749920869171E+01    1.276292912831E+02    1.617768225460E+02
    4.010340050829E+00   -1.103477236340E+00    1.088349118909E+00    6.857233100660E+00    1.654235633967E+01    3.010945580258E+01    4.755498806254E+01    6.887810142492E+01    9.407850992617E+01    1.231560955238E+02    1.561108022266E+02
    4.081633571429E+00   -1.095530490658E+00    1.040999550759E+00    6.606218736842E+00    1.595533798733E+01    2.905241177736E+01    4.589372928337E+01    6.647839737897E+01    9.080611599820E+01    1.188767612493E+02    1.506902743595E+02
    4.153555228774E+00   -1.088143714741E+00    9.960475197479E-01    6.366243448495E+00    1.539375725851E+01    2.804096844248E+01    4.430399675002E+01    6.418190703079E+01    8.767438488866E+01    1.147813004839E+02    1.455025922145E+02
    4.226105022864E+00   -1.081283392600E+00    9.533601444841E-01    6.136738716713E+00    1.485631058447E+01    2.707279276730E+01    4.278213374147E+01    6.198335578316E+01    8.467612995087E+01    1.108603203631E+02    1.405358625425E+02
    4.299282953700E+00   -1.074917432259E+00    9.128123493534E-01    5.917169734081E+00    1.434177153631E+01    2.614568966803E+01    4.132469966610E+01    5.987778072557E+01    8.180458915666E+01    1.071049829467E+02    1.357788946995E+02
    4.373089021281E+00   -1.069015157816E+00    8.742863693424E-01    5.707033136585E+00    1.384898564901E+01    2.525759276114E+01    3.992845558182E+01    5.786050975820E+01    7.905339666121E+01    1.035069680621E+02    1.312211536045E+02
    4.447523225608E+00   -1.063547297146E+00    8.376712921482E-01    5.505854906334E+00    1.337686563351E+01    2.440655580887E+01    3.859035079909E+01    5.592714227627E+01    7.641655649279E+01    1.000584389235E+02    1.268527162116E+02
    4.522585566680E+00   -1.058485964822E+00    8.028626342498E-01    5.313188431302E+00    1.292438694521E+01    2.359074480020E+01    3.730751047796E+01    5.407353128699E+01    7.388841819312E+01    9.675201029837E+01    1.226642312081E+02
    4.598276044497E+00   -1.053804640794E+00    7.697619475292E-01    5.128612708843E+00    1.249058367935E+01    2.280843061488E+01    3.607722413776E+01    5.229576684150E+01    7.146365424843E+01    9.358071901551E+01    1.186468816740E+02
    4.674594659060E+00   -1.049478144930E+00    7.382764536279E-01    4.951730681277E+00    1.207454476688E+01    2.205798222343E+01    3.489693500523E+01    5.059016067540E+01    6.913723916644E+01    9.053799662182E+01    1.147923504644E+02
    4.751541410368E+00   -1.045482608400E+00    7.083187031723E-01    4.782167692332E+00    1.167541044577E+01    2.133786037920E+01    3.376423013336E+01    4.895323196015E+01    6.690443006621E+01    8.761764401686E+01    1.110927880938E+02
    4.829116298421E+00   -1.041795440988E+00    6.798062581945E-01    4.619570055549E+00    1.129236898689E+01    2.064661176428E+01    3.267683123011E+01    4.738169407756E+01    6.476074866132E+01    8.481380790746E+01    1.075407829254E+02
    4.907319323220E+00   -1.038395296452E+00    6.526613949371E-01    4.463603724464E+00    1.092465365272E+01    1.998286355175E+01    3.163258613961E+01    4.587244233516E+01    6.270196452465E+01    8.212095893722E+01    1.041293334804E+02
    4.986150484765E+00   -1.035262034592E+00    6.268108260536E-01    4.313953057681E+00    1.057153987186E+01    1.934531835306E+01    3.062946092581E+01    4.442254254977E+01    6.072407953555E+01    7.953387136090E+01    1.008518227031E+02
    5.065609783054E+00   -1.032376681564E+00    6.021854401228E-01    4.170319670557E+00    1.023234261163E+01    1.873274951927E+01    2.966553251069E+01    4.302922043083E+01    5.882331341633E+01    7.704760414229E+01    9.770199402889E+01
    5.145697218089E+00   -1.029721388681E+00    5.787200571846E-01    4.032421366870E+00    9.906413933395E+00    1.814399676919E+01    2.873898182431E+01    4.168985170161E+01    5.699609027409E+01    7.465748336594E+01    9.467392911450E+01
    5.226412789869E+00   -1.027279389437E+00    5.563531993069E-01    3.899991144674E+00    9.593140717160E+00    1.757796211956E+01    2.784808742783E+01    4.040195290240E+01    5.523902607124E+01    7.235908586221E+01    9.176202710541E+01
    5.307756498395E+00   -1.025034955631E+00    5.350268748882E-01    3.772776270316E+00    9.291942541933E+00    1.703360609388E+01    2.699121957310E+01    3.916317282314E+01    5.354891695356E+01    7.014822395325E+01    8.896098532173E+01
    5.389728343666E+00   -1.022973353241E+00    5.146863756370E-01    3.650537415274E+00    9.002269710032E+00    1.650994418874E+01    2.616683466565E+01    3.797128451790E+01    5.192272837092E+01    6.802093123469E+01    8.626578125592E+01
    5.472328325683E+00   -1.021080797454E+00    4.952800856663E-01    3.533047851598E+00    8.723601405022E+00    1.600604357875E+01    2.537347010145E+01    3.682417785814E+01    5.035758493194E+01    6.597344931646E+01    8.367165578442E+01
    5.555556444444E+00   -1.019344407988E+00    4.767593016422E-01    3.420092701098E+00    8.455443972797E+00    1.552102004192E+01    2.460973944894E+01    3.571985258412E+01    4.885076093719E+01    6.400221545048E+01    8.117409750251E+01
    5.639412699952E+00   -1.017752164838E+00    4.590780633408E-01    3.311468234382E+00    8.197329316794E+00    1.505403508917E+01    2.387432795112E+01    3.465641181772E+01    4.739967154124E+01    6.210385098012E+01    7.876882809944E+01
    5.723897092204E+00   -1.016292864008E+00    4.421929941657E-01    3.206981216441E+00    7.948813399351E+00    1.460429328346E+01    2.316598832452E+01    3.363205600341E+01    4.600186449762E+01    6.027515055142E+01    7.645178869811E+01
    5.809009621202E+00   -1.014956074074E+00    4.260631508400E-01    3.106448295042E+00    7.709474841120E+00    1.417103973439E+01    2.248353683303E+01    3.264507724565E+01    4.465501244410E+01    5.851307203048E+01    7.421912708877E+01
    5.894750286945E+00   -1.013732094541E+00    4.106498815670E-01    3.009695428442E+00    7.478913610975E+00    1.375355775497E+01    2.182584961640E+01    3.169385401373E+01    4.335690568869E+01    5.681472707530E+01    7.206718579163E+01
    5.981119089434E+00   -1.012611913641E+00    3.959166927885E-01    2.916557350891E+00    7.256749801377E+00    1.335116667067E+01    2.119185925651E+01    3.077684618919E+01    4.210544546193E+01    5.517737231696E+01    6.999249089058E+01
    6.068116028668E+00   -1.011587168900E+00    3.818291232751E-01    2.826877071605E+00    7.042622481298E+00    1.296321976777E+01    2.058055156268E+01    2.989259042950E+01    4.089863760057E+01    5.359840110460E+01    6.799174158111E+01
    6.155741104648E+00   -1.010650108015E+00    3.683546257555E-01    2.740505406135E+00    6.836188622638E+00    1.258910237283E+01    1.999096256201E+01    2.903969582724E+01    3.973458663341E+01    5.207533577603E+01    6.606180038358E+01
    6.243994317372E+00   -1.009793551727E+00    3.554624552950E-01    2.657300537070E+00    6.637122094132E+00    1.222823005309E+01    1.942217567943E+01    2.821683984300E+01    3.861149024034E+01    5.060582041612E+01    6.419968397419E+01
    6.332875666843E+00   -1.009010857633E+00    3.431235642927E-01    2.577127602572E+00    6.445112718606E+00    1.188004693002E+01    1.887331909487E+01    2.742276449366E+01    3.752763405918E+01    4.918761406953E+01    6.240255459118E+01
    6.422385153058E+00   -1.008295885995E+00    3.313105035221E-01    2.499858310334E+00    6.259865388695E+00    1.154402409759E+01    1.834356326480E+01    2.665627277773E+01    3.648138681555E+01    4.781858437597E+01    6.066771197598E+01
    6.512522776019E+00   -1.007642966681E+00    3.199973290578E-01    2.425370575644E+00    6.081099237459E+00    1.121965813864E+01    1.783211859717E+01    2.591622532206E+01    3.547119575428E+01    4.649670159920E+01    5.899258581302E+01
    6.603288535725E+00   -1.007046868243E+00    3.091595145745E-01    2.353548181445E+00    5.908546859645E+00    1.090646973202E+01    1.733823326895E+01    2.520153723418E+01    3.449558235104E+01    4.522003302260E+01    5.737472863356E+01
    6.694682432177E+00   -1.006502767807E+00    2.987738689588E-01    2.284280459505E+00    5.741953580833E+00    1.060400234513E+01    1.686119117720E+01    2.451117514701E+01    3.355313828608E+01    4.398673768694E+01    5.581180915288E+01
    6.786704465374E+00   -1.006006222967E+00    2.888184587150E-01    2.217461990734E+00    5.581076770639E+00    1.031182100541E+01    1.640031001399E+01    2.384415444254E+01    3.264252166163E+01    4.279506144692E+01    5.430160601102E+01
    6.879354635316E+00   -1.005553145333E+00    2.792725349619E-01    2.152992323525E+00    5.425685197199E+00    1.002951114575E+01    1.595493945718E+01    2.319953664242E+01    3.176245344694E+01    4.164333232505E+01    5.284200189011E+01
    6.972632942004E+00   -1.005139775306E+00    2.701164648191E-01    2.090775709092E+00    5.275558420397E+00    9.756677519048E+00    1.552445946952E+01    2.257642695480E+01    3.091171413608E+01    4.052995614364E+01    5.143097798369E+01
    7.066539385437E+00   -1.004762657857E+00    2.613316669422E-01    2.030720852714E+00    5.130486221313E+00    9.492943177477E+00    1.510827869900E+01    2.197397196708E+01    3.008914060440E+01    3.945341241629E+01    5.006660879470E+01
    7.161073965616E+00   -1.004418621119E+00    2.529005507190E-01    1.972740679180E+00    4.990268064745E+00    9.237948511280E+00    1.470583297286E+01    2.139135747411E+01    2.929362314982E+01    3.841225048132E+01    4.874705723979E+01
    7.256236682540E+00   -1.004104754627E+00    2.448064593364E-01    1.916752112650E+00    4.854712593996E+00    8.991350344775E+00    1.431658388079E+01    2.082780643456E+01    2.852410270845E+01    3.740508586255E+01    4.747057004145E+01
    7.352027536209E+00   -1.003818390250E+00    2.370336160745E-01    1.862675868869E+00    4.723637154496E+00    8.752821084340E+00    1.394001743997E+01    2.028257704565E+01    2.777956823171E+01    3.643059684146E+01    4.623547338787E+01
    7.448446526624E+00   -1.003557083555E+00    2.295670739283E-01    1.810436259735E+00    4.596867345368E+00    8.522047916116E+00    1.357564283772E+01    1.975496092975E+01    2.705905421561E+01    3.548752122819E+01    4.504016884442E+01
    7.545493653784E+00   -1.003318596752E+00    2.223926682026E-01    1.759961009010E+00    4.474236596623E+00    8.298732049670E+00    1.322299124639E+01    1.924428142498E+01    2.636163837197E+01    3.457465331787E+01    4.388312949995E+01
    7.643168917689E+00   -1.003100882247E+00    2.154969720079E-01    1.711181078759E+00    4.355585770757E+00    8.082588005104E+00    1.288161470607E+01    1.874989197384E+01    2.568643943291E+01    3.369084102128E+01    4.276289633365E+01
    7.741472318340E+00   -1.002902068500E+00    2.088672542966E-01    1.664030505281E+00    4.240762786485E+00    7.873342940153E+00    1.255108507031E+01    1.827117460272E+01    2.503261507949E+01    3.283498315781E+01    4.167807478753E+01
    7.840403855736E+00   -1.002720445413E+00    2.024914405726E-01    1.618446244817E+00    4.129622264327E+00    7.670736015873E+00    1.223099301199E+01    1.780753848788E+01    2.439935998788E+01    3.200602690178E+01    4.062733153308E+01
    7.939963529877E+00   -1.002554451874E+00    1.963580758312E-01    1.574368027548E+00    4.022025191617E+00    7.474517797424E+00    1.192094708433E+01    1.735841860138E+01    2.378590398457E+01    3.120296537151E+01    3.960939141861E+01
    8.040151340764E+00   -1.002402663252E+00    1.904562898099E-01    1.531738220063E+00    3.917838606570E+00    7.284449688656E+00    1.162057283478E+01    1.692327443281E+01    2.319151030480E+01    3.042483535316E+01    3.862303458719E+01
    8.140967288396E+00   -1.002263780864E+00    1.847757642129E-01    1.490501695132E+00    3.816935299446E+00    7.100303397562E+00    1.132951196743E+01    1.650158878145E+01    2.261547394699E+01    2.967071515010E+01    3.766709375368E+01
    8.242411372774E+00   -1.002136621048E+00    1.793067019971E-01    1.450605709024E+00    3.719193530638E+00    6.921860431664E+00    1.104742155211E+01    1.609286661531E+01    2.205712011826E+01    2.893972255125E+01    3.674045163219E+01
    8.344483593897E+00   -1.002020105919E+00    1.740397984055E-01    1.411999785290E+00    3.624496763855E+00    6.748911620644E+00    1.077397327631E+01    1.569663399233E+01    2.151580276464E+01    2.823101291012E+01    3.584203850394E+01
    8.447183951765E+00   -1.001913254548E+00    1.689662137475E-01    1.374635604970E+00    3.532733413953E+00    6.581256665075E+00    1.050885273802E+01    1.531243704032E+01    2.099090318127E+01    2.754377732850E+01    3.497082991739E+01
    8.550512446379E+00   -1.001815174789E+00    1.640775477924E-01    1.338466902761E+00    3.443796608414E+00    6.418703709554E+00    1.025175877668E+01    1.493984099207E+01    2.048182869782E+01    2.687724093831E+01    3.412584451282E+01
    8.654469077738E+00   -1.001725055570E+00    1.593658156885E-01    1.303449368814E+00    3.357583961725E+00    6.261068938852E+00    1.000240284030E+01    1.457842927237E+01    1.998801143459E+01    2.623066127583E+01    3.330614196381E+01
    8.759053845843E+00   -1.001642159893E+00    1.548234252901E-01    1.269540555761E+00    3.273997361770E+00    6.108176195602E+00    9.760508386231E+00    1.422780263377E+01    1.950890712497E+01    2.560332674279E+01    3.251082102862E+01
    8.864266750693E+00   -1.001565818830E+00    1.504431557870E-01    1.236699790574E+00    3.192942767453E+00    5.959856618137E+00    9.525810313651E+00    1.388757833804E+01    1.904399400031E+01    2.499455514890E+01    3.173901770489E+01
    8.970107792288E+00   -1.001495425129E+00    1.462181376474E-01    1.204888091312E+00    3.114330017304E+00    5.815948297775E+00    9.298054426345E+00    1.355738938122E+01    1.859277173398E+01    2.440369233173E+01    3.098990348207E+01
    9.076576970628E+00   -1.001430428301E+00    1.421418336638E-01    1.174068087997E+00    3.038072647823E+00    5.676295953758E+00    9.076996923310E+00    1.323688375898E+01    1.815476044047E+01    2.383011084865E+01    3.026268368520E+01
    9.183674285714E+00   -1.001370328725E+00    1.382080211911E-01    1.144203947965E+00    2.964087721773E+00    5.540750625639E+00    8.862403916472E+00    1.292572377076E+01    1.772949972729E+01    2.327320873754E+01    2.955659590566E+01
    9.291399737546E+00   -1.001314674341E+00    1.344107752850E-01    1.115261304582E+00    2.892295664718E+00    5.409169380918E+00    8.654050972649E+00    1.262358535935E+01    1.731654779518E+01    2.273240834096E+01    2.887090851245E+01
    9.399753326122E+00   -1.001263055309E+00    1.307444529539E-01    1.087207190201E+00    2.822620110751E+00    5.281415038559E+00    8.451722680003E+00    1.233015748528E+01    1.691548058568E+01    2.220715519189E+01    2.820491924124E+01
    9.508735051444E+00   -1.001215100773E+00    1.272036782184E-01    1.060009972154E+00    2.754987755612E+00    5.157355906135E+00    8.255212236121E+00    1.204514153283E+01    1.652589097178E+01    2.169691695598E+01    2.755795385506E+01
    9.618344913512E+00   -1.001170475281E+00    1.237833280666E-01    1.033639292169E+00    2.689328217523E+00    5.036865530596E+00    8.064321057348E+00    1.176825074638E+01    1.614738799005E+01    2.120118242797E+01    2.692936487359E+01
    9.728582912325E+00   -1.001128875178E+00    1.204785192254E-01    1.008066008920E+00    2.625573905178E+00    4.919822461796E+00    7.878858408044E+00    1.149920969565E+01    1.577959611189E+01    2.071946057913E+01    2.631853036697E+01
    9.839449047883E+00   -1.001090026201E+00    1.172845956411E-01    9.832621432857E-01    2.563659892152E+00    4.806110027662E+00    7.698641048236E+00    1.123775376750E+01    1.542215455117E+01    2.025127965242E+01    2.572485281012E+01
    9.950943320186E+00   -1.001053679976E+00    1.141971167331E-01    9.592008266194E-01    2.503523797986E+00    4.695616121071E+00    7.523492899399E+00    1.098362868366E+01    1.507471660705E+01    1.979618630346E+01    2.514775799498E+01
    1.006306572924E+01   -1.001019612772E+00    1.112118462187E-01    9.358562512060E-01    2.445105674679E+00    4.588232996741E+00    7.353244726248E+00    1.073659004192E+01    1.473694903892E+01    1.935374478370E+01    2.458669399631E+01
    1.017581627503E+01   -1.000987621989E+00    1.083247416776E-01    9.132036236472E-01    2.388347899475E+00    4.483857078962E+00    7.187733835122E+00    1.049640288081E+01    1.440853147316E+01    1.892353616490E+01    2.404113018959E+01
    1.028919495757E+01   -1.000957524873E+00    1.055319446118E-01    8.912191201598E-01    2.333195072426E+00    4.382388778213E+00    7.026803786602E+00    1.026284126519E+01    1.408915583850E+01    1.850515760122E+01    2.351055631673E+01
    1.040320177685E+01   -1.000929156137E+00    1.028297711132E-01    8.698798442957E-01    2.279593919313E+00    4.283732317155E+00    6.870304122643E+00    1.003568789249E+01    1.377852582949E+01    1.809822162786E+01    2.299448159798E+01
    1.051783673288E+01   -1.000902367092E+00    1.002147029981E-01    8.491637864867E-01    2.227493198986E+00    4.187795564743E+00    6.718090106605E+00    9.814733717818E+00    1.347635639575E+01    1.770235549361E+01    2.249243388679E+01
    1.063309982566E+01   -1.000877023214E+00    9.768337949709E-02    8.290497858439E-01    2.176843615632E+00    4.094489878884E+00    6.570022476434E+00    9.599777597770E+00    1.318237325648E+01    1.731720052621E+01    2.200395886615E+01
    1.074899105518E+01   -1.000853002871E+00    9.523258936277E-02    8.095174936191E-01    2.127597735040E+00    4.003729956410E+00    6.425967209453E+00    9.390625951113E+00    1.289631243818E+01    1.694241152812E+01    2.152861928350E+01
    1.086551042145E+01   -1.000830196765E+00    9.285926339227E-02    7.905473383209E-01    2.079709904758E+00    3.915433690101E+00    6.285795298282E+00    9.187092435607E+00    1.261791983432E+01    1.657765620102E+01    2.106599422211E+01
    1.098265792446E+01   -1.000808505851E+00    9.056046741337E-02    7.721204927592E-01    2.033136178457E+00    3.829522032994E+00    6.149382537943E+00    8.988997640752E+00    1.234695078658E+01    1.622261459842E+01    2.061567840778E+01
    1.110043356422E+01   -1.000787840850E+00    8.833339560226E-02    7.542188424097E-01    1.987834243558E+00    3.745918868746E+00    6.016609322659E+00    8.796168794687E+00    1.208316968552E+01    1.587697860374E+01    2.017728154803E+01
    1.121883734072E+01   -1.000768121093E+00    8.617536418805E-02    7.368249553892E-01    1.943763352457E+00    3.664550888333E+00    5.887360452475E+00    8.608439485181E+00    1.182634959033E+01    1.554045143328E+01    1.975042770278E+01
    1.133786925397E+01   -1.000749273996E+00    8.408380547991E-02    7.199220537552E-01    1.900884256874E+00    3.585347472414E+00    5.761524948834E+00    8.425649393578E+00    1.157627186636E+01    1.521274716243E+01    1.933475468435E+01
    1.145752930396E+01   -1.000731233429E+00    8.205626224990E-02    7.034939863154E-01    1.859159145540E+00    3.508240579508E+00    5.638995879093E+00    8.247644041532E+00    1.133272583991E+01    1.489359027441E+01    1.892991348600E+01
    1.157781749070E+01   -1.000713940147E+00    8.009038235790E-02    6.875252024096E-01    1.818551584364E+00    3.433164638873E+00    5.519670188689E+00    8.074274548969E+00    1.109550846848E+01    1.458271522936E+01    1.853556773637E+01
    1.169873381418E+01   -1.000697340372E+00    7.818391371768E-02    6.720007271733E-01    1.779026459778E+00    3.360056448843E+00    5.403448541579E+00    7.905397403787E+00    1.086442402690E+01    1.427986605398E+01    1.815139317977E+01
    1.182027827441E+01   -1.000681385424E+00    7.633469950072E-02    6.569061377953E-01    1.740549924503E+00    3.288855079588E+00    5.290235167775E+00    7.740874241900E+00    1.063928380760E+01    1.398479594973E+01    1.777707718014E+01
    1.194245087139E+01   -1.000666031141E+00    7.454067360036E-02    6.422275408923E-01    1.703089345842E+00    3.219501780421E+00    5.179937717940E+00    7.580571637421E+00    1.041990583467E+01    1.369726691917E+01    1.741231824773E+01
    1.206525160511E+01   -1.000651237490E+00    7.279985633087E-02    6.279515508949E-01    1.666613256328E+00    3.151939891290E+00    5.072467124582E+00    7.424360902392E+00    1.020611459097E+01    1.341704940915E+01    1.705682558744E+01
    1.218868047557E+01   -1.000636968534E+00    7.111035034359E-02    6.140652693684E-01    1.631091306543E+00    3.086114758225E+00    4.967737469464E+00    7.272117895507E+00    9.997740757464E+00    1.314392197018E+01    1.671031866743E+01
    1.231273748279E+01   -1.000623191126E+00    6.947033678598E-02    6.005562654259E-01    1.596494220332E+00    3.021973652908E+00    4.865665857336E+00    7.123722839821E+00    9.794620964766E+00    1.287767093155E+01    1.637252680764E+01
    1.243742262674E+01   -1.000609875499E+00    6.787807161696E-02    5.874125567877E-01    1.562793751674E+00    2.959465695435E+00    4.766172294886E+00    6.979060148161E+00    9.596597555250E+00    1.261809009048E+01    1.604318878625E+01
    1.256273590744E+01   -1.000596994352E+00    6.633188214641E-02    5.746225918688E-01    1.529962643778E+00    2.898541780883E+00    4.669179575465E+00    6.838018256738E+00    9.403518356263E+00    1.236498041559E+01    1.572205246412E+01
    1.268867732489E+01   -1.000584522729E+00    6.483016373506E-02    5.621752325665E-01    1.497974589855E+00    2.839154508973E+00    4.574613168770E+00    6.700489465962E+00    9.215236463201E+00    1.211814976338E+01    1.540887442580E+01
    1.281524687908E+01   -1.000572438192E+00    6.337137665859E-02    5.500597377795E-01    1.466804195593E+00    2.781258116802E+00    4.482401115348E+00    6.566369788246E+00    9.031610032119E+00    1.187741260712E+01    1.510341963624E+01
    1.294244457002E+01   -1.000560720004E+00    6.195404315068E-02    5.382657477603E-01    1.436426943456E+00    2.724808414750E+00    4.392473925978E+00    6.435558802753E+00    8.852502081726E+00    1.164258977805E+01    1.480546111294E+01
    1.307027039770E+01   -1.000549349005E+00    6.057674458192E-02    5.267832690739E-01    1.406819158441E+00    2.669762725060E+00    4.304764485317E+00    6.307959516351E+00    8.677780303897E+00    1.141350821760E+01    1.451477961232E+01
    1.319872436213E+01   -1.000538308055E+00    5.923811877190E-02    5.156026601562E-01    1.377957975232E+00    2.616079822990E+00    4.219207959624E+00    6.183478230499E+00    8.507316882301E+00    1.119000074041E+01    1.423116332955E+01
    1.332780646331E+01   -1.000527581145E+00    5.793685745972E-02    5.047146176341E-01    1.349821307021E+00    2.563719880800E+00    4.135741708797E+00    6.062024414237E+00    8.340988319247E+00    1.097190580789E+01    1.395440761180E+01
    1.345751670123E+01   -1.000517153481E+00    5.667170388369E-02    4.941101631356E-01    1.322387815506E+00    2.512644413959E+00    4.054305201992E+00    5.943510582434E+00    8.178675269760E+00    1.075906731133E+01    1.368431468360E+01
    1.358785507589E+01   -1.000507011369E+00    5.544145048492E-02    4.837806306864E-01    1.295636882221E+00    2.462816229724E+00    3.974839936930E+00    5.827852179319E+00    8.020262382850E+00    1.055133436445E+01    1.342069338408E+01
    1.371882158730E+01   -1.000497142342E+00    5.424493672097E-02    4.737176546227E-01    1.269548581064E+00    2.414199377870E+00    3.897289362597E+00    5.714967466949E+00    7.865638149517E+00    1.034856110467E+01    1.316335891537E+01
    1.385041623546E+01   -1.000487534985E+00    5.308104699227E-02    4.639131580475E-01    1.244103652039E+00    2.366759103581E+00    3.821598805319E+00    5.604777418496E+00    7.714694757298E+00    1.015060650299E+01    1.291213260181E+01
    1.398263902036E+01   -1.000478178385E+00    5.194870867536E-02    4.543593418074E-01    1.219283476176E+00    2.320461802420E+00    3.747715398037E+00    5.497205616140E+00    7.567327951074E+00    9.957334181956E+00    1.266684165944E+01
    1.411548994200E+01   -1.000469062334E+00    5.084689024075E-02    4.450486738658E-01    1.195070051391E+00    2.275274977053E+00    3.675588012428E+00    5.392178153111E+00    7.423436899566E+00    9.768612241218E+00    1.242731897502E+01
    1.424896900040E+01   -1.000460177638E+00    4.977459946136E-02    4.359738791154E-01    1.171445969357E+00    2.231167195786E+00    3.605167193846E+00    5.289623539822E+00    7.282924067425E+00    9.584313090287E+00    1.219340289434E+01
    1.438307619553E+01   -1.000451515566E+00    4.873088171936E-02    4.271279296894E-01    1.148394393462E+00    2.188108052984E+00    3.536405099169E+00    5.189472614110E+00    7.145695092863E+00    9.404313288546E+00    1.196493701953E+01
    1.451781152742E+01   -1.000443067888E+00    4.771481838658E-02    4.185040356256E-01    1.125899037605E+00    2.146068131043E+00    3.469255437110E+00    5.091658455094E+00    7.011658670229E+00    9.228493391757E+00    1.174177001472E+01
    1.465317499604E+01   -1.000434826928E+00    4.672552528174E-02    4.100956359153E-01    1.103944145866E+00    2.105018963935E+00    3.403673411007E+00    4.996116300590E+00    6.880726437468E+00    9.056737804927E+00    1.152375541965E+01
    1.478916660142E+01   -1.000426785450E+00    4.576215120395E-02    4.018963899370E-01    1.082514473044E+00    2.064933002287E+00    3.339615663997E+00    4.902783467978E+00    6.752812868238E+00    8.888934641275E+00    1.131075147116E+01
    1.492578634353E+01   -1.000418936589E+00    4.482387653491E-02    3.939001692362E-01    1.061595265985E+00    2.025783579891E+00    3.277040226444E+00    4.811599278299E+00    6.627835168453E+00    8.724975586973E+00    1.110262093177E+01
    1.506303422240E+01   -1.000411274295E+00    4.390991190135E-02    3.861010496057E-01    1.041172245608E+00    1.987544881493E+00    3.215906465413E+00    4.722504983355E+00    6.505713176945E+00    8.564755771305E+00    1.089923092539E+01
    1.520091023801E+01   -1.000403791958E+00    4.301949692083E-02    3.784933036196E-01    1.021231589895E+00    1.950191912206E+00    3.156175036542E+00    4.635443696138E+00    6.386369270540E+00    8.408173642494E+00    1.070045277991E+01
    1.533941439036E+01   -1.000396484037E+00    4.215189897241E-02    3.710713932541E-01    1.001759917195E+00    1.913700467657E+00    3.097807837309E+00    4.550360323478E+00    6.269728272362E+00    8.255130847913E+00    1.050616187559E+01
    1.547854667946E+01   -1.000389345141E+00    4.130641205321E-02    3.638299629902E-01    9.827442705113E-01    1.878047105769E+00    3.040767962658E+00    4.467201501915E+00    6.155717364351E+00    8.105532119662E+00    1.031623750016E+01
    1.561830710531E+01   -1.000382370048E+00    4.048235567715E-02    3.567638331253E-01    9.641721023147E-01    1.843209119515E+00    2.985019662221E+00    4.385915535957E+00    6.044266003103E+00    7.959285164544E+00    1.013056270941E+01
    1.575869566790E+01   -1.000375553846E+00    3.967907382366E-02    3.498679933474E-01    9.460312599404E-01    1.809164510747E+00    2.930528299247E+00    4.306452338776E+00    5.935305839046E+00    7.816300558403E+00    9.949024193422E+00
    1.589971236723E+01   -1.000368891478E+00    3.889593393996E-02    3.431375966021E-01    9.283099716384E-01    1.775891965157E+00    2.877260311257E+00    4.228763375390E+00    5.828770638948E+00    7.676491644785E+00    9.771512148188E+00
    1.604135720332E+01   -1.000362378934E+00    3.813232597390E-02    3.365679531033E-01    9.109968329898E-01    1.743370827990E+00    2.825183171981E+00    4.152801607779E+00    5.724596211173E+00    7.539774437288E+00    9.597920152005E+00
    1.618363017614E+01   -1.000356011697E+00    3.738766147621E-02    3.301545247507E-01    8.940807941685E-01    1.711581081116E+00    2.774265355266E+00    4.078521442670E+00    5.622720334416E+00    7.406067526294E+00    9.428145047282E+00
    1.632653128571E+01   -1.000349785235E+00    3.666137272398E-02    3.238929196397E-01    8.775511474698E-01    1.680503320704E+00    2.724476300048E+00    4.005878681006E+00    5.523082688836E+00    7.275291988969E+00    9.262086826568E+00
    1.647006053203E+01   -1.000343696257E+00    3.595291187804E-02    3.177788867493E-01    8.613975152516E-01    1.650118735670E+00    2.675786376582E+00    3.934830469253E+00    5.425624789747E+00    7.147371302625E+00    9.099648522897E+00
    1.661421791509E+01   -1.000337740676E+00    3.526175020604E-02    3.118083110254E-01    8.456098386943E-01    1.620409087420E+00    2.628166854517E+00    3.865335253179E+00    5.330289924498E+00    7.022231262091E+00    8.940736105029E+00
    1.675900343490E+01   -1.000331914597E+00    3.458737731426E-02    3.059772084836E-01    8.301783666741E-01    1.591356689962E+00    2.581589871720E+00    3.797352732904E+00    5.237023091238E+00    6.899799899703E+00    8.785258376176E+00
    1.690441709146E+01   -1.000326214549E+00    3.392930042038E-02    3.002817215472E-01    8.150936451470E-01    1.562944390890E+00    2.536028404425E+00    3.730843819806E+00    5.145770940186E+00    6.780007408524E+00    8.633126876762E+00
    1.705045888476E+01   -1.000320637341E+00    3.328704366139E-02    2.947181145869E-01    8.003465069804E-01    1.535155553152E+00    2.491456238601E+00    3.665770595158E+00    5.056481717225E+00    6.662786068588E+00    8.484255791004E+00
    1.719712881480E+01   -1.000315179664E+00    3.266014743380E-02    2.892827696463E-01    7.859280621965E-01    1.507974037549E+00    2.447847942433E+00    3.602096270383E+00    4.969105209698E+00    6.548070176006E+00    8.338561857105E+00
    1.734442688159E+01   -1.000309838436E+00    3.204816775701E-02    2.839721822924E-01    7.718296885141E-01    1.481384185804E+00    2.405178839764E+00    3.539785148704E+00    4.883592694131E+00    6.435795974636E+00    8.195964280727E+00
    1.749235308513E+01   -1.000304610354E+00    3.145067567029E-02    2.787829576663E-01    7.580430223250E-01    1.455370804371E+00    2.363424984639E+00    3.478802588373E+00    4.799896886090E+00    6.325901590490E+00    8.056384651893E+00
    1.764090742541E+01   -1.000299492720E+00    3.086725664706E-02    2.737118066229E-01    7.445599498915E-01    1.429919148707E+00    2.322563136644E+00    3.419114967090E+00    4.717971891698E+00    6.218326968388E+00    7.919746864794E+00
    1.779008990243E+01   -1.000294482493E+00    3.029751004660E-02    2.687555421035E-01    7.313725990396E-01    1.405014908348E+00    2.282570737421E+00    3.360689648042E+00    4.637773161293E+00    6.113013811313E+00    7.785977040933E+00
    1.793990051620E+01   -1.000289576930E+00    2.974104857863E-02    2.639110755708E-01    7.184733310172E-01    1.380644192350E+00    2.243425887839E+00    3.303494946963E+00    4.559257444539E+00    6.009905521748E+00    7.655003454858E+00
    1.809033926672E+01   -1.000284773479E+00    2.919749779599E-02    2.591754136149E-01    7.058547327241E-01    1.356793515370E+00    2.205107326121E+00    3.247500100539E+00    4.482382747349E+00    5.908947145343E+00    7.526756462803E+00
    1.824140615398E+01   -1.000280069593E+00    2.866649560914E-02    2.545456546903E-01    6.935096092367E-01    1.333449784271E+00    2.167594406798E+00    3.192675236006E+00    4.407108290411E+00    5.810085316680E+00    7.401168433987E+00
    1.839310117799E+01   -1.000275462528E+00    2.814769182141E-02    2.500189859761E-01    6.814309766095E-01    1.310600285219E+00    2.130867080444E+00    3.138991341865E+00    4.333394469260E+00    5.713268207046E+00    7.278173684457E+00
    1.854542433874E+01   -1.000270950328E+00    2.764074767686E-02    2.455926803042E-01    6.696120548419E-01    1.288232671131E+00    2.094905873993E+00    3.086420239505E+00    4.261202815624E+00    5.618445473939E+00    7.157708413168E+00
    1.869837563624E+01   -1.000266530268E+00    2.714533544207E-02    2.412640933090E-01    6.580462613153E-01    1.266334949865E+00    2.059691872130E+00    3.034934556246E+00    4.190495960594E+00    5.525568212837E+00    7.039710640836E+00
    1.885195507048E+01   -1.000262199969E+00    2.666113798975E-02    2.370306605717E-01    6.467272042477E-01    1.244895472542E+00    2.025206698994E+00    2.984507698970E+00    4.121237598719E+00    5.434588910299E+00    6.924120150577E+00
    1.900616264147E+01   -1.000257957578E+00    2.618784840562E-02    2.328898949123E-01    6.356486764659E-01    1.223902922399E+00    1.991432500683E+00    2.935113828853E+00    4.053392453560E+00    5.345461398920E+00    6.810878430858E+00
    1.916099834921E+01   -1.000253800672E+00    2.572516961797E-02    2.288393838288E-01    6.248046495021E-01    1.203346304189E+00    1.958351928555E+00    2.886727837194E+00    3.986926244677E+00    5.258140814128E+00    6.699928620731E+00
    1.931646219369E+01   -1.000249727404E+00    2.527281403094E-02    2.248767869468E-01    6.141892677294E-01    1.183214933717E+00    1.925948122841E+00    2.839325321802E+00    3.921805655482E+00    5.172583552181E+00    6.591215456675E+00
    1.947255417491E+01   -1.000245735565E+00    2.483050318344E-02    2.209998336400E-01    6.037968428659E-01    1.163498427978E+00    1.894204697119E+00    2.792882564518E+00    3.857998302544E+00    5.088747229999E+00    6.484685221683E+00
    1.962927429288E+01   -1.000241823144E+00    2.439796741457E-02    2.172063206836E-01    5.936218485649E-01    1.144186695486E+00    1.863105723151E+00    2.747376509344E+00    3.795472705790E+00    5.006590646210E+00    6.380285695942E+00
    1.978662254760E+01   -1.000237988549E+00    2.397494554444E-02    2.134941100066E-01    5.836589152233E-01    1.125269926994E+00    1.832635716308E+00    2.702784741391E+00    3.734198259802E+00    4.926073743630E+00    6.277966109309E+00
    1.994459893906E+01   -1.000234229670E+00    2.356118457338E-02    2.098611265657E-01    5.739028250559E-01    1.106738586649E+00    1.802779621652E+00    2.659085466739E+00    3.674145206315E+00    4.847157573255E+00    6.177677095678E+00
    2.010320346726E+01   -1.000230544938E+00    2.315643938401E-02    2.063053562284E-01    5.643485072042E-01    1.088583403272E+00    1.773522800272E+00    2.616257492740E+00    3.615284607393E+00    4.769804259229E+00    6.079370648630E+00
    2.026243613222E+01   -1.000226932422E+00    2.276047246410E-02    2.028248437987E-01    5.549910331527E-01    1.070795362130E+00    1.744851016336E+00    2.574280209272E+00    3.557588319837E+00    4.693976965338E+00    5.983000078967E+00
    2.042229693391E+01   -1.000223390158E+00    2.237305363516E-02    1.994176910729E-01    5.458256122221E-01    1.053365696878E+00    1.716750424448E+00    2.533133570497E+00    3.501028970310E+00    4.619639862490E+00    5.888519973534E+00
    2.058278587236E+01   -1.000219917005E+00    2.199395978976E-02    1.960820549506E-01    5.368475871869E-01    1.036285881744E+00    1.689207557397E+00    2.492798077187E+00    3.445579931270E+00    4.546758097275E+00    5.795886155412E+00
    2.074390294754E+01   -1.000216511374E+00    2.162297464800E-02    1.928161456794E-01    5.280524301846E-01    1.019547624176E+00    1.662209314571E+00    2.453254759938E+00    3.391215298025E+00    4.475297761912E+00    5.705055645815E+00
    2.090564815948E+01   -1.000213171101E+00    2.125988851881E-02    1.896182251255E-01    5.194357386891E-01    1.003142857636E+00    1.635742950638E+00    2.414485162817E+00    3.337909866436E+00    4.405225865078E+00    5.615986627130E+00
    2.106802150816E+01   -1.000209895201E+00    2.090449806337E-02    1.864866050519E-01    5.109932315107E-01    9.870637344795E-01    1.609796064423E+00    2.376471327352E+00    3.285639111129E+00    4.336510303484E+00    5.528638406970E+00
    2.123102299358E+01   -1.000206681799E+00    2.055660608257E-02    1.834196455697E-01    5.027207451663E-01    9.713026194240E-01    1.584356588576E+00    2.339195777535E+00    3.234379164979E+00    4.269119834964E+00    5.442971384017E+00
    2.139465261575E+01   -1.000203529985E+00    2.021602129797E-02    1.804157535310E-01    4.946142301390E-01    9.558520828883E-01    1.559412779179E+00    2.302641504868E+00    3.184106798771E+00    4.203024051941E+00    5.358947014470E+00
    2.155891037466E+01   -1.000200437769E+00    1.988255815555E-02    1.774733810889E-01    4.866697474953E-01    9.407048949027E-01    1.534953206119E+00    2.266791954385E+00    3.134799402070E+00    4.138193356340E+00    5.276527780198E+00
    2.172379627032E+01   -1.000197404327E+00    1.955603662156E-02    1.745910241893E-01    4.788834653677E-01    9.258540188598E-01    1.510966743341E+00    2.231631010643E+00    3.086434964187E+00    4.074598934764E+00    5.195677157369E+00
    2.188931030273E+01   -1.000194428037E+00    1.923628200127E-02    1.717672212305E-01    4.712516557994E-01    9.112926058308E-01    1.487442559867E+00    2.197142984685E+00    3.038992056333E+00    4.012212735091E+00    5.116359586737E+00
    2.205545247188E+01   -1.000191507707E+00    1.892312475337E-02    1.690005516840E-01    4.637706915134E-01    8.970139888090E-01    1.464370110791E+00    2.163312601068E+00    2.992449813962E+00    3.951007443423E+00    5.038540444484E+00
    2.222222277778E+01   -1.000188642082E+00    1.861640031756E-02    1.662896348093E-01    4.564370428884E-01    8.830116772890E-01    1.441739128757E+00    2.130124985533E+00    2.946787919940E+00    3.890956462052E+00    4.962186014286E+00
    2.238962122042E+01   -1.000185829577E+00    1.831594894761E-02    1.636331284067E-01    4.492472750217E-01    8.692793520075E-01    1.419539615692E+00    2.097565653055E+00    2.901986588233E+00    3.832033888121E+00    4.887263460280E+00
    2.255764779981E+01   -1.000183069468E+00    1.802161554643E-02    1.610297275781E-01    4.421980448146E-01    8.558108597481E-01    1.397761834681E+00    2.065620496136E+00    2.858026547981E+00    3.774214492825E+00    4.813740800743E+00
    2.272630251594E+01   -1.000180360632E+00    1.773324951489E-02    1.584781635905E-01    4.352860982836E-01    8.426002085076E-01    1.376396302345E+00    2.034275773756E+00    2.814889028383E+00    3.717473701607E+00    4.741586882973E+00
    2.289558536882E+01   -1.000177701430E+00    1.745070460252E-02    1.559772027495E-01    4.285082678987E-01    8.296415627330E-01    1.355433781362E+00    2.003518100570E+00    2.772555743955E+00    3.661787574871E+00    4.670771358848E+00
    2.306549635844E+01   -1.000175091205E+00    1.717383875949E-02    1.535256452766E-01    4.218614699325E-01    8.169292385989E-01    1.334865273092E+00    1.973334436277E+00    2.731008880084E+00    3.607132789129E+00    4.601264660987E+00
    2.323603548481E+01   -1.000172528923E+00    1.690251400207E-02    1.511223242885E-01    4.153427020368E-01    8.044576996497E-01    1.314682010694E+00    1.943712075664E+00    2.690231079389E+00    3.553486619126E+00    4.533037980064E+00
    2.340720274792E+01   -1.000170013209E+00    1.663659627920E-02    1.487661047806E-01    4.089490408301E-01    7.922215524821E-01    1.294875452363E+00    1.914638638805E+00    2.650205428371E+00    3.500826920375E+00    4.466063242688E+00
    2.357899814778E+01   -1.000167543357E+00    1.637595534123E-02    1.464558826234E-01    4.026776395190E-01    7.802155425009E-01    1.275437274676E+00    1.886102061502E+00    2.610915444389E+00    3.449132112152E+00    4.400313089880E+00
    2.375142168439E+01   -1.000165117790E+00    1.612046462048E-02    1.441905836486E-01    3.965257257157E-01    7.684345499915E-01    1.256359366406E+00    1.858090586284E+00    2.572345063344E+00    3.398381161341E+00    4.335760856572E+00
    2.392447335774E+01   -1.000162736386E+00    1.587000110598E-02    1.419691626846E-01    3.904905991509E-01    7.568735860531E-01    1.237633822179E+00    1.830592753317E+00    2.534478627340E+00    3.348553566359E+00    4.272380551300E+00
    2.409815316783E+01   -1.000160397495E+00    1.562444523635E-02    1.397906027332E-01    3.845696296982E-01    7.455277890248E-01    1.219252936806E+00    1.803597392130E+00    2.497300873318E+00    3.299629342209E+00    4.210146837191E+00
    2.427246111467E+01   -1.000158100665E+00    1.538368078219E-02    1.376539140599E-01    3.787602552105E-01    7.343924206433E-01    1.201209199307E+00    1.777093613053E+00    2.460796921447E+00    3.251589005364E+00    4.149035012877E+00
    2.444739719826E+01   -1.000155844712E+00    1.514759474438E-02    1.355581334058E-01    3.730599796295E-01    7.234628626327E-01    1.183495287520E+00    1.751070799379E+00    2.424952264378E+00    3.204413559664E+00    4.089020994587E+00
    2.462296141859E+01   -1.000153629119E+00    1.491607724777E-02    1.335023231627E-01    3.674663710117E-01    7.127346131856E-01    1.166104062604E+00    1.725518599455E+00    2.389752756496E+00    3.158084482287E+00    4.030081298402E+00
    2.479915377567E+01   -1.000151452566E+00    1.468902144554E-02    1.314855706279E-01    3.619770597398E-01    7.022032837400E-01    1.149028563956E+00    1.700426919303E+00    2.355184603814E+00    3.112583710496E+00    3.972193023429E+00
    2.497597426949E+01   -1.000149314269E+00    1.446632342053E-02    1.295069872339E-01    3.565897366742E-01    6.918645956829E-01    1.132262004059E+00    1.675785915207E+00    2.321234353890E+00    3.067893628481E+00    3.915333835168E+00
    2.515342290006E+01   -1.000147213785E+00    1.424788209359E-02    1.275657078312E-01    3.513021514275E-01    6.817143772531E-01    1.115797763620E+00    1.651585986684E+00    2.287888886236E+00    3.023997054808E+00    3.859481949595E+00
    2.533149966737E+01   -1.000145150290E+00    1.403359913623E-02    1.256608900031E-01    3.461121107127E-01    6.717485605742E-01    1.099629386897E+00    1.627817769716E+00    2.255135403066E+00    2.980877230298E+00    3.804616117800E+00
    2.551020457143E+01   -1.000143122612E+00    1.382337888474E-02    1.237917133903E-01    3.410174767145E-01    6.619631787329E-01    1.083750577121E+00    1.604472130136E+00    2.222961420274E+00    2.938517806223E+00    3.750715611023E+00
    2.568953761223E+01   -1.000141130324E+00    1.361712825507E-02    1.219573790198E-01    3.360161654713E-01    6.523543628886E-01    1.068155191972E+00    1.581540157115E+00    2.191354758574E+00    2.896902832750E+00    3.697760206042E+00
    2.586949878978E+01   -1.000139172474E+00    1.341475666571E-02    1.201571086961E-01    3.311061453982E-01    6.429183396113E-01    1.052837239384E+00    1.559013157078E+00    2.160303535167E+00    2.856016747998E+00    3.645730171280E+00
    2.605008810408E+01   -1.000137248746E+00    1.321617595819E-02    1.183901443709E-01    3.262854357651E-01    6.336514281614E-01    1.037790873296E+00    1.536882647578E+00    2.129796155416E+00    2.815844367184E+00    3.594606253074E+00
    2.623130555512E+01   -1.000135357955E+00    1.302130032567E-02    1.166557475772E-01    3.215521053197E-01    6.245500380046E-01    1.023010389726E+00    1.515140351606E+00    2.099821305045E+00    2.776370872377E+00    3.544369662665E+00
    2.641315114290E+01   -1.000133499660E+00    1.283004623795E-02    1.149531988323E-01    3.169042708415E-01    6.156106662303E-01    1.008490222744E+00    1.493778191803E+00    2.070367942275E+00    2.737581802248E+00    3.495002063247E+00
    2.659562486743E+01   -1.000131672937E+00    1.264233237444E-02    1.132817971039E-01    3.123400958413E-01    6.068298952060E-01    9.942249407788E-01    1.472788285088E+00    2.041425290477E+00    2.699463042435E+00    3.446485557725E+00
    2.677872672871E+01   -1.000129877564E+00    1.245807955503E-02    1.116408592578E-01    3.078577892173E-01    5.982043901725E-01    9.802092428544E-01    1.452162937259E+00    2.012982830821E+00    2.662000815947E+00    3.398802676589E+00
    2.696245672673E+01   -1.000128112620E+00    1.227721067795E-02    1.100297195602E-01    3.034556040404E-01    5.897308970507E-01    9.664379551336E-01    1.431894637964E+00    1.985030295392E+00    2.625181674126E+00    3.351936366430E+00
    2.714681486150E+01   -1.000126377610E+00    1.209965065519E-02    1.084477291607E-01    2.991318362921E-01    5.814062401825E-01    9.529060273863E-01    1.411976055620E+00    1.957557660281E+00    2.588992487639E+00    3.305869978550E+00
    2.733180113301E+01   -1.000124671927E+00    1.192532635315E-02    1.068942556142E-01    2.948848236965E-01    5.732273202260E-01    9.396085296811E-01    1.392400032628E+00    1.930555139038E+00    2.553420437899E+00    3.260587258078E+00
    2.751741554127E+01   -1.000122995056E+00    1.175416653396E-02    1.053686824094E-01    2.907129445638E-01    5.651911120784E-01    9.265406491272E-01    1.373159580664E+00    1.904013176262E+00    2.518453008677E+00    3.216072333353E+00
    2.770365808627E+01   -1.000121345873E+00    1.158610180016E-02    1.038704085220E-01    2.866146166963E-01    5.572946629025E-01    9.136976867708E-01    1.354247876188E+00    1.877922441455E+00    2.484077978056E+00    3.172309705704E+00
    2.789052876802E+01   -1.000119724538E+00    1.142106453727E-02    1.023988479506E-01    2.825882962501E-01    5.495350900919E-01    9.010750544237E-01    1.335658255892E+00    1.852273822843E+00    2.450283410377E+00    3.129284239293E+00
    2.807802758651E+01   -1.000118130291E+00    1.125898886463E-02    1.009534293189E-01    2.786324767541E-01    5.419095794899E-01    8.886682718422E-01    1.317384212587E+00    1.827058421731E+00    2.417057648816E+00    3.086981151659E+00
    2.826615454175E+01   -1.000116562450E+00    1.109981058285E-02    9.953359544906E-02    2.747456880623E-01    5.344153835102E-01    8.764729637913E-01    1.299419390982E+00    1.802267546756E+00    2.384389307879E+00    3.045386004232E+00
    2.845490963373E+01   -1.000115020261E+00    1.094346712486E-02    9.813880296410E-02    2.709264953724E-01    5.270498193684E-01    8.644848572665E-01    1.281757583663E+00    1.777892708405E+00    2.352267266234E+00    3.004484693242E+00
    2.864429286246E+01   -1.000113503483E+00    1.078989750740E-02    9.676852189315E-02    2.671734982529E-01    5.198102673321E-01    8.526997787554E-01    1.264392727152E+00    1.753925613638E+00    2.320680659679E+00    2.964263440825E+00
    2.883430422794E+01   -1.000112012110E+00    1.063904228551E-02    9.542223529988E-02    2.634853297243E-01    5.126941690631E-01    8.411136516313E-01    1.247318898131E+00    1.730358160743E+00    2.289618874409E+00    2.924708786483E+00
    2.902494373016E+01   -1.000110544781E+00    1.049084351018E-02    9.409943893693E-02    2.598606554020E-01    5.056990260633E-01    8.297224937001E-01    1.230530309880E+00    1.707182434441E+00    2.259071540585E+00    2.885807578905E+00
    2.921621136912E+01   -1.000109101396E+00    1.034524468155E-02    9.279964086301E-02    2.562981725510E-01    4.988223979844E-01    8.185224145731E-01    1.214021308519E+00    1.684390700803E+00    2.229028525727E+00    2.847546967645E+00
    2.940810714484E+01   -1.000107681635E+00    1.020219070941E-02    9.152236111896E-02    2.527966092800E-01    4.920619011651E-01    8.075096133564E-01    1.197786369647E+00    1.661975402647E+00    2.199479928662E+00    2.809914395426E+00
    2.960063105729E+01   -1.000106285162E+00    1.006162787252E-02    9.026713139409E-02    2.493547237133E-01    4.854152071374E-01    7.966803763096E-01    1.181820094966E+00    1.639929154921E+00    2.170416073499E+00    2.772897590505E+00
    2.979378310649E+01   -1.000104910742E+00    9.923503780739E-03    8.903349471459E-02    2.459713032145E-01    4.788800412214E-01    7.860310746312E-01    1.166117209065E+00    1.618244740322E+00    2.141827503867E+00    2.736484559362E+00
    2.998756329244E+01   -1.000103558830E+00    9.787767333941E-03    8.782100510534E-02    2.426451635473E-01    4.724541810205E-01    7.755581621216E-01    1.150672556087E+00    1.596915104766E+00    2.113704977041E+00    2.700663579295E+00
    3.018197161513E+01   -1.000102228338E+00    9.654368689527E-03    8.662922732218E-02    2.393751482045E-01    4.661354551940E-01    7.652581732267E-01    1.135481096852E+00    1.575933353431E+00    2.086039458710E+00    2.665423191739E+00
    3.037700807457E+01   -1.000100919511E+00    9.523259223519E-03    8.545773653019E-02    2.361601276075E-01    4.599217420234E-01    7.551277208126E-01    1.120537905685E+00    1.555292746462E+00    2.058822117400E+00    2.630752195248E+00
    3.057267267076E+01   -1.000099631149E+00    9.394391499570E-03    8.430611804797E-02    2.329989984648E-01    4.538109682390E-01    7.451634943010E-01    1.105838167686E+00    1.534986695212E+00    2.032044319515E+00    2.596639639158E+00
    3.076896540368E+01   -1.000098363662E+00    9.267719232222E-03    8.317396704276E-02    2.298906830114E-01    4.478011076577E-01    7.353622575551E-01    1.091377175715E+00    1.515008758167E+00    2.005697624051E+00    2.563074816948E+00
    3.096588627336E+01   -1.000097116276E+00    9.143197258019E-03    8.206088829124E-02    2.268341284073E-01    4.418901800811E-01    7.257208471277E-01    1.077150327826E+00    1.495352637409E+00    1.979773777927E+00    2.530047260271E+00
    3.116343527978E+01   -1.000095888155E+00    9.020781503027E-03    8.096649590958E-02    2.238283060609E-01    4.360762500767E-01    7.162361703565E-01    1.063153124532E+00    1.476012174901E+00    1.954264711138E+00    2.497546732832E+00
    3.136161242294E+01   -1.000094679998E+00    8.900428950998E-03    7.989041308872E-02    2.208722109658E-01    4.303574257802E-01    7.069052034964E-01    1.049381166122E+00    1.456981348843E+00    1.929162532018E+00    2.465563224407E+00
    3.156041770285E+01   -1.000093490463E+00    8.782097618029E-03    7.883227188335E-02    2.179648611668E-01    4.247318579161E-01    6.977249901531E-01    1.035830150363E+00    1.438254270494E+00    1.904459523018E+00    2.434086945445E+00
    3.175985111951E+01   -1.000092319548E+00    8.665746520592E-03    7.779171294536E-02    2.151052970921E-01    4.191977385974E-01    6.886926394255E-01    1.022495869850E+00    1.419825180600E+00    1.880148136092E+00    2.403108321264E+00
    3.195991267291E+01   -1.000091166694E+00    8.551335650159E-03    7.676838531192E-02    2.122925810170E-01    4.137533003476E-01    6.798053243543E-01    1.009374209746E+00    1.401688446286E+00    1.856220988595E+00    2.372617986831E+00
    3.216060236306E+01   -1.000090032328E+00    8.438825945043E-03    7.576194617008E-02    2.095257964713E-01    4.083968150287E-01    6.710602802501E-01    9.964611453848E-01    1.383838557802E+00    1.832670859055E+00    2.342606781416E+00
    3.236192018995E+01   -1.000088915427E+00    8.328179267078E-03    7.477206066164E-02    2.068040477448E-01    4.031265929358E-01    6.624548032544E-01    9.837527401670E-01    1.366270125627E+00    1.809490683339E+00    2.313065743713E+00
    3.256386615359E+01   -1.000087815461E+00    8.219358374667E-03    7.379840165730E-02    2.041264593171E-01    3.979409817683E-01    6.539862487368E-01    9.712451432639E-01    1.348977877356E+00    1.786673550621E+00    2.283986106746E+00
    3.276644025397E+01   -1.000086732612E+00    8.112326898439E-03    7.284064955231E-02    2.014921753404E-01    3.928383656894E-01    6.456520298188E-01    9.589345874880E-01    1.331956654800E+00    1.764212699575E+00    2.255359293054E+00
    3.296964249110E+01   -1.000085666611E+00    8.007049318876E-03    7.189849207861E-02    1.989003591626E-01    3.878171644554E-01    6.374496159983E-01    9.468173872951E-01    1.315201411247E+00    1.742101514788E+00    2.227176910123E+00
    3.317347286497E+01   -1.000084616754E+00    7.903490943505E-03    7.097162411309E-02    1.963501928407E-01    3.828758325310E-01    6.293765317602E-01    9.348899367776E-01    1.298707208721E+00    1.720333523166E+00    2.199430745839E+00
    3.337793137559E+01   -1.000083582711E+00    7.801617884082E-03    7.005974748542E-02    1.938408766530E-01    3.780128582039E-01    6.214303551893E-01    9.231487076697E-01    1.282469215274E+00    1.698902390404E+00    2.172112764020E+00
    3.358301802295E+01   -1.000082564707E+00    7.701397035061E-03    6.916257079661E-02    1.913716286377E-01    3.732267627445E-01    6.136087166514E-01    9.115902474420E-01    1.266482702385E+00    1.677801917588E+00    2.145215100112E+00
    3.378873280706E+01   -1.000081561980E+00    7.602796054170E-03    6.827980925512E-02    1.889416841752E-01    3.685160996405E-01    6.059092975807E-01    9.002111775387E-01    1.250743042541E+00    1.657026038002E+00    2.118730057126E+00
    3.399507572792E+01   -1.000080574826E+00    7.505783340505E-03    6.741118449180E-02    1.865502955169E-01    3.638794537442E-01    5.983298291519E-01    8.890081914753E-01    1.235245706663E+00    1.636568813792E+00    2.092650101433E+00
    3.420204678552E+01   -1.000079602410E+00    7.410328016827E-03    6.655642441032E-02    1.841967314028E-01    3.593154405691E-01    5.908680911616E-01    8.779780532067E-01    1.219986261854E+00    1.616424432995E+00    2.066967858972E+00
    3.440964597986E+01   -1.000078644309E+00    7.316399909306E-03    6.571526301557E-02    1.818802766242E-01    3.548227054955E-01    5.835219107884E-01    8.671175953478E-01    1.204960368992E+00    1.596587206400E+00    2.041676111292E+00
    3.461787331095E+01   -1.000077700885E+00    7.223969528847E-03    6.488744025560E-02    1.796002316195E-01    3.503999230341E-01    5.762891614357E-01    8.564237175049E-01    1.190163780454E+00    1.577051564581E+00    2.016767791795E+00
    3.482672877879E+01   -1.000076771096E+00    7.133008054966E-03    6.407270188476E-02    1.773559121227E-01    3.460457961790E-01    5.691677617042E-01    8.458933847754E-01    1.175592338049E+00    1.557812055164E+00    1.992235982247E+00
    3.503621238337E+01   -1.000075855636E+00    7.043487315991E-03    6.327079929575E-02    1.751466487350E-01    3.417590556312E-01    5.621556741858E-01    8.355236260286E-01    1.161241970702E+00    1.538863339833E+00    1.968073909020E+00
    3.524632412470E+01   -1.000074953743E+00    6.955379774721E-03    6.248148939756E-02    1.729717866104E-01    3.375384592168E-01    5.552509045324E-01    8.253115325382E-01    1.147108692560E+00    1.520200191816E+00    1.944274939869E+00
    3.545706400277E+01   -1.000074065014E+00    6.868658510674E-03    6.170453446473E-02    1.708306850689E-01    3.333827911848E-01    5.484515003605E-01    8.152542564123E-01    1.133188600866E+00    1.501817493121E+00    1.920832580450E+00
    3.566843201759E+01   -1.000073189905E+00    6.783297203888E-03    6.093970199928E-02    1.687227172427E-01    3.292908615589E-01    5.417555502331E-01    8.053490091268E-01    1.119477873962E+00    1.483710231934E+00    1.897740471029E+00
    3.588042816915E+01   -1.000072326987E+00    6.699270121496E-03    6.018676461640E-02    1.666472697806E-01    3.252615055920E-01    5.351611827892E-01    7.955930602490E-01    1.105972769526E+00    1.465873500278E+00    1.874992383480E+00
    3.609305245746E+01   -1.000071477341E+00    6.616552099654E-03    5.944549989030E-02    1.646037424532E-01    3.212935830505E-01    5.286665656363E-01    7.859837358678E-01    1.092669622464E+00    1.448302491305E+00    1.852582217906E+00
    3.630630488251E+01   -1.000070640083E+00    6.535118532152E-03    5.871569025704E-02    1.625915479004E-01    3.173859777439E-01    5.222699045912E-01    7.765184174667E-01    1.079564843341E+00    1.430992497189E+00    1.830503999921E+00
    3.652018544431E+01   -1.000069814725E+00    6.454945354662E-03    5.799712287984E-02    1.606101112852E-01    3.135375968943E-01    5.159694426964E-01    7.671945405192E-01    1.066654916479E+00    1.413938906671E+00    1.808751877561E+00
    3.673469414286E+01   -1.000069001529E+00    6.376009030802E-03    5.728958953015E-02    1.586588699869E-01    3.097473705730E-01    5.097634593353E-01    7.580095932126E-01    1.053936398222E+00    1.397137202787E+00    1.787320118405E+00
    3.694983097815E+01   -1.000068199856E+00    6.298286539935E-03    5.659288648298E-02    1.567372733296E-01    3.060142512008E-01    5.036502694380E-01    7.489611152900E-01    1.041405915342E+00    1.380582960768E+00    1.766203106904E+00
    3.716559595018E+01   -1.000067410319E+00    6.221755362821E-03    5.590681439435E-02    1.548447822663E-01    3.023372129703E-01    4.976282225799E-01    7.400466967613E-01    1.029060163297E+00    1.364271845779E+00    1.745395341532E+00
    3.738198905896E+01   -1.000066631883E+00    6.146393470921E-03    5.523117820917E-02    1.529808691394E-01    2.987152514017E-01    4.916957022707E-01    7.312639768595E-01    1.016895904787E+00    1.348199611004E+00    1.724891432332E+00
    3.759901030449E+01   -1.000065864949E+00    6.072179312217E-03    5.456578704003E-02    1.511450173676E-01    2.951473827718E-01    4.858511250663E-01    7.226106427749E-01    1.004909968049E+00    1.332362095445E+00    1.704686098154E+00
    3.781665968676E+01   -1.000065108609E+00    5.999091801037E-03    5.391045407967E-02    1.493367212182E-01    2.916326436910E-01    4.800929398924E-01    7.140844286626E-01    9.930992454820E-01    1.316755222095E+00    1.684774164320E+00
    3.803493720578E+01   -1.000064363430E+00    5.927110304857E-03    5.326499648762E-02    1.475554855133E-01    2.881700905673E-01    4.744196272089E-01    7.056831144507E-01    9.814606920437E-01    1.301374995867E+00    1.665150560019E+00
    3.825384286154E+01   -1.000063628575E+00    5.856214634786E-03    5.262923530836E-02    1.458008254171E-01    2.847587992092E-01    4.688296983743E-01    6.974045249060E-01    9.699913239543E-01    1.286217501874E+00    1.645810316098E+00
    3.847337665405E+01   -1.000062904337E+00    5.786385033183E-03    5.200299536485E-02    1.440722661590E-01    2.813978643208E-01    4.633216948582E-01    6.892465285100E-01    9.586882171800E-01    1.271278903462E+00    1.626748562605E+00
    3.869353858330E+01   -1.000062190419E+00    5.717602164050E-03    5.138610517588E-02    1.423693428185E-01    2.780863991018E-01    4.578941876042E-01    6.812070365291E-01    9.475485061546E-01    1.256555440530E+00    1.607960526624E+00
    3.891432864930E+01   -1.000061486748E+00    5.649847102268E-03    5.077839686309E-02    1.406916000834E-01    2.748235348031E-01    4.525457763320E-01    6.732840020103E-01    9.365693824143E-01    1.242043427741E+00    1.589441530040E+00
    3.913574685204E+01   -1.000060792758E+00    5.583101323963E-03    5.017970606820E-02    1.390385920335E-01    2.716084203267E-01    4.472750889042E-01    6.654754188631E-01    9.257480933400E-01    1.227739252880E+00    1.571186987428E+00
    3.935779319153E+01   -1.000060108319E+00    5.517346696250E-03    4.958987186439E-02    1.374098819098E-01    2.684402218014E-01    4.420807806588E-01    6.577793208988E-01    9.150819408541E-01    1.213639375151E+00    1.553192403919E+00
    3.958046766777E+01   -1.000059433857E+00    5.452565467726E-03    4.900873667421E-02    1.358050419005E-01    2.653181221870E-01    4.369615337850E-01    6.501937809289E-01    9.045682801898E-01    1.199740323569E+00    1.535453373152E+00
    3.980377028075E+01   -1.000058768637E+00    5.388740260126E-03    4.843614619748E-02    1.342236529519E-01    2.622413209228E-01    4.319160567642E-01    6.427169099497E-01    8.942045187694E-01    1.186038695480E+00    1.517965575392E+00
    4.002770103047E+01   -1.000058112695E+00    5.325854058340E-03    4.787194932520E-02    1.326653045438E-01    2.592090335155E-01    4.269430837233E-01    6.353468562167E-01    8.839881149528E-01    1.172531154934E+00    1.500724775482E+00
    4.025225991694E+01   -1.000057465805E+00    5.263890202263E-03    4.731599806871E-02    1.311295945041E-01    2.562204911942E-01    4.220413738883E-01    6.280818044487E-01    8.739165769461E-01    1.159214431256E+00    1.483726821021E+00
    4.047744694016E+01   -1.000056828027E+00    5.202832377982E-03    4.676814748377E-02    1.296161288100E-01    2.532749405435E-01    4.172097110053E-01    6.209199749952E-01    8.639874616683E-01    1.146085317564E+00    1.466967640489E+00
    4.070326210012E+01   -1.000056199630E+00    5.142664609610E-03    4.622825559959E-02    1.281245214018E-01    2.503716431587E-01    4.124469027960E-01    6.138596230474E-01    8.541983736749E-01    1.133140669357E+00    1.450443241462E+00
    4.092970539683E+01   -1.000055579074E+00    5.083371252153E-03    4.569618335708E-02    1.266543940207E-01    2.475098753436E-01    4.077517804750E-01    6.068990379331E-01    8.445469641855E-01    1.120377403235E+00    1.434149708971E+00
    4.115677683028E+01   -1.000054967094E+00    5.024936981791E-03    4.517179452467E-02    1.252053759891E-01    2.446889277062E-01    4.031231981212E-01    6.000365422238E-01    8.350309298873E-01    1.107792495355E+00    1.418083203578E+00
    4.138447640047E+01   -1.000054363886E+00    4.967346789591E-03    4.465495564372E-02    1.237771040659E-01    2.419081048895E-01    3.985600322438E-01    5.932704910966E-01    8.256480120492E-01    1.095382980259E+00    1.402239959866E+00
    4.161280410742E+01   -1.000053769181E+00    4.910585974063E-03    4.414553596378E-02    1.223692222769E-01    2.391667252553E-01    3.940611812846E-01    5.865992716139E-01    8.163959955405E-01    1.083145949586E+00    1.386616284809E+00
    4.184175995111E+01   -1.000053181613E+00    4.854640134178E-03    4.364340738210E-02    1.209813817554E-01    2.364641205887E-01    3.896255651479E-01    5.800213020428E-01    8.072727078987E-01    1.071078550851E+00    1.371208556223E+00
    4.207134393154E+01   -1.000052602896E+00    4.799495160561E-03    4.314844436714E-02    1.196132405419E-01    2.337996357293E-01    3.852521246268E-01    5.735350310393E-01    7.982760182379E-01    1.059177986042E+00    1.356013221012E+00
    4.230155604872E+01   -1.000052032037E+00    4.745137231147E-03    4.266052392062E-02    1.182644634826E-01    2.311726283785E-01    3.809398210850E-01    5.671389371682E-01    7.894038365649E-01    1.047441510688E+00    1.341026793954E+00
    4.253239630264E+01   -1.000051468628E+00    4.691552803121E-03    4.217952550746E-02    1.169347220458E-01    2.285824687601E-01    3.766876359277E-01    5.608315281494E-01    7.806541127668E-01    1.035866432560E+00    1.326245856066E+00
    4.276386469331E+01   -1.000050913019E+00    4.638728606351E-03    4.170533099878E-02    1.156236941714E-01    2.260285393408E-01    3.724945701591E-01    5.546113402181E-01    7.720248357397E-01    1.024450110525E+00    1.311667053164E+00
    4.299596122073E+01   -1.000050364504E+00    4.586651637831E-03    4.123782462324E-02    1.143310641424E-01    2.235102345901E-01    3.683596439976E-01    5.484769375625E-01    7.635140326129E-01    1.013189953524E+00    1.297287094551E+00
    4.322868588489E+01   -1.000049823617E+00    4.535309154620E-03    4.077689290575E-02    1.130565224230E-01    2.210269606803E-01    3.642818964068E-01    5.424269116526E-01    7.551197678431E-01    1.002083419400E+00    1.283102751545E+00
    4.346203868579E+01   -1.000049290076E+00    4.484688668655E-03    4.032242462219E-02    1.117997655390E-01    2.185781352624E-01    3.602603847354E-01    5.364598807123E-01    7.468401424857E-01    9.911280139330E-01    1.269110856245E+00
    4.369601962344E+01   -1.000048763473E+00    4.434777940656E-03    3.987431074617E-02    1.105604959370E-01    2.161631872043E-01    3.562941843035E-01    5.305744891242E-01    7.386732933849E-01    9.803212897841E-01    1.255308300198E+00
    4.393062869784E+01   -1.000048243830E+00    4.385564974230E-03    3.943244439763E-02    1.093384218486E-01    2.137815563376E-01    3.523823880036E-01    5.247694068524E-01    7.306173923901E-01    9.696608454721E-01    1.241692033101E+00
    4.416586590898E+01   -1.000047730832E+00    4.337038010610E-03    3.899672079699E-02    1.081332571685E-01    2.114326932309E-01    3.485241059384E-01    5.190433289176E-01    7.226706456350E-01    9.591443244281E-01    1.228259061606E+00
    4.440173125687E+01   -1.000047225380E+00    4.289185522722E-03    3.856703721325E-02    1.069447213180E-01    2.091160589346E-01    3.447184650197E-01    5.133949748197E-01    7.148312927571E-01    9.487694139810E-01    1.215006448035E+00
    4.463822474150E+01   -1.000046725763E+00    4.241996211293E-03    3.814329293002E-02    1.057725391535E-01    2.068311248089E-01    3.409646086887E-01    5.078230881235E-01    7.070976063161E-01    9.385338445783E-01    1.201931309375E+00
    4.487534636288E+01   -1.000046233737E+00    4.195458997566E-03    3.772538918180E-02    1.046164407990E-01    2.045773722145E-01    3.372616964357E-01    5.023264357792E-01    6.994678908920E-01    9.284353886351E-01    1.189030815854E+00
    4.511309612100E+01   -1.000045747742E+00    4.149563020717E-03    3.731322913139E-02    1.034761615851E-01    2.023542923937E-01    3.336089036001E-01    4.969038078151E-01    6.919404826386E-01    9.184718599177E-01    1.176302190118E+00
    4.535147401587E+01   -1.000045267346E+00    4.104297631380E-03    3.690671781334E-02    1.023514418992E-01    2.001613861943E-01    3.300054209397E-01    4.915540167262E-01    6.845137484668E-01    9.086411124968E-01    1.163742705936E+00
    4.559048004749E+01   -1.000044794008E+00    4.059652386739E-03    3.650576209092E-02    1.012420270716E-01    1.979981638562E-01    3.264504542927E-01    4.862758969856E-01    6.771860853800E-01    8.989410398801E-01    1.151349687098E+00
    4.583011421585E+01   -1.000044326919E+00    4.015617047261E-03    3.611027062741E-02    1.001476672984E-01    1.958641448650E-01    3.229432243387E-01    4.810683046893E-01    6.699559199744E-01    8.893695743406E-01    1.139120506543E+00
    4.607037652095E+01   -1.000043865823E+00    3.972181571261E-03    3.572015383867E-02    9.906811751562E-02    1.937588577182E-01    3.194829662321E-01    4.759301170312E-01    6.628217077333E-01    8.799246860055E-01    1.127052585222E+00
    4.631126696280E+01   -1.000043410209E+00    3.929336110747E-03    3.533532385665E-02    9.800313730237E-02    1.916818397430E-01    3.160689293115E-01    4.708602318810E-01    6.557819324477E-01    8.706043820950E-01    1.115143391126E+00
    4.655278554140E+01   -1.000042960917E+00    3.887071006673E-03    3.495569448777E-02    9.695249076992E-02    1.896326368899E-01    3.127003767730E-01    4.658575673144E-01    6.488351055810E-01    8.614067060976E-01    1.103390438251E+00
    4.679493225674E+01   -1.000042517752E+00    3.845376785507E-03    3.458118118277E-02    9.591594648112E-02    1.876108035797E-01    3.093765854249E-01    4.609210612528E-01    6.419797657684E-01    8.523297371048E-01    1.091791285743E+00
    4.703770710882E+01   -1.000042079838E+00    3.804244155007E-03    3.421170099977E-02    9.489327735201E-02    1.856159025201E-01    3.060968453959E-01    4.560496710402E-01    6.352144782420E-01    8.433715890617E-01    1.080343536948E+00
    4.728111009766E+01   -1.000041647561E+00    3.763663999700E-03    3.384717256449E-02    9.388426054602E-02    1.836475045075E-01    3.028604598226E-01    4.512423729961E-01    6.285378342262E-01    8.345304099825E-01    1.069044838428E+00
    4.752514122323E+01   -1.000041220924E+00    3.723627377495E-03    3.348751604055E-02    9.288867739445E-02    1.817051882773E-01    2.996667446092E-01    4.464981620634E-01    6.219484504515E-01    8.258043813081E-01    1.057892879141E+00
    4.776980048556E+01   -1.000040799614E+00    3.684125515881E-03    3.313265309608E-02    9.190631330727E-02    1.797885403363E-01    2.965150281615E-01    4.418160514221E-01    6.154449686282E-01    8.171917172183E-01    1.046885389567E+00
    4.801508788462E+01   -1.000040383588E+00    3.645149808075E-03    3.278250686981E-02    9.093695768282E-02    1.778971547937E-01    2.934046511175E-01    4.371950721012E-01    6.090260549182E-01    8.086906639428E-01    1.036020140839E+00
    4.826100342044E+01   -1.000039973243E+00    3.606691809388E-03    3.243700193928E-02    8.998040382259E-02    1.760306332007E-01    2.903349660932E-01    4.326342726102E-01    6.026903994322E-01    8.002994991032E-01    1.025294943910E+00
    4.850754709300E+01   -1.000039567810E+00    3.568743234164E-03    3.209606429372E-02    8.903644885881E-02    1.741885844137E-01    2.873053374628E-01    4.281327186171E-01    5.964367157860E-01    7.920165311276E-01    1.014707648802E+00
    4.875471890230E+01   -1.000039167573E+00    3.531295951734E-03    3.175962129865E-02    8.810489365976E-02    1.723706244175E-01    2.843151410793E-01    4.236894925480E-01    5.902637405601E-01    7.838400985510E-01    1.004256143732E+00
    4.900251884835E+01   -1.000038772631E+00    3.494341983450E-03    3.142760166965E-02    8.718554275963E-02    1.705763761927E-01    2.813637640617E-01    4.193036932759E-01    5.841702328708E-01    7.757685694501E-01    9.939383543887E-01
    4.925094693114E+01   -1.000038382418E+00    3.457873499520E-03    3.109993544459E-02    8.627820428396E-02    1.688054695748E-01    2.784506045710E-01    4.149744357953E-01    5.781549739256E-01    7.678003408593E-01    9.837522431898E-01
    4.950000315068E+01   -1.000037997267E+00    3.421882815441E-03    3.077655395217E-02    8.538268986562E-02    1.670575410973E-01    2.755750715606E-01    4.107008508624E-01    5.722167665358E-01    7.599338381388E-01    9.736958084894E-01
    4.974968750697E+01   -1.000037616203E+00    3.386362389462E-03    3.045738978961E-02    8.449881458476E-02    1.653322338771E-01    2.727365845923E-01    4.064820847250E-01    5.663544347418E-01    7.521675144770E-01    9.637670839370E-01
    5.000000000000E+01   -1.000037240229E+00    3.351304818719E-03    3.014237678858E-02    8.362639687779E-02    1.636291974449E-01    2.699345735679E-01    4.023172987388E-01    5.605668232979E-01    7.444998502269E-01    9.539641376506E-01
