#       5     400
  1.00000000000000E-06 -2.42301428724784E+00  3.46410161513811E+12  1.38564064605522E+13  3.11769145362404E+13  5.54256258422059E+13
  1.25314280701754E-01 -5.94608991664716E+00  2.14645774739699E+02  8.76421368708174E+02  1.97938069198894E+03  3.52352374458203E+03
  2.50627561403509E-01 -5.79003493159477E+00  4.93583713123903E+01  2.14803590044213E+02  4.90545621263902E+02  8.76584464971489E+02
  3.75940842105263E-01 -5.54749728966683E+00  1.89629706828575E+01  9.24943746012145E+01  2.15046714463283E+02  3.86619990272564E+02
  5.01254122807018E-01 -5.24061112065822E+00  8.54654544539706E+00  4.99080151807128E+01  1.18843798009057E+02  2.15353894030704E+02
  6.26567403508772E-01 -4.89364142510274E+00  3.93014573077663E+00  3.04015078239934E+01  7.45204437106448E+01  1.36286954661294E+02
  7.51880684210526E-01 -4.52919033479130E+00  1.59844213143984E+00  1.99813451967340E+01  5.06195091822394E+01  9.35129435489425E+01
  8.77193964912281E-01 -4.16576655100377E+00  3.36164972089311E-01  1.38419928094851E+01  3.63516625510764E+01  6.78652225009210E+01
  1.00250724561404E+00 -3.81683990025901E+00 -3.70064566407240E-01  9.97040327782419E+00  2.72043383164420E+01  5.13319264950609E+01
  1.12782052631579E+00 -3.49103327238078E+00 -7.67707353075679E-01  7.40274403041742E+00  2.10195837596330E+01  4.00833870234284E+01
  1.25313380701754E+00 -3.19295305851088E+00 -9.87193160839556E-01  5.63139240115424E+00  1.66608012135167E+01  3.21025292823374E+01
  1.37844708771930E+00 -2.92423039808285E+00 -1.10158129263352E+00  4.36945610968355E+00  1.34841956912764E+01  2.62460206060808E+01
  1.50376036842105E+00 -2.68450088508840E+00 -1.15353245888760E+00  3.44583287677815E+00  1.11038808480051E+01  2.18274358490826E+01
  1.62907364912281E+00 -2.47219601080656E+00 -1.16867791880342E+00  2.75407592012996E+00  9.27784001810674E+00  1.84151390459720E+01
  1.75438692982456E+00 -2.28511872420674E+00 -1.16271890587893E+00  2.22565448453990E+00  7.84852942691859E+00  1.57271481544461E+01
  1.87970021052632E+00 -2.12082766643923E+00 -1.14539099293649E+00  1.81515778223304E+00  6.71012823933757E+00  1.35732295499666E+01
  2.00501349122807E+00 -1.97687356686142E+00 -1.12275943563335E+00  1.49172502406351E+00  5.78961447636704E+00  1.18214589964316E+01
  2.13032677192982E+00 -1.85093158897517E+00 -1.09858405997278E+00  1.23389345769236E+00  5.03539373285809E+00  1.03781271241531E+01
  2.25564005263158E+00 -1.74086569882293E+00 -1.07514836596790E+00  1.02640532248441E+00  4.41023623151490E+00  9.17524693991415E+00
  2.38095333333333E+00 -1.64475156215932E+00 -1.05377339641789E+00  8.58178929248511E-01  3.88676335462144E+00  8.16255603657290E+00
  2.50626661403509E+00 -1.56087594886907E+00 -1.03514365139003E+00  7.20993332132846E-01  3.44449107177670E+00  7.30226302036573E+00
  2.63157989473684E+00 -1.48772407578018E+00 -1.01951999670456E+00  6.08622228264838E-01  3.06785040671852E+00  6.56551706465638E+00
  2.75689317543860E+00 -1.42396173592404E+00 -1.00688395855443E+00  5.16256952114269E-01  2.74483587880091E+00  5.92998655264812E+00
  2.88220645614035E+00 -1.36841606381343E+00 -9.97039386466412E-01  4.40118506635625E-01  2.46606620044388E+00  5.37816751257450E+00
  3.00751973684211E+00 -1.32005693159787E+00 -9.89686251906863E-01  3.77194214976706E-01  2.22412079573895E+00  4.89618189450307E+00
  3.13283301754386E+00 -1.27797988272212E+00 -9.84474709108358E-01  3.25056510929786E-01  2.01306405277596E+00  4.47291060975735E+00
  3.25814629824561E+00 -1.24139090669624E+00 -9.81043938985300E-01  2.81735532787659E-01  1.82809937431119E+00  4.09935915047904E+00
  3.38345957894737E+00 -1.20959304812109E+00 -9.79048638398186E-01  2.45626739279410E-01  1.66531427770959E+00  3.76818726547102E+00
  3.50877285964912E+00 -1.18197470091549E+00 -9.78175443795762E-01  2.15421383271596E-01  1.52149022717094E+00  3.47335599265926E+00
  3.63408614035088E+00 -1.15799938846358E+00 -9.78151446840950E-01  1.90052223635523E-01  1.39395907074722E+00  3.20985974452503E+00
  3.75939942105263E+00 -1.13719682694236E+00 -9.78746876991515E-01  1.68649855327951E-01  1.28049343175554E+00  2.97352079033196E+00
  3.88471270175439E+00 -1.11915508707401E+00 -9.79773830899548E-01  1.50506899980505E-01  1.17922211860376E+00  2.76083003921053E+00
  4.01002598245614E+00 -1.10351369535343E+00 -9.81082615003418E-01  1.35048375324131E-01  1.08856416871060E+00  2.56882254991444E+00
  4.13533926315790E+00 -1.08995754191529E+00 -9.82556896486474E-01  1.21807140995181E-01  1.00717691656093E+00  2.39497934988996E+00
  4.26065254385965E+00 -1.07821148600416E+00 -9.84108497709490E-01  1.10403614275547E-01  9.33914723210791E-01  2.23714937614279E+00
  4.38596582456140E+00 -1.06803556998725E+00 -9.85672363841131E-01  1.00529102036278E-01  8.67795890595192E-01  2.09348694338966E+00
  4.51127910526316E+00 -1.05922076860312E+00 -9.87201999516085E-01  9.19321849291803E-02  8.07975919618222E-01  1.96240129530801E+00
  4.63659238596491E+00 -1.05158521302258E+00 -9.88665508221719E-01  8.44076565650944E-02  7.53725730625046E-01  1.84251563313078E+00
  4.76190566666667E+00 -1.04497083834536E+00 -9.90042262348808E-01  7.77875807201618E-02  7.04413800739027E-01  1.73263363368311E+00
  4.88721894736842E+00 -1.03924041065849E+00 -9.91320171501588E-01  7.19340877857628E-02  6.59491419297338E-01  1.63171192748372E+00
  5.01253222807018E+00 -1.03427489510959E+00 -9.92493485432165E-01  6.67335876470267E-02  6.18480445836561E-01  1.53883735140547E+00
  5.13784550877193E+00 -1.02997113051021E+00 -9.93561055997835E-01  6.20921282396585E-02  5.80963092040172E-01  1.45320805019501E+00
  5.26315878947369E+00 -1.02623977938947E+00 -9.94524982451762E-01  5.79316758363679E-02  5.46573352213393E-01  1.37411769889546E+00
  5.38847207017544E+00 -1.02300352521586E+00 -9.95389570318437E-01  5.41871339331936E-02  5.14989785261638E-01  1.30094226995716E+00
  5.51378535087719E+00 -1.02019549053356E+00 -9.96160541943866E-01  5.08039523813535E-02  4.85929411376624E-01  1.23312888626874E+00
  5.63909863157895E+00 -1.01775785234145E+00 -9.96844447060291E-01  4.77362073665388E-02  4.59142532947518E-01  1.17018639236131E+00
  5.76441191228070E+00 -1.01564063269877E+00 -9.97448229922091E-01  4.49450567066552E-02  4.34408325577720E-01  1.11167734766876E+00
  5.88972519298246E+00 -1.01380064449662E+00 -9.97978917747495E-01  4.23974942938381E-02  4.11531073558919E-01  1.05721120198597E+00
  6.01503847368421E+00 -1.01220057437405E+00 -9.98443402606616E-01  4.00653430991522E-02  3.90336946710894E-01  1.00643845780568E+00
  6.14035175438597E+00 -1.01080818602258E+00 -9.98848293738536E-01  3.79244386579898E-02  3.70671233688461E-01  9.59045659965799E-01
  6.26566503508772E+00 -1.00959562944991E+00 -9.99199823480088E-01  3.59539648624827E-02  3.52395961253559E-01  9.14751081275504E-01
  6.39097831578947E+00 -1.00853884251369E+00 -9.99503792173067E-01  3.41359118072124E-02  3.35387841010584E-01  8.73300996044410E-01
  6.51629159649123E+00 -1.00761703333965E+00 -9.99765542287096E-01  3.24546316429182E-02  3.19536494551008E-01  8.34466451698783E-01
  6.64160487719298E+00 -1.00681223270614E+00 -9.99989952655374E-01  3.08964733617381E-02  3.04742916045768E-01  7.98040464065495E-01
  6.76691815789474E+00 -1.00610890768856E+00 -1.00018144767804E+00  2.94494813057342E-02  2.90918137659872E-01  7.63835573907126E-01
  6.89223143859649E+00 -1.00549362792414E+00 -1.00034401571019E+00  2.81031453043237E-02  2.77982068761973E-01  7.31681712723679E-01
  7.01754471929825E+00 -1.00495477782726E+00 -1.00048123400525E+00  2.68481927561977E-02  2.65862484227815E-01  7.01424333855740E-01
  7.14285800000000E+00 -1.00448230826100E+00 -1.00059629701077E+00  2.56764149184927E-02  2.54494141011922E-01  6.72922772006124E-01
  7.26817128070176E+00 -1.00406752248177E+00 -1.00069204655718E+00  2.45805211826700E-02  2.43818005221940E-01  6.46048799846761E-01
  7.39348456140351E+00 -1.00370289147257E+00 -1.00077100217983E+00  2.35540163367089E-02  2.33780574626142E-01  6.20685355220942E-01
  7.51879784210526E+00 -1.00338189482617E+00 -1.00083539107938E+00  2.25910967712957E-02  2.24333283687253E-01  5.96725416299676E-01
  7.64411112280702E+00 -1.00309888349590E+00 -1.00088717673949E+00  2.16865623619016E-02  2.15431980138358E-01  5.74071005455842E-01
  7.76942440350877E+00 -1.00284896140487E+00 -1.00092808584788E+00  2.08357413697058E-02  2.07036463670967E-01  5.52632305348193E-01
  7.89473768421053E+00 -1.00262788338863E+00 -1.00095963347300E+00  2.00344261941046E-02  1.99110078639754E-01  5.32326873038555E-01
  8.02005096491228E+00 -1.00243196718901E+00 -1.00098314633223E+00  1.92788182071102E-02  1.91619353840346E-01  5.13078939970554E-01
  8.14536424561403E+00 -1.00225801735165E+00 -1.00099978372235E+00  1.85654802188677E-02  1.84533683395084E-01  4.94818787340747E-01
  8.27067752631579E+00 -1.00210325978591E+00 -1.00101055701734E+00  1.78912953716173E-02  1.77825043547551E-01  4.77482187701529E-01
  8.39599080701754E+00 -1.00196528503694E+00 -1.00101634679296E+00  1.72534314803057E-02  1.71467740954947E-01  4.61009905019034E-01
  8.52130408771930E+00 -1.00184199943895E+00 -1.00101791850378E+00  1.66493099938008E-02  1.65438188583308E-01  4.45347246276941E-01
  8.64661736842105E+00 -1.00173158282632E+00 -1.00101593632011E+00  1.60765788974078E-02  1.59714705883614E-01  4.30443658721854E-01
  8.77193064912281E+00 -1.00163245211752E+00 -1.00101097572035E+00  1.55330889837626E-02  1.54277340326452E-01  4.16252367523378E-01
  8.89724392982456E+00 -1.00154322961689E+00 -1.00100353423711E+00  1.50168730175184E-02  1.49107707795302E-01  4.02730049367310E-01
  9.02255721052632E+00 -1.00146271584241E+00 -1.00099404146339E+00  1.45261273870645E-02  1.44188849602917E-01  3.89836537936672E-01
  9.14787049122807E+00 -1.00138986586942E+00 -1.00098286758840E+00  1.40591959077792E-02  1.39505104239741E-01  3.77534557856404E-01
  9.27318377192982E+00 -1.00132376886788E+00 -1.00097033094365E+00  1.36145554872580E-02  1.35041992162071E-01  3.65789484008276E-01
  9.39849705263158E+00 -1.00126363043924E+00 -1.00095670474561E+00  1.31908034082557E-02  1.30786112148242E-01  3.54569123512144E-01
  9.52381033333333E+00 -1.00120875732172E+00 -1.00094222302038E+00  1.27866460212276E-02  1.26725047937218E-01  3.43843517998223E-01
  9.64912361403509E+00 -1.00115854407875E+00 -1.00092708567391E+00  1.24008886687812E-02  1.22847284021125E-01  3.33584764072151E-01
  9.77443689473684E+00 -1.00111246161278E+00 -1.00091146303015E+00  1.20324266882805E-02  1.19142129588613E-01  3.23766850092688E-01
  9.89975017543860E+00 -1.00107004723603E+00 -1.00089549985515E+00  1.16802373613478E-02  1.15599649744442E-01  3.14365507613914E-01
  1.00250634561403E+01 -1.00103089594057E+00 -1.00087931863002E+00  1.13433726977905E-02  1.12210603237940E-01  3.05358076038001E-01
  1.01503767368421E+01 -1.00099465302789E+00 -1.00086302281144E+00  1.10209529533829E-02  1.08966386001027E-01  2.96723379137551E-01
  1.02756900175439E+01 -1.00096100749571E+00 -1.00084669923488E+00  1.07121607992957E-02  1.05858979911201E-01  2.88441612329328E-01
  1.04010032982456E+01 -1.00092968642396E+00 -1.00083042045967E+00  1.04162360666795E-02  1.02880906226464E-01  2.80494239623083E-01
  1.05263165789474E+01 -1.00090045008452E+00 -1.00081424677581E+00  1.01324710027313E-02  1.00025183223982E-01  2.72863899334523E-01
  1.06516298596491E+01 -1.00087308769971E+00 -1.00079822795856E+00  9.86020598163528E-03  9.72852876189503E-02  2.65534317730648E-01
  1.07769431403509E+01 -1.00084741372680E+00 -1.00078240473035E+00  9.59882562105219E-03  9.46551193889116E-02  2.58490229867001E-01
  1.09022564210526E+01 -1.00082326459686E+00 -1.00076680996392E+00  9.34775526066711E-03  9.21289696683705E-02  2.51717306949663E-01
  1.10275697017544E+01 -1.00080049602538E+00 -1.00075147001597E+00  9.10645776369745E-03  8.97014914089873E-02  2.45202089609791E-01
  1.11528829824561E+01 -1.00077898047948E+00 -1.00073640549353E+00  8.87443060930537E-03  8.73676725508696E-02  2.38931926580859E-01
  1.12781962631579E+01 -1.00075860517237E+00 -1.00072163231178E+00  8.65120324432334E-03  8.51228114524620E-02  2.32894918262092E-01
  1.14035095438596E+01 -1.00073927004907E+00 -1.00070716207094E+00  8.43633466986882E-03  8.29624943809859E-02  2.27079864767867E-01
  1.15288228245614E+01 -1.00072088643870E+00 -1.00069300319043E+00  8.22941123678622E-03  8.08825748508608E-02  2.21476218019822E-01
  1.16541361052632E+01 -1.00070337541262E+00 -1.00067916095431E+00  8.03004463255585E-03  7.88791546654655E-02  2.16074037589969E-01
  1.17794493859649E+01 -1.00068666672647E+00 -1.00066563829116E+00  7.83787003806413E-03  7.69485664817768E-02  2.10863949912066E-01
  1.19047626666667E+01 -1.00067069770327E+00 -1.00065243605720E+00  7.65254443964825E-03  7.50873577769371E-02  2.05837110612228E-01
  1.20300759473684E+01 -1.00065541228754E+00 -1.00063955333585E+00  7.47374508125809E-03  7.32922760843169E-02  2.00985169678219E-01
  1.21553892280702E+01 -1.00064076038276E+00 -1.00062698801731E+00  7.30116804277348E-03  7.15602553839556E-02  1.96300239222199E-01
  1.22807025087719E+01 -1.00062669689080E+00 -1.00061473653575E+00  7.13452693481664E-03  6.98884035589169E-02  1.91774863652112E-01
  1.24060157894737E+01 -1.00061318134936E+00 -1.00060279458733E+00  6.97355169650238E-03  6.82739908043453E-02  1.87401992003323E-01
  1.25313290701754E+01 -1.00060017722920E+00 -1.00059115698101E+00  6.81798748951423E-03  6.67144389279606E-02  1.83174952303680E-01
  1.26566423508772E+01 -1.00058765163309E+00 -1.00057981813059E+00  6.66759367794545E-03  6.52073114496550E-02  1.79087427767957E-01
  1.27819556315789E+01 -1.00057557467276E+00 -1.00056877176093E+00  6.52214288781328E-03  6.37503044476539E-02  1.75133434710502E-01
  1.29072689122807E+01 -1.00056391929273E+00 -1.00055801138671E+00  6.38142013787513E-03  6.23412380731778E-02  1.71307302001486E-01
  1.30325821929825E+01 -1.00055266086221E+00 -1.00054753021883E+00  6.24522203658739E-03  6.09780486914744E-02  1.67603651977014E-01
  1.31578954736842E+01 -1.00054177687066E+00 -1.00053732118658E+00  6.11335603926033E-03  5.96587815912053E-02  1.64017382673174E-01
  1.32832087543860E+01 -1.00053124686508E+00 -1.00052737736230E+00  5.98563975972533E-03  5.83815842136373E-02  1.60543651275497E-01
  1.34085220350877E+01 -1.00052105201407E+00 -1.00051769156942E+00  5.86190033327538E-03  5.71446998704186E-02  1.57177858716344E-01
  1.35338353157895E+01 -1.00051117505188E+00 -1.00050825668907E+00  5.74197382508657E-03  5.59464618978984E-02  1.53915635300751E-01
  1.36591485964912E+01 -1.00050160008726E+00 -1.00049906564338E+00  5.62570468147428E-03  5.47852882222044E-02  1.50752827304125E-01
  1.37844618771930E+01 -1.00049231248368E+00 -1.00049011147591E+00  5.51294522003287E-03  5.36596762994024E-02  1.47685484460587E-01
  1.39097751578947E+01 -1.00048329862229E+00 -1.00048138715592E+00  5.40355515580004E-03  5.25681984044837E-02  1.44709848282415E-01
  1.40350884385965E+01 -1.00047454597224E+00 -1.00047288596367E+00  5.29740115999822E-03  5.15094972359127E-02  1.41822341133656E-01
  1.41604017192982E+01 -1.00046604283869E+00 -1.00046460119946E+00  5.19435644971300E-03  5.04822818210491E-02  1.39019556025777E-01
  1.42857150000000E+01 -1.00045777834038E+00 -1.00045652632620E+00  5.09430040524439E-03  4.94853236914614E-02  1.36298247062534E-01
  1.44110282807018E+01 -1.00044974238159E+00 -1.00044865507688E+00  4.99711821332705E-03  4.85174533114923E-02  1.33655320496241E-01
  1.45363415614035E+01 -1.00044192543486E+00 -1.00044098116344E+00  4.90270053459807E-03  4.75775567434353E-02  1.31087826357126E-01
  1.46616548421053E+01 -1.00043431863608E+00 -1.00043349859305E+00  4.81094319256914E-03  4.66645725254671E-02  1.28592950599070E-01
  1.47869681228070E+01 -1.00042691361409E+00 -1.00042620143834E+00  4.72174688354965E-03  4.57774887541094E-02  1.26168007743854E-01
  1.49122814035088E+01 -1.00041970256078E+00 -1.00041908407354E+00  4.63501690493384E-03  4.49153403501150E-02  1.23810433973033E-01
  1.50375946842105E+01 -1.00041267806208E+00 -1.00041214092338E+00  4.55066290158856E-03  4.40772065003900E-02  1.21517780651408E-01
  1.51629079649123E+01 -1.00040583317755E+00 -1.00040536669652E+00  4.46859862782234E-03  4.32622082576806E-02  1.19287708237466E-01
  1.52882212456140E+01 -1.00039916130561E+00 -1.00039875618299E+00  4.38874172502390E-03  4.24695062921476E-02  1.17117980568224E-01
  1.54135345263158E+01 -1.00039265622632E+00 -1.00039230439787E+00  4.31101351272045E-03  4.16982987798078E-02  1.15006459481623E-01
  1.55388478070175E+01 -1.00038631202466E+00 -1.00038600647970E+00  4.23533879298277E-03  4.09478194216144E-02  1.12951099762314E-01
  1.56641610877193E+01 -1.00038012309890E+00 -1.00037985775313E+00  4.16164566673194E-03  4.02173355819482E-02  1.10949944383625E-01
  1.57894743684211E+01 -1.00037408409173E+00 -1.00037385363130E+00  4.08986536127998E-03  3.95061465399826E-02  1.09001120030196E-01
  1.59147876491228E+01 -1.00036818998520E+00 -1.00036798984233E+00  4.01993206827811E-03  3.88135818440449E-02  1.07102832877154E-01
  1.60401009298246E+01 -1.00036243594227E+00 -1.00036226214376E+00  3.95178279152186E-03  3.81389997658330E-02  1.05253364618865E-01
  1.61654142105263E+01 -1.00035681731576E+00 -1.00035666636894E+00  3.88535720370520E-03  3.74817858439744E-02  1.03451068721180E-01
  1.62907274912281E+01 -1.00035132975899E+00 -1.00035119867418E+00  3.82059751155772E-03  3.68413515116770E-02  1.01694366884560E-01
  1.64160407719298E+01 -1.00034596905445E+00 -1.00034585521792E+00  3.75744832903235E-03  3.62171328062495E-02  9.99817457130883E-02
  1.65413540526316E+01 -1.00034073117784E+00 -1.00034063230951E+00  3.69585655777716E-03  3.56085891507036E-02  9.83117535649369E-02
  1.66666673333333E+01 -1.00033561229929E+00 -1.00033552642977E+00  3.63577127444858E-03  3.50152022053103E-02  9.66829975793559E-02
  1.67919806140351E+01 -1.00033060875887E+00 -1.00033053419826E+00  3.57714362451600E-03  3.44364747842862E-02  9.50941408683286E-02
  1.69172938947368E+01 -1.00032571697632E+00 -1.00032565220691E+00  3.51992672201096E-03  3.38719298337746E-02  9.35438998634204E-02
  1.70426071754386E+01 -1.00032093362427E+00 -1.00032087738065E+00  3.46407555497863E-03  3.33211094647041E-02  9.20310418019470E-02
  1.71679204561404E+01 -1.00031625541300E+00 -1.00031620655785E+00  3.40954689616146E-03  3.27835740419951E-02  9.05543823563395E-02
  1.72932337368421E+01 -1.00031167924695E+00 -1.00031163681457E+00  3.35629921854252E-03  3.22589013210011E-02  8.91127833836727E-02
  1.74185470175439E+01 -1.00030720211698E+00 -1.00030716525890E+00  3.30429261567100E-03  3.17466856328403E-02  8.77051508000728E-02
  1.75438602982456E+01 -1.00030282118538E+00 -1.00030278920984E+00  3.25348872615461E-03  3.12465371123776E-02  8.63304325639012E-02
  1.76691735789474E+01 -1.00029853359556E+00 -1.00029850582477E+00  3.20385066244122E-03  3.07580809695598E-02  8.49876167699708E-02
  1.77944868596491E+01 -1.00029433668732E+00 -1.00029431253729E+00  3.15534294313546E-03  3.02809567966948E-02  8.36757298358164E-02
  1.79198001403509E+01 -1.00029022798118E+00 -1.00029020703292E+00  3.10793142904497E-03  2.98148179140163E-02  8.23938347861994E-02
  1.80451134210526E+01 -1.00028620487536E+00 -1.00028618664878E+00  3.06158326280981E-03  2.93593307513478E-02  8.11410296304795E-02
  1.81704267017544E+01 -1.00028226510598E+00 -1.00028224930056E+00  3.01626681117995E-03  2.89141742571739E-02  7.99164458104034E-02
  1.82957399824561E+01 -1.00027840628923E+00 -1.00027839257117E+00  2.97195161096364E-03  2.84790393439724E-02  7.87192467415754E-02
  1.84210532631579E+01 -1.00027462619554E+00 -1.00027461426459E+00  2.92860831708586E-03  2.80536283575561E-02  7.75486264165604E-02
  1.85463665438597E+01 -1.00027092274602E+00 -1.00027091240295E+00  2.88620865372846E-03  2.76376545752113E-02  7.64038080826892E-02
  1.86716798245614E+01 -1.00026729380244E+00 -1.00026728481109E+00  2.84472536795621E-03  2.72308417303639E-02  7.52840429884865E-02
  1.87969931052632E+01 -1.00026373740487E+00 -1.00026372959486E+00  2.80413218535269E-03  2.68329235586511E-02  7.41886091853405E-02
  1.89223063859649E+01 -1.00026025161354E+00 -1.00026024482931E+00  2.76440376824549E-03  2.64436433688553E-02  7.31168103939526E-02
  1.90476196666667E+01 -1.00025683456279E+00 -1.00025682866960E+00  2.72551567581059E-03  2.60627536339870E-02  7.20679749229325E-02
  1.91729329473684E+01 -1.00025348445897E+00 -1.00025347934982E+00  2.68744432616086E-03  2.56900156027695E-02  7.10414546405402E-02
  1.92982462280702E+01 -1.00025019951900E+00 -1.00025019506321E+00  2.65016696037845E-03  2.53251989304677E-02  7.00366239967585E-02
  1.94235595087719E+01 -1.00024697809220E+00 -1.00024697420836E+00  2.61366160817911E-03  2.49680813267490E-02  6.90528790897693E-02
  1.95488727894737E+01 -1.00024381856697E+00 -1.00024381520773E+00  2.57790705529004E-03  2.46184482215832E-02  6.80896367794157E-02
  1.96741860701754E+01 -1.00024071934287E+00 -1.00024071644703E+00  2.54288281246451E-03  2.42760924468650E-02  6.71463338419112E-02
  1.97994993508772E+01 -1.00023767883898E+00 -1.00023767630378E+00  2.50856908586949E-03  2.39408139330064E-02  6.62224261635165E-02
  1.99248126315790E+01 -1.00023469562459E+00 -1.00023469340162E+00  2.47494674889404E-03  2.36124194193421E-02  6.53173879705153E-02
  2.00501259122807E+01 -1.00023176829815E+00 -1.00023176638307E+00  2.44199731529005E-03  2.32907221793177E-02  6.44307110977416E-02
  2.01754391929825E+01 -1.00022889542214E+00 -1.00022889376218E+00  2.40970291362985E-03  2.29755417582427E-02  6.35619042902356E-02
  2.03007524736842E+01 -1.00022607565454E+00 -1.00022607420632E+00  2.37804626285709E-03  2.26667037223331E-02  6.27104925344726E-02
  2.04260657543860E+01 -1.00022330768586E+00 -1.00022330640089E+00  2.34701064904108E-03  2.23640394202056E-02  6.18760164223073E-02
  2.05513790350877E+01 -1.00022059032775E+00 -1.00022058925053E+00  2.31657990306466E-03  2.20673857546234E-02  6.10580315418514E-02
  2.06766923157895E+01 -1.00021792223226E+00 -1.00021792127178E+00  2.28673837954951E-03  2.17765849662410E-02  6.02561078999531E-02
  2.08020055964912E+01 -1.00021530230375E+00 -1.00021530147365E+00  2.25747093650752E-03  2.14914844241756E-02  5.94698293627602E-02
  2.09273188771930E+01 -1.00021272935350E+00 -1.00021272862977E+00  2.22876291604424E-03  2.12119364291881E-02  5.86987931293339E-02
  2.10526321578947E+01 -1.00021020225782E+00 -1.00021020160866E+00  2.20060012583057E-03  2.09377980235523E-02  5.79426092230870E-02
  2.11779454385965E+01 -1.00020771995298E+00 -1.00020771937641E+00  2.17296882150908E-03  2.06689308100563E-02  5.72009000072853E-02
  2.13032587192982E+01 -1.00020528137654E+00 -1.00020528085902E+00  2.14585568980463E-03  2.04052007792013E-02  5.64732997222195E-02
  2.14285720000000E+01 -1.00020288552704E+00 -1.00020288509951E+00  2.11924783227779E-03  2.01464781434837E-02  5.57594540410444E-02
  2.15538852807018E+01 -1.00020053136213E+00 -1.00020053095383E+00  2.09313275003509E-03  1.98926371796497E-02  5.50590196468623E-02
  2.16791985614035E+01 -1.00019821797279E+00 -1.00019821763303E+00  2.06749832882824E-03  1.96435560764578E-02  5.43716638243175E-02
  2.18045118421053E+01 -1.00019594438567E+00 -1.00019594407592E+00  2.04233282503208E-03  1.93991167908023E-02  5.36970640733514E-02
  2.19298251228070E+01 -1.00019370970450E+00 -1.00019370941384E+00  2.01762485195944E-03  1.91592049083438E-02  5.30349077348891E-02
  2.20551384035088E+01 -1.00019151305305E+00 -1.00019151280102E+00  1.99336336701772E-03  1.89237095110173E-02  5.23848916349208E-02
  2.21804516842105E+01 -1.00018935357742E+00 -1.00018935339080E+00  1.96953765924590E-03  1.86925230499280E-02  5.17467217427454E-02
  2.23057649649123E+01 -1.00018723039582E+00 -1.00018723011260E+00  1.94613733746962E-03  1.84655412238468E-02  5.11201128441661E-02
  2.24310782456140E+01 -1.00018514276713E+00 -1.00018514258536E+00  1.92315231876727E-03  1.82426628613570E-02  5.05047882244336E-02
  2.25563915263158E+01 -1.00018308985668E+00 -1.00018308967022E+00  1.90057281772193E-03  1.80237898108022E-02  4.99004793718638E-02
  2.26817048070175E+01 -1.00018107092386E+00 -1.00018107080709E+00  1.87838933575457E-03  1.78088268314482E-02  4.93069256847734E-02
  2.28070180877193E+01 -1.00017908518761E+00 -1.00017908495553E+00  1.85659265130744E-03  1.75976814919212E-02  4.87238741978284E-02
  2.29323313684211E+01 -1.00017713195999E+00 -1.00017713175947E+00  1.83517380991494E-03  1.73902640702599E-02  4.81510793125655E-02
  2.30576446491228E+01 -1.00017521051922E+00 -1.00017521027981E+00  1.81412411518544E-03  1.71864874607206E-02  4.75883025460548E-02
  2.31829579298246E+01 -1.00017332018223E+00 -1.00017331995482E+00  1.79343511981211E-03  1.69862670819714E-02  4.70353122832539E-02
  2.33082712105263E+01 -1.00017146027910E+00 -1.00017146003422E+00  1.77309861711072E-03  1.67895207905051E-02  4.64918835432928E-02
  2.34335844912281E+01 -1.00016963016043E+00 -1.00016962991458E+00  1.75310663274919E-03  1.65961687966816E-02  4.59577977527550E-02
  2.35588977719298E+01 -1.00016782919328E+00 -1.00016782892926E+00  1.73345141695469E-03  1.64061335845971E-02  4.54328425291839E-02
  2.36842110526316E+01 -1.00016605676155E+00 -1.00016605648567E+00  1.71412543693483E-03  1.62193398347648E-02  4.49168114722553E-02
  2.38095243333333E+01 -1.00016431226570E+00 -1.00016431210095E+00  1.69512136962724E-03  1.60357143500074E-02  4.44095039633616E-02
  2.39348376140351E+01 -1.00016259512068E+00 -1.00016259494855E+00  1.67643209472046E-03  1.58551859845719E-02  4.39107249739155E-02
  2.40601508947368E+01 -1.00016090475801E+00 -1.00016090452032E+00  1.65805068792002E-03  1.56776855751255E-02  4.34202848787071E-02
  2.41854641754386E+01 -1.00015924062351E+00 -1.00015924030996E+00  1.63997041456487E-03  1.55031458751933E-02  4.29379992785068E-02
  2.43107774561404E+01 -1.00015760217725E+00 -1.00015760189392E+00  1.62218472333375E-03  1.53315014918318E-02  4.24636888285344E-02
  2.44360907368421E+01 -1.00015598889289E+00 -1.00015598863872E+00  1.60468724037099E-03  1.51626888249576E-02  4.19971790742697E-02
  2.45614040175439E+01 -1.00015440025768E+00 -1.00015439992076E+00  1.58747176349427E-03  1.49966460086552E-02  4.15383002923508E-02
  2.46867172982456E+01 -1.00015283577204E+00 -1.00015283546487E+00  1.57053225664194E-03  1.48333128545457E-02  4.10868873372068E-02
  2.48120305789474E+01 -1.00015129494844E+00 -1.00015129464712E+00  1.55386284465631E-03  1.46726307981282E-02  4.06427794955573E-02
  2.49373438596491E+01 -1.00014977731240E+00 -1.00014977703399E+00  1.53745780800341E-03  1.45145428461710E-02  4.02058203437046E-02
  2.50626571403509E+01 -1.00014828240052E+00 -1.00014828201686E+00  1.52131157803082E-03  1.43589935267401E-02  3.97758576121221E-02
  2.51879704210526E+01 -1.00014680976143E+00 -1.00014680940779E+00  1.50541873203225E-03  1.42059288403835E-02  3.93527430528779E-02
  2.53132837017544E+01 -1.00014535895457E+00 -1.00014535862839E+00  1.48977398881467E-03  1.40552962141118E-02  3.89363323148078E-02
  2.54385969824561E+01 -1.00014392955065E+00 -1.00014392923019E+00  1.47437220419366E-03  1.39070444561322E-02  3.85264848205831E-02
  2.55639102631579E+01 -1.00014252113037E+00 -1.00014252077519E+00  1.45920836681723E-03  1.37611237126862E-02  3.81230636495506E-02
  2.56892235438597E+01 -1.00014113328509E+00 -1.00014113282725E+00  1.44427759399934E-03  1.36174854263520E-02  3.77259354244059E-02
  2.58145368245614E+01 -1.00013976561568E+00 -1.00013976514063E+00  1.42957512782971E-03  1.34760822957551E-02  3.73349702017902E-02
  2.59398501052632E+01 -1.00013841773276E+00 -1.00013841723928E+00  1.41509633132131E-03  1.33368682371047E-02  3.69500413676780E-02
  2.60651633859649E+01 -1.00013708925644E+00 -1.00013708875475E+00  1.40083668475866E-03  1.31997983466108E-02  3.65710255352536E-02
  2.61904766666667E+01 -1.00013577981617E+00 -1.00013577926554E+00  1.38679178211776E-03  1.30648288645745E-02  3.61978024472145E-02
  2.63157899473684E+01 -1.00013448904952E+00 -1.00013448841127E+00  1.37295732772635E-03  1.29319171405460E-02  3.58302548810929E-02
  2.64411032280702E+01 -1.00013321660314E+00 -1.00013321598866E+00  1.35932913287773E-03  1.28010215997612E-02  3.54682685578533E-02
  2.65664165087719E+01 -1.00013196213171E+00 -1.00013196160525E+00  1.34590311269100E-03  1.26721017109848E-02  3.51117320544199E-02
  2.66917297894737E+01 -1.00013072529825E+00 -1.00013072468832E+00  1.33267528303205E-03  1.25451179552887E-02  3.47605367186719E-02
  2.68170430701754E+01 -1.00012950577366E+00 -1.00012950516711E+00  1.31964175750610E-03  1.24200317954910E-02  3.44145765862551E-02
  2.69423563508772E+01 -1.00012830323611E+00 -1.00012830256463E+00  1.30679874466666E-03  1.22968056476023E-02  3.40737483028393E-02
  2.70676696315789E+01 -1.00012711737180E+00 -1.00012711659440E+00  1.29414254514071E-03  1.21754028523664E-02  3.37379510465325E-02
  2.71929829122807E+01 -1.00012594787357E+00 -1.00012594715163E+00  1.28166954905917E-03  1.20557876481389E-02  3.34070864540783E-02
  2.73182961929825E+01 -1.00012479444147E+00 -1.00012479377915E+00  1.26937623340817E-03  1.19379251449561E-02  3.30810585501384E-02
  2.74436094736842E+01 -1.00012365678282E+00 -1.00012365592576E+00  1.25725915953367E-03  1.18217812990746E-02  3.27597736778420E-02
  2.75689227543860E+01 -1.00012253461100E+00 -1.00012253372605E+00  1.24531497073854E-03  1.17073228880462E-02  3.24431404309664E-02
  2.76942360350877E+01 -1.00012142764593E+00 -1.00012142675333E+00  1.23354038996992E-03  1.15945174877630E-02  3.21310695912556E-02
  2.78195493157895E+01 -1.00012033561429E+00 -1.00012033481451E+00  1.22193221748290E-03  1.14833334491597E-02  3.18234740648367E-02
  2.79448625964912E+01 -1.00011925824853E+00 -1.00011925735663E+00  1.21048732877371E-03  1.13737398764038E-02  3.15202688228300E-02
  2.80701758771930E+01 -1.00011819528725E+00 -1.00011819432977E+00  1.19920267234952E-03  1.12657066050925E-02  3.12213708417686E-02
  2.81954891578947E+01 -1.00011714647421E+00 -1.00011714548433E+00  1.18807526781883E-03  1.11592041819297E-02  3.09266990482480E-02
  2.83208024385965E+01 -1.00011611155994E+00 -1.00011611060375E+00  1.17710220373191E-03  1.10542038446246E-02  3.06361742638783E-02
  2.84461157192982E+01 -1.00011509029945E+00 -1.00011508923146E+00  1.16628063586854E-03  1.09506775026758E-02  3.03497191530069E-02
  2.85714290000000E+01 -1.00011408245385E+00 -1.00011408137914E+00  1.15560778523038E-03  1.08485977183121E-02  3.00672581705548E-02
  2.86967422807018E+01 -1.00011308778881E+00 -1.00011308673288E+00  1.14508093636245E-03  1.07479376887794E-02  2.97887175137141E-02
  2.88220555614035E+01 -1.00011210607565E+00 -1.00011210478173E+00  1.13469743553329E-03  1.06486712287273E-02  2.95140250737689E-02
  2.89473688421053E+01 -1.00011113709038E+00 -1.00011113594070E+00  1.12445468906985E-03  1.05507727527372E-02  2.92431103884299E-02
  2.90726821228070E+01 -1.00011018061374E+00 -1.00011017938220E+00  1.11435016181849E-03  1.04542172599060E-02  2.89759045996458E-02
  2.91979954035088E+01 -1.00010923643142E+00 -1.00010923513456E+00  1.10438137544877E-03  1.03589803169577E-02  2.87123404075027E-02
  2.93233086842105E+01 -1.00010830433358E+00 -1.00010830297300E+00  1.09454590699709E-03  1.02650380433704E-02  2.84523520295175E-02
  2.94486219649123E+01 -1.00010738411449E+00 -1.00010738271959E+00  1.08484138738696E-03  1.01723670963092E-02  2.81958751595077E-02
  2.95739352456140E+01 -1.00010647557348E+00 -1.00010647419065E+00  1.07526549994996E-03  1.00809446562080E-02  2.79428469280831E-02
  2.96992485263158E+01 -1.00010557851349E+00 -1.00010557701661E+00  1.06581597911592E-03  9.99074841284653E-03  2.76932058646504E-02
  2.98245618070175E+01 -1.00010469274178E+00 -1.00010469113151E+00  1.05649060899227E-03  9.90175655157244E-03  2.74468918596931E-02
  2.99498750877193E+01 -1.00010381806973E+00 -1.00010381649266E+00  1.04728722209391E-03  9.81394774028943E-03  2.72038461291551E-02
  3.00751883684211E+01 -1.00010295431283E+00 -1.00010295266638E+00  1.03820369806162E-03  9.72730111685971E-03  2.69640111800056E-02
  3.02005016491228E+01 -1.00010210128984E+00 -1.00010209953453E+00  1.02923796249055E-03  9.64179627649941E-03  2.67273307757381E-02
  3.03258149298246E+01 -1.00010125882379E+00 -1.00010125700156E+00  1.02038798565252E-03  9.55741325989101E-03  2.64937499038289E-02
  3.04511282105263E+01 -1.00010042674103E+00 -1.00010042496052E+00  1.01165178142315E-03  9.47413254161567E-03  2.62632147440856E-02
  3.05764414912281E+01 -1.00009960487139E+00 -1.00009960300168E+00  1.00302740614855E-03  9.39193501899105E-03  2.60356726380728E-02
  3.07017547719298E+01 -1.00009879304881E+00 -1.00009879114413E+00  9.94512957466442E-04  9.31080200086232E-03  2.58110720584077E-02
  3.08270680526316E+01 -1.00009799110966E+00 -1.00009798907033E+00  9.86106573415135E-04  9.23071519732277E-03  2.55893625806751E-02
  3.09523813333333E+01 -1.00009719889444E+00 -1.00009719688813E+00  9.77806431260220E-04  9.15165670913143E-03  2.53704948543627E-02
  3.10776946140351E+01 -1.00009641624636E+00 -1.00009641425512E+00  9.69610746613725E-04  9.07360901808851E-03  2.51544205765524E-02
  3.12030078947368E+01 -1.00009564301195E+00 -1.00009564080548E+00  9.61517772419151E-04  8.99655497717622E-03  2.49410924648963E-02
  3.13283211754386E+01 -1.00009487904088E+00 -1.00009487683562E+00  9.53525797987353E-04  8.92047780094085E-03  2.47304642312518E-02
  3.14536344561404E+01 -1.00009412418555E+00 -1.00009412198740E+00  9.45633148180303E-04  8.84536105685374E-03  2.45224905580232E-02
  3.15789477368421E+01 -1.00009337830163E+00 -1.00009337600350E+00  9.37838182437201E-04  8.77118865616988E-03  2.43171270731071E-02
  3.17042610175439E+01 -1.00009264124759E+00 -1.00009263891594E+00  9.30139293955801E-04  8.69794484529862E-03  2.41143303262190E-02
  3.18295742982456E+01 -1.00009191288407E+00 -1.00009191047878E+00  9.22534908920136E-04  8.62561419764907E-03  2.39140577666070E-02
  3.19548875789474E+01 -1.00009119307550E+00 -1.00009119050623E+00  9.15023485553723E-04  8.55418160540622E-03  2.37162677203870E-02
  3.20802008596491E+01 -1.00009048168778E+00 -1.00009047902882E+00  9.07603513498945E-04  8.48363227162596E-03  2.35209193690109E-02
  3.22055141403509E+01 -1.00008977859063E+00 -1.00008977593871E+00  9.00273512897787E-04  8.41395170270420E-03  2.33279727284601E-02
  3.23308274210526E+01 -1.00008908365516E+00 -1.00008908095241E+00  8.93032033798535E-04  8.34512570096035E-03  2.31373886290651E-02
  3.24561407017544E+01 -1.00008839675593E+00 -1.00008839392360E+00  8.85877655303791E-04  8.27714035733185E-03  2.29491286953116E-02
  3.25814539824561E+01 -1.00008771776931E+00 -1.00008771487317E+00  8.78808984970725E-04  8.20998204434686E-03  2.27631553266958E-02
  3.27067672631579E+01 -1.00008704657398E+00 -1.00008704370239E+00  8.71824658107645E-04  8.14363740941815E-03  2.25794316792671E-02
  3.28320805438596E+01 -1.00008638305127E+00 -1.00008638008795E+00  8.64923337075663E-04  8.07809336824361E-03  2.23979216474921E-02
  3.29573938245614E+01 -1.00008572708473E+00 -1.00008572391963E+00  8.58103710655644E-04  8.01333709822671E-03  2.22185898462548E-02
  3.30827071052632E+01 -1.00008507856025E+00 -1.00008507535152E+00  8.51364493439366E-04  7.94935603223568E-03  2.20414015936725E-02
  3.32080203859649E+01 -1.00008443736511E+00 -1.00008443408051E+00  8.44704425283060E-04  7.88613785271441E-03  2.18663228950344E-02
  3.33333336666667E+01 -1.00008380338934E+00 -1.00008380023197E+00  8.38122270581110E-04  7.82367048551147E-03  2.16933204257430E-02
  3.34586469473684E+01 -1.00008317652535E+00 -1.00008317327134E+00  8.31616817777325E-04  7.76194209445524E-03  2.15223615164504E-02
  3.35839602280702E+01 -1.00008255666662E+00 -1.00008255337435E+00  8.25186878831374E-04  7.70094107534613E-03  2.13534141366543E-02
  3.37092735087719E+01 -1.00008194370938E+00 -1.00008194034565E+00  8.18831288586175E-04  7.64065605084641E-03  2.11864468805394E-02
  3.38345867894737E+01 -1.00008133755139E+00 -1.00008133403646E+00  8.12548904320698E-04  7.58107586505741E-03  2.10214289521742E-02
  3.39599000701754E+01 -1.00008073809276E+00 -1.00008073449175E+00  8.06338605158441E-04  7.52218957832662E-03  2.08583301511935E-02
  3.40852133508772E+01 -1.00008014523440E+00 -1.00008014145747E+00  8.00199291695280E-04  7.46398646238822E-03  2.06971208595408E-02
  3.42105266315789E+01 -1.00007955888048E+00 -1.00007955497041E+00  7.94129885304251E-04  7.40645599531176E-03  2.05377720274378E-02
  3.43358399122807E+01 -1.00007897893552E+00 -1.00007897519322E+00  7.88129327884857E-04  7.34958785680950E-03  2.03802551606860E-02
  3.44611531929825E+01 -1.00007840530673E+00 -1.00007840131248E+00  7.82196581253114E-04  7.29337192391699E-03  2.02245423086145E-02
  3.45864664736842E+01 -1.00007783790280E+00 -1.00007783384902E+00  7.76330626719890E-04  7.23779826587001E-03  2.00706060501430E-02
  3.47117797543860E+01 -1.00007727663384E+00 -1.00007727248051E+00  7.70530464686336E-04  7.18285714031364E-03  1.99184194832944E-02
  3.48370930350877E+01 -1.00007672141133E+00 -1.00007671732755E+00  7.64795114225780E-04  7.12853898871257E-03  1.97679562126249E-02
  3.49624063157895E+01 -1.00007617214904E+00 -1.00007616791954E+00  7.59123612587675E-04  7.07483443245360E-03  1.96191903384337E-02
  3.50877195964912E+01 -1.00007562876189E+00 -1.00007562437827E+00  7.53515014857209E-04  7.02173426850572E-03  1.94720964449311E-02
  3.52130328771930E+01 -1.00007509116602E+00 -1.00007508675467E+00  7.47968393581377E-04  6.96922946566869E-03  1.93266495898945E-02
  3.53383461578947E+01 -1.00007455927999E+00 -1.00007455479082E+00  7.42482838295810E-04  6.91731116078276E-03  1.91828252941919E-02
  3.54636594385965E+01 -1.00007403302252E+00 -1.00007402843897E+00  7.37057455254098E-04  6.86597065487771E-03  1.90405995312821E-02
  3.55889727192982E+01 -1.00007351231450E+00 -1.00007350765121E+00  7.31691367001908E-04  6.81519940958553E-03  1.88999487173136E-02
  3.57142860000000E+01 -1.00007299707863E+00 -1.00007299243270E+00  7.26383711987300E-04  6.76498904357992E-03  1.87608497012846E-02
  3.58395992807018E+01 -1.00007248723801E+00 -1.00007248240899E+00  7.21133644327132E-04  6.71533132923674E-03  1.86232797559598E-02
  3.59649125614035E+01 -1.00007198271725E+00 -1.00007197795030E+00  7.15940333376297E-04  6.66621818899582E-03  1.84872165678143E-02
  3.60902258421053E+01 -1.00007148344303E+00 -1.00007147838552E+00  7.10802963400203E-04  6.61764169250190E-03  1.83526382291241E-02
  3.62155391228070E+01 -1.00007098934291E+00 -1.00007098425485E+00  7.05720733267468E-04  6.56959405289204E-03  1.82195232278171E-02
  3.63408524035088E+01 -1.00007050034504E+00 -1.00007049522629E+00  7.00692856211882E-04  6.52206762416463E-03  1.80878504402389E-02
  3.64661656842105E+01 -1.00007001637928E+00 -1.00007001101991E+00  6.95718559423408E-04  6.47505489790645E-03  1.79575991221399E-02
  3.65914789649123E+01 -1.00006953737719E+00 -1.00006953207225E+00  6.90797083748418E-04  6.42854850021535E-03  1.78287489001507E-02
  3.67167922456140E+01 -1.00006906327098E+00 -1.00006905792715E+00  6.85927683487186E-04  6.38254118915804E-03  1.77012797648544E-02
  3.68421055263158E+01 -1.00006859399368E+00 -1.00006858846207E+00  6.81109626076593E-04  6.33702585168150E-03  1.75751720623023E-02
  3.69674188070175E+01 -1.00006812947987E+00 -1.00006812395730E+00  6.76342191749502E-04  6.29199550085491E-03  1.74504064863783E-02
  3.70927320877193E+01 -1.00006766966575E+00 -1.00006766413342E+00  6.71624673322269E-04  6.24744327342230E-03  1.73269640720071E-02
  3.72180453684211E+01 -1.00006721448759E+00 -1.00006720876744E+00  6.66956375971584E-04  6.20336242701747E-03  1.72048261876767E-02
  3.73433586491228E+01 -1.00006676388326E+00 -1.00006675814736E+00  6.62336616876313E-04  6.15974633756355E-03  1.70839745280882E-02
  3.74686719298246E+01 -1.00006631779127E+00 -1.00006631193718E+00  6.57764725069399E-04  6.11658849700336E-03  1.69643911080266E-02
  3.75939852105263E+01 -1.00006587615199E+00 -1.00006587029362E+00  6.53240041095016E-04  6.07388251065411E-03  1.68460582549850E-02
  3.77192984912281E+01 -1.00006543890590E+00 -1.00006543294709E+00  6.48761916860252E-04  6.03162209502051E-03  1.67289586032560E-02
  3.78446117719298E+01 -1.00006500599452E+00 -1.00006499995463E+00  6.44329715372427E-04  5.98980107534630E-03  1.66130750871265E-02
  3.79699250526316E+01 -1.00006457736129E+00 -1.00006457128159E+00  6.39942810435112E-04  5.94841338343910E-03  1.64983909348415E-02
  3.80952383333333E+01 -1.00006415294933E+00 -1.00006414654852E+00  6.35600586583740E-04  5.90745305552742E-03  1.63848896628238E-02
  3.82205516140351E+01 -1.00006373270343E+00 -1.00006372631031E+00  6.31302438709458E-04  5.86691422985930E-03  1.62725550689704E-02
  3.83458648947368E+01 -1.00006331656894E+00 -1.00006331004408E+00  6.27047771959210E-04  5.82679114500606E-03  1.61613712280080E-02
  3.84711781754386E+01 -1.00006290449227E+00 -1.00006289803884E+00  6.22836001475502E-04  5.78707813745605E-03  1.60513224848697E-02
  3.85964914561403E+01 -1.00006249642095E+00 -1.00006248983121E+00  6.18666552183011E-04  5.74776963989976E-03  1.59423934499499E-02
  3.87218047368421E+01 -1.00006209230290E+00 -1.00006208563933E+00  6.14538858654035E-04  5.70886017903582E-03  1.58345689931132E-02
  3.88471180175439E+01 -1.00006169208660E+00 -1.00006168534570E+00  6.10452364881331E-04  5.67034437384129E-03  1.57278342389151E-02
  3.89724312982456E+01 -1.00006129572259E+00 -1.00006128884707E+00  6.06406524030323E-04  5.63221693366422E-03  1.56221745612293E-02
  3.90977445789474E+01 -1.00006090316038E+00 -1.00006089616365E+00  6.02400798400460E-04  5.59447265636348E-03  1.55175755783852E-02
  3.92230578596491E+01 -1.00006051435244E+00 -1.00006050719202E+00  5.98434659052627E-04  5.55710642661578E-03  1.54140231481783E-02
  3.93483711403509E+01 -1.00006012924957E+00 -1.00006012207370E+00  5.94507585866877E-04  5.52011321409518E-03  1.53115033631757E-02
  3.94736844210526E+01 -1.00005974780548E+00 -1.00005974050666E+00  5.90619067127207E-04  5.48348807191235E-03  1.52100025461375E-02
  3.95989977017544E+01 -1.00005936997363E+00 -1.00005936261791E+00  5.86768599523557E-04  5.44722613480775E-03  1.51095072452199E-02
  3.97243109824561E+01 -1.00005899570826E+00 -1.00005898844625E+00  5.82955687935316E-04  5.41132261763200E-03  1.50100042297354E-02
  3.98496242631579E+01 -1.00005862496393E+00 -1.00005861763190E+00  5.79179845304090E-04  5.37577281381751E-03  1.49114804859471E-02
  3.99749375438596E+01 -1.00005825769674E+00 -1.00005825019715E+00  5.75440592388343E-04  5.34057209371430E-03  1.48139232124291E-02
  4.01002508245614E+01 -1.00005789386282E+00 -1.00005788626821E+00  5.71737457712773E-04  5.30571590311868E-03  1.47173198160997E-02
  4.02255641052632E+01 -1.00005753341952E+00 -1.00005752553252E+00  5.68069977344043E-04  5.27119976190327E-03  1.46216579083656E-02
  4.03508773859649E+01 -1.00005717632430E+00 -1.00005716855419E+00  5.64437694795972E-04  5.23701926235920E-03  1.45269253006224E-02
  4.04761906666667E+01 -1.00005682253522E+00 -1.00005681447161E+00  5.60840160903187E-04  5.20317006816740E-03  1.44331100013848E-02
  4.06015039473684E+01 -1.00005647201196E+00 -1.00005646394985E+00  5.57276933547790E-04  5.16964791254204E-03  1.43402002111273E-02
  4.07268172280702E+01 -1.00005612471367E+00 -1.00005611659507E+00  5.53747577727526E-04  5.13644859731466E-03  1.42481843198545E-02
  4.08521305087719E+01 -1.00005578060055E+00 -1.00005577248419E+00  5.50251665280888E-04  5.10356799136291E-03  1.41570509027107E-02
  4.09774437894737E+01 -1.00005543963319E+00 -1.00005543124425E+00  5.46788774794527E-04  5.07100202948507E-03  1.40667887168753E-02
  4.11027570701754E+01 -1.00005510177347E+00 -1.00005509331291E+00  5.43358491438273E-04  5.03874671094051E-03  1.39773866975277E-02
  4.12280703508772E+01 -1.00005476698312E+00 -1.00005475860303E+00  5.39960406922946E-04  5.00679809843763E-03  1.38888339550993E-02
  4.13533836315790E+01 -1.00005443522451E+00 -1.00005442662582E+00  5.36594119344258E-04  4.97515231689927E-03  1.38011197718699E-02
  4.14786969122807E+01 -1.00005410646071E+00 -1.00005409771915E+00  5.33259233018724E-04  4.94380555211982E-03  1.37142335982223E-02
  4.16040101929825E+01 -1.00005378065558E+00 -1.00005377176091E+00  5.29955358404832E-04  4.91275404979796E-03  1.36281650499950E-02
  4.17293234736842E+01 -1.00005345777286E+00 -1.00005344888283E+00  5.26682112012899E-04  4.88199411432366E-03  1.35429039051482E-02
  4.18546367543860E+01 -1.00005313777781E+00 -1.00005312864575E+00  5.23439116222768E-04  4.85152210778006E-03  1.34584401009787E-02
  4.19799500350877E+01 -1.00005282063506E+00 -1.00005281153656E+00  5.20225999258939E-04  4.82133444866850E-03  1.33747637306705E-02
  4.21052633157895E+01 -1.00005250631056E+00 -1.00005249705372E+00  5.17042395033585E-04  4.79142761112672E-03  1.32918650410603E-02
  4.22305765964912E+01 -1.00005219477038E+00 -1.00005218544713E+00  5.13887943033531E-04  4.76179812364896E-03  1.32097344291646E-02
  4.23558898771930E+01 -1.00005188598121E+00 -1.00005187648315E+00  5.10762288255195E-04  4.73244256826266E-03  1.31283624398668E-02
  4.24812031578947E+01 -1.00005157991030E+00 -1.00005157024853E+00  5.07665081072028E-04  4.70335757942153E-03  1.30477397629059E-02
  4.26065164385965E+01 -1.00005127652521E+00 -1.00005126673669E+00  5.04595977155242E-04  4.67453984311006E-03  1.29678572303711E-02
  4.27318297192982E+01 -1.00005097579390E+00 -1.00005096586235E+00  5.01554637383661E-04  4.64598609588651E-03  1.28887058140974E-02
  4.28571430000000E+01 -1.00005067768482E+00 -1.00005066782244E+00  4.98540727715824E-04  4.61769312392457E-03  1.28102766229734E-02
  4.29824562807018E+01 -1.00005038216741E+00 -1.00005037211562E+00  4.95553919134917E-04  4.58965776223041E-03  1.27325609008255E-02
  4.31077695614035E+01 -1.00005008921035E+00 -1.00005007908310E+00  4.92593887555515E-04  4.56187689355980E-03  1.26555500234129E-02
  4.32330828421053E+01 -1.00004979878417E+00 -1.00004978842501E+00  4.89660313698126E-04  4.53434744774506E-03  1.25792354965624E-02
  4.33583961228070E+01 -1.00004951085856E+00 -1.00004950037819E+00  4.86752883051222E-04  4.50706640069476E-03  1.25036089534423E-02
  4.34837094035088E+01 -1.00004922540450E+00 -1.00004921480678E+00  4.83871285753779E-04  4.48003077368320E-03  1.24286621525544E-02
  4.36090226842105E+01 -1.00004894239302E+00 -1.00004893161320E+00  4.81015216527769E-04  4.45323763248728E-03  1.23543869753751E-02
  4.37343359649123E+01 -1.00004866179539E+00 -1.00004865105786E+00  4.78184374595569E-04  4.42668408654079E-03  1.22807754240495E-02
  4.38596492456140E+01 -1.00004838358368E+00 -1.00004837266650E+00  4.75378463597353E-04  4.40036728830839E-03  1.22078196196038E-02
  4.39849625263158E+01 -1.00004810772980E+00 -1.00004809657347E+00  4.72597191515600E-04  4.37428443233934E-03  1.21355117994040E-02
  4.41102758070175E+01 -1.00004783420677E+00 -1.00004782287127E+00  4.69840270584942E-04  4.34843275461483E-03  1.20638443152798E-02
  4.42355890877193E+01 -1.00004756298724E+00 -1.00004755158345E+00  4.67107417247092E-04  4.32280953180841E-03  1.19928096315611E-02
  4.43609023684211E+01 -1.00004729404467E+00 -1.00004728243106E+00  4.64398352060913E-04  4.29741208061718E-03  1.19224003231446E-02
  4.44862156491228E+01 -1.00004702735278E+00 -1.00004701548923E+00  4.61712799614267E-04  4.27223775694530E-03  1.18526090733422E-02
  4.46115289298246E+01 -1.00004676288550E+00 -1.00004675085195E+00  4.59050488490931E-04  4.24728395529805E-03  1.17834286721255E-02
  4.47368422105263E+01 -1.00004650061732E+00 -1.00004648828588E+00  4.56411151161795E-04  4.22254810811684E-03  1.17148520143273E-02
  4.48621554912281E+01 -1.00004624052289E+00 -1.00004622794262E+00  4.53794523951556E-04  4.19802768505129E-03  1.16468720976350E-02
  4.49874687719298E+01 -1.00004598257738E+00 -1.00004597005501E+00  4.51200346948122E-04  4.17372019235618E-03  1.15794820208892E-02
  4.51127820526316E+01 -1.00004572675604E+00 -1.00004571394092E+00  4.48628363971082E-04  4.14962317234768E-03  1.15126749826466E-02
  4.52380953333333E+01 -1.00004547303466E+00 -1.00004545993581E+00  4.46078322454024E-04  4.12573420258533E-03  1.14464442788558E-02
  4.53634086140351E+01 -1.00004522138918E+00 -1.00004520791937E+00  4.43549973437429E-04  4.10205089541438E-03  1.13807833016482E-02
  4.54887218947368E+01 -1.00004497179589E+00 -1.00004495818338E+00  4.41043071472746E-04  4.07857089728814E-03  1.13156855374266E-02
  4.56140351754386E+01 -1.00004472423149E+00 -1.00004471038167E+00  4.38557374579096E-04  4.05529188828790E-03  1.12511445655561E-02
  4.57393484561403E+01 -1.00004447867300E+00 -1.00004446458146E+00  4.36092644168218E-04  4.03221158143063E-03  1.11871540564770E-02
  4.58646617368421E+01 -1.00004423509750E+00 -1.00004422076062E+00  4.33648645024709E-04  4.00932772219509E-03  1.11237077703192E-02
  4.59899750175439E+01 -1.00004399348248E+00 -1.00004397887849E+00  4.31225145200775E-04  3.98663808791211E-03  1.10607995553302E-02
  4.61152882982456E+01 -1.00004375380580E+00 -1.00004373895536E+00  4.28821915991584E-04  3.96414048725924E-03  1.09984233463971E-02
  4.62406015789474E+01 -1.00004351604556E+00 -1.00004350079370E+00  4.26438731875534E-04  3.94183275974758E-03  1.09365731636417E-02
  4.63659148596491E+01 -1.00004328017993E+00 -1.00004326462723E+00  4.24075370461630E-04  3.91971277512893E-03  1.08752431108221E-02
  4.64912281403509E+01 -1.00004304618769E+00 -1.00004303030625E+00  4.21731612429310E-04  3.89777843298145E-03  1.08144273741415E-02
  4.66165414210526E+01 -1.00004281404765E+00 -1.00004279778972E+00  4.19407241486480E-04  3.87602766215722E-03  1.07541202207559E-02
  4.67418547017544E+01 -1.00004258373895E+00 -1.00004256724375E+00  4.17102044317108E-04  3.85445842028620E-03  1.06943159973840E-02
  4.68671679824561E+01 -1.00004235524092E+00 -1.00004233833082E+00  4.14815810538371E-04  3.83306869336719E-03  1.06350091291902E-02
  4.69924812631579E+01 -1.00004212853324E+00 -1.00004211133146E+00  4.12548332632046E-04  3.81185649518301E-03  1.05761941181601E-02
  4.71177945438596E+01 -1.00004190359581E+00 -1.00004188599114E+00  4.10299405924963E-04  3.79081986695717E-03  1.05178655421638E-02
  4.72431078245614E+01 -1.00004168040866E+00 -1.00004166240908E+00  4.08068828521513E-04  3.76995687681614E-03  1.04600180534680E-02
  4.73684211052632E+01 -1.00004145895234E+00 -1.00004144041936E+00  4.05856401271665E-04  3.74926561940625E-03  1.04026463776523E-02
  4.74937343859649E+01 -1.00004123920718E+00 -1.00004122046724E+00  4.03661927704579E-04  3.72874421536373E-03  1.03457453122031E-02
  4.76190476666667E+01 -1.00004102115424E+00 -1.00004100185496E+00  4.01485214029496E-04  3.70839081108176E-03  1.02893097257983E-02
  4.77443609473684E+01 -1.00004080477438E+00 -1.00004078502544E+00  3.99326069035588E-04  3.68820357804189E-03  1.02333345565242E-02
  4.78696742280702E+01 -1.00004059004914E+00 -1.00004056996610E+00  3.97184304100184E-04  3.66818071258601E-03  1.01778148111913E-02
  4.79949875087719E+01 -1.00004037695970E+00 -1.00004035621331E+00  3.95059733116376E-04  3.64832043548358E-03  1.01227455642068E-02
  4.81203007894737E+01 -1.00004016548785E+00 -1.00004014430503E+00  3.92952172464600E-04  3.62862099143557E-03  1.00681219561096E-02
  4.82456140701754E+01 -1.00003995561559E+00 -1.00003993375347E+00  3.90861440966006E-04  3.60908064883669E-03  1.00139391930139E-02
  4.83709273508772E+01 -1.00003974732501E+00 -1.00003972486429E+00  3.88787359851372E-04  3.58969769925399E-03  9.96019254510450E-03
  4.84962406315789E+01 -1.00003954059836E+00 -1.00003951767732E+00  3.86729752717585E-04  3.57047045714665E-03  9.90687734588214E-03
  4.86215539122807E+01 -1.00003933541821E+00 -1.00003931191010E+00  3.84688445498993E-04  3.55139725950360E-03  9.85398899114331E-03
  4.87468671929824E+01 -1.00003913176736E+00 -1.00003910763914E+00  3.82663266417893E-04  3.53247646541011E-03  9.80152293783165E-03
  4.88721804736842E+01 -1.00003892962862E+00 -1.00003890481462E+00  3.80654045954332E-04  3.51370645575955E-03  9.74947470318566E-03
  4.89974937543860E+01 -1.00003872898499E+00 -1.00003870365497E+00  3.78660616808801E-04  3.49508563285550E-03  9.69783986367867E-03
  4.91228070350877E+01 -1.00003852982013E+00 -1.00003850368427E+00  3.76682813869822E-04  3.47661242016439E-03  9.64661405431233E-03
  4.92481203157895E+01 -1.00003833211721E+00 -1.00003830558670E+00  3.74720474173307E-04  3.45828526182035E-03  9.59579296726165E-03
  4.93734335964912E+01 -1.00003813585990E+00 -1.00003810832942E+00  3.72773436897456E-04  3.44010262255123E-03  9.54537235165254E-03
  4.94987468771930E+01 -1.00003794103215E+00 -1.00003791296197E+00  3.70841543275935E-04  3.42206298700742E-03  9.49534801176344E-03
  4.96240601578947E+01 -1.00003774761784E+00 -1.00003771877743E+00  3.68924636613199E-04  3.40416485981221E-03  9.44571580706111E-03
  4.97493734385965E+01 -1.00003755560121E+00 -1.00003752595466E+00  3.67022562233421E-04  3.38640676499780E-03  9.39647165073820E-03
  4.98746867192982E+01 -1.00003736496663E+00 -1.00003733447139E+00  3.65135167452291E-04  3.36878724580170E-03  9.34761150911134E-03
  5.00000000000000E+01 -1.00003717569865E+00 -1.00003714446500E+00  3.63262301531941E-04  3.35130486433766E-03  9.29913140072336E-03
