#        5      400
    1.000000000000E-06   -1.769735344718E+01    3.464101615108E+12    1.385640646052E+13    3.117691453621E+13    5.542562584218E+13
    1.253142807018E-01   -5.946089917618E+00    2.146457747377E+02    8.764213687062E+02    1.979380691987E+03    3.523523744580E+03
    2.506275614035E-01   -5.790034931853E+00    4.935837131189E+01    2.148035900437E+02    4.905456212634E+02    8.765844649710E+02
    3.759408421053E-01   -5.547497289777E+00    1.896297068264E+01    9.249437460100E+01    2.150467144631E+02    3.866199902723E+02
    5.012541228070E-01   -5.240611120721E+00    8.546545445273E+00    4.990801518059E+01    1.188437980089E+02    2.153538940306E+02
    6.265674035088E-01   -4.893641425141E+00    3.930145730699E+00    3.040150782392E+01    7.452044371057E+01    1.362869546612E+02
    7.518806842105E-01   -4.529190334817E+00    1.598442131386E+00    1.998134519668E+01    5.061950918219E+01    9.351294354889E+01
    8.771939649123E-01   -4.165766551023E+00    3.361649720497E-01    1.384199280945E+01    3.635166255104E+01    6.786522250088E+01
    1.002507245614E+00   -3.816839900274E+00   -3.700645664380E-01    9.970403277794E+00    2.720433831641E+01    5.133192649503E+01
    1.127820526316E+00   -3.491033272393E+00   -7.677073531003E-01    7.402744030393E+00    2.101958375961E+01    4.008338702340E+01
    1.253133807018E+00   -3.192953058520E+00   -9.871931608593E-01    5.631392401135E+00    1.666080121350E+01    3.210252928232E+01
    1.378447087719E+00   -2.924230398091E+00   -1.101581292650E+00    4.369456109668E+00    1.348419569126E+01    2.624602060607E+01
    1.503760368421E+00   -2.684500885095E+00   -1.153532458902E+00    3.445832876765E+00    1.110388084799E+01    2.182743584907E+01
    1.629073649123E+00   -2.472196010812E+00   -1.168677918816E+00    2.754075920119E+00    9.277840018095E+00    1.841513904596E+01
    1.754386929825E+00   -2.285118724212E+00   -1.162718905890E+00    2.225654484531E+00    7.848529426909E+00    1.572714815444E+01
    1.879700210526E+00   -2.120827666444E+00   -1.145390992946E+00    1.815157782225E+00    6.710128239329E+00    1.357322954996E+01
    2.005013491228E+00   -1.976873566866E+00   -1.122759435642E+00    1.491725024057E+00    5.789614476360E+00    1.182145899642E+01
    2.130326771930E+00   -1.850931588979E+00   -1.098584059981E+00    1.233893457687E+00    5.035393732852E+00    1.037812712415E+01
    2.255640052632E+00   -1.740865698826E+00   -1.075148365976E+00    1.026405322480E+00    4.410236231509E+00    9.175246939908E+00
    2.380953333333E+00   -1.644751562163E+00   -1.053773396425E+00    8.581789292444E-01    3.886763354616E+00    8.162556036568E+00
    2.506266614035E+00   -1.560875948872E+00   -1.035143651397E+00    7.209933321293E-01    3.444491071772E+00    7.302263020361E+00
    2.631579894737E+00   -1.487724075783E+00   -1.019519996711E+00    6.086222282619E-01    3.067850406715E+00    6.565517064652E+00
    2.756893175439E+00   -1.423961735927E+00   -1.006883958561E+00    5.162569521117E-01    2.744835878797E+00    5.929986552644E+00
    2.882206456140E+00   -1.368416063816E+00   -9.970393864725E-01    4.401185066334E-01    2.466066200441E+00    5.378167512571E+00
    3.007519736842E+00   -1.320056931600E+00   -9.896862519127E-01    3.771942149749E-01    2.224120795736E+00    4.896181894500E+00
    3.132833017544E+00   -1.277979882724E+00   -9.844747091139E-01    3.250565109284E-01    2.013064052773E+00    4.472910609755E+00
    3.258146298246E+00   -1.241390906696E+00   -9.810439389854E-01    2.817355327878E-01    1.828099374311E+00    4.099359150479E+00
    3.383459578947E+00   -1.209593048121E+00   -9.790486383981E-01    2.456267392794E-01    1.665314277710E+00    3.768187265471E+00
    3.508772859649E+00   -1.181974700916E+00   -9.781754437958E-01    2.154213832716E-01    1.521490227171E+00    3.473355992659E+00
    3.634086140351E+00   -1.157999388464E+00   -9.781514468409E-01    1.900522236355E-01    1.393959070747E+00    3.209859744525E+00
    3.759399421053E+00   -1.137196826942E+00   -9.787468769914E-01    1.686498553280E-01    1.280493431756E+00    2.973520790332E+00
    3.884712701754E+00   -1.119155087074E+00   -9.797738308998E-01    1.505068999805E-01    1.179222118604E+00    2.760830039211E+00
    4.010025982456E+00   -1.103513695353E+00   -9.810826150034E-01    1.350483753241E-01    1.088564168711E+00    2.568822549914E+00
    4.135339263158E+00   -1.089957541915E+00   -9.825568964864E-01    1.218071409952E-01    1.007176916561E+00    2.394979349890E+00
    4.260652543860E+00   -1.078211486004E+00   -9.841084977095E-01    1.104036142755E-01    9.339147232108E-01    2.237149376143E+00
    4.385965824561E+00   -1.068035569987E+00   -9.856723638412E-01    1.005291020363E-01    8.677958905952E-01    2.093486943390E+00
    4.511279105263E+00   -1.059220768603E+00   -9.872019995161E-01    9.193218492919E-02    8.079759196182E-01    1.962401295308E+00
    4.636592385965E+00   -1.051585213023E+00   -9.886655082218E-01    8.440765656508E-02    7.537257306250E-01    1.842515633131E+00
    4.761905666667E+00   -1.044970838345E+00   -9.900422623488E-01    7.778758072014E-02    7.044138007390E-01    1.732633633683E+00
    4.887218947368E+00   -1.039240410659E+00   -9.913201715016E-01    7.193408778575E-02    6.594914192973E-01    1.631711927484E+00
    5.012532228070E+00   -1.034274895110E+00   -9.924934854322E-01    6.673358764703E-02    6.184804458366E-01    1.538837351405E+00
    5.137845508772E+00   -1.029971130510E+00   -9.935610559978E-01    6.209212823967E-02    5.809630920402E-01    1.453208050195E+00
    5.263158789474E+00   -1.026239779389E+00   -9.945249824518E-01    5.793167583638E-02    5.465733522134E-01    1.374117698895E+00
    5.388472070175E+00   -1.023003525216E+00   -9.953895703183E-01    5.418713393319E-02    5.149897852617E-01    1.300942269957E+00
    5.513785350877E+00   -1.020195490534E+00   -9.961605419439E-01    5.080395238136E-02    4.859294113766E-01    1.233128886269E+00
    5.639098631579E+00   -1.017757852341E+00   -9.968444470603E-01    4.773620736655E-02    4.591425329475E-01    1.170186392361E+00
    5.764411912281E+00   -1.015640632699E+00   -9.974482299221E-01    4.494505670664E-02    4.344083255777E-01    1.111677347669E+00
    5.889725192982E+00   -1.013800644497E+00   -9.979789177476E-01    4.239749429384E-02    4.115310735589E-01    1.057211201986E+00
    6.015038473684E+00   -1.012200574374E+00   -9.984434026066E-01    4.006534309917E-02    3.903369467109E-01    1.006438457806E+00
    6.140351754386E+00   -1.010808186023E+00   -9.988482937385E-01    3.792443865799E-02    3.706712336885E-01    9.590456599658E-01
    6.265665035088E+00   -1.009595629450E+00   -9.991998234801E-01    3.595396486249E-02    3.523959612536E-01    9.147510812755E-01
    6.390978315789E+00   -1.008538842514E+00   -9.995037921730E-01    3.413591180721E-02    3.353878410106E-01    8.733009960444E-01
    6.516291596491E+00   -1.007617033340E+00   -9.997655422871E-01    3.245463164291E-02    3.195364945510E-01    8.344664516988E-01
    6.641604877193E+00   -1.006812232706E+00   -9.999899526553E-01    3.089647336176E-02    3.047429160458E-01    7.980404640655E-01
    6.766918157895E+00   -1.006108907689E+00   -1.000181447678E+00    2.944948130573E-02    2.909181376599E-01    7.638355739071E-01
    6.892231438596E+00   -1.005493627924E+00   -1.000344015710E+00    2.810314530432E-02    2.779820687620E-01    7.316817127237E-01
    7.017544719298E+00   -1.004954777827E+00   -1.000481234005E+00    2.684819275620E-02    2.658624842278E-01    7.014243338558E-01
    7.142858000000E+00   -1.004482308261E+00   -1.000596297011E+00    2.567641491848E-02    2.544941410119E-01    6.729227720061E-01
    7.268171280702E+00   -1.004067522482E+00   -1.000692046557E+00    2.458052118267E-02    2.438180052219E-01    6.460487998468E-01
    7.393484561404E+00   -1.003702891473E+00   -1.000771002180E+00    2.355401633671E-02    2.337805746261E-01    6.206853552209E-01
    7.518797842105E+00   -1.003381894826E+00   -1.000835391079E+00    2.259109677129E-02    2.243332836873E-01    5.967254162997E-01
    7.644111122807E+00   -1.003098883496E+00   -1.000887176739E+00    2.168656236190E-02    2.154319801384E-01    5.740710054558E-01
    7.769424403509E+00   -1.002848961405E+00   -1.000928085848E+00    2.083574136970E-02    2.070364636710E-01    5.526323053482E-01
    7.894737684211E+00   -1.002627883389E+00   -1.000959633473E+00    2.003442619410E-02    1.991100786398E-01    5.323268730386E-01
    8.020050964912E+00   -1.002431967189E+00   -1.000983146332E+00    1.927881820712E-02    1.916193538404E-01    5.130789399706E-01
    8.145364245614E+00   -1.002258017352E+00   -1.000999783722E+00    1.856548021886E-02    1.845336833951E-01    4.948187873407E-01
    8.270677526316E+00   -1.002103259786E+00   -1.001010557017E+00    1.789129537162E-02    1.778250435476E-01    4.774821877015E-01
    8.395990807018E+00   -1.001965285037E+00   -1.001016346793E+00    1.725343148030E-02    1.714677409549E-01    4.610099050190E-01
    8.521304087719E+00   -1.001841999439E+00   -1.001017918504E+00    1.664930999380E-02    1.654381885833E-01    4.453472462769E-01
    8.646617368421E+00   -1.001731582826E+00   -1.001015936320E+00    1.607657889741E-02    1.597147058836E-01    4.304436587219E-01
    8.771930649123E+00   -1.001632452118E+00   -1.001010975720E+00    1.553308898376E-02    1.542773403264E-01    4.162523675234E-01
    8.897243929825E+00   -1.001543229617E+00   -1.001003534237E+00    1.501687301752E-02    1.491077077953E-01    4.027300493673E-01
    9.022557210526E+00   -1.001462715842E+00   -1.000994041463E+00    1.452612738707E-02    1.441888496029E-01    3.898365379367E-01
    9.147870491228E+00   -1.001389865869E+00   -1.000982867588E+00    1.405919590778E-02    1.395051042397E-01    3.775345578564E-01
    9.273183771930E+00   -1.001323768868E+00   -1.000970330944E+00    1.361455548726E-02    1.350419921621E-01    3.657894840083E-01
    9.398497052632E+00   -1.001263630439E+00   -1.000956704746E+00    1.319080340825E-02    1.307861121482E-01    3.545691235121E-01
    9.523810333333E+00   -1.001208757322E+00   -1.000942223020E+00    1.278664602123E-02    1.267250479372E-01    3.438435179982E-01
    9.649123614035E+00   -1.001158544079E+00   -1.000927085674E+00    1.240088866878E-02    1.228472840211E-01    3.335847640721E-01
    9.774436894737E+00   -1.001112461613E+00   -1.000911463030E+00    1.203242668828E-02    1.191421295886E-01    3.237668500927E-01
    9.899750175439E+00   -1.001070047236E+00   -1.000895499855E+00    1.168023736135E-02    1.155996497444E-01    3.143655076139E-01
    1.002506345614E+01   -1.001030895941E+00   -1.000879318630E+00    1.134337269779E-02    1.122106032379E-01    3.053580760380E-01
    1.015037673684E+01   -1.000994653028E+00   -1.000863022811E+00    1.102095295338E-02    1.089663860010E-01    2.967233791376E-01
    1.027569001754E+01   -1.000961007496E+00   -1.000846699235E+00    1.071216079930E-02    1.058589799112E-01    2.884416123293E-01
    1.040100329825E+01   -1.000929686424E+00   -1.000830420460E+00    1.041623606668E-02    1.028809062265E-01    2.804942396231E-01
    1.052631657895E+01   -1.000900450085E+00   -1.000814246776E+00    1.013247100273E-02    1.000251832240E-01    2.728638993345E-01
    1.065162985965E+01   -1.000873087700E+00   -1.000798227958E+00    9.860205981635E-03    9.728528761895E-02    2.655343177307E-01
    1.077694314035E+01   -1.000847413727E+00   -1.000782404730E+00    9.598825621055E-03    9.465511938891E-02    2.584902298670E-01
    1.090225642105E+01   -1.000823264597E+00   -1.000766809964E+00    9.347755260665E-03    9.212896966837E-02    2.517173069497E-01
    1.102756970175E+01   -1.000800496025E+00   -1.000751470016E+00    9.106457763699E-03    8.970149140899E-02    2.452020896098E-01
    1.115288298246E+01   -1.000778980480E+00   -1.000736405494E+00    8.874430609303E-03    8.736767255087E-02    2.389319265809E-01
    1.127819626316E+01   -1.000758605172E+00   -1.000721632312E+00    8.651203244328E-03    8.512281145247E-02    2.328949182621E-01
    1.140350954386E+01   -1.000739270049E+00   -1.000707162071E+00    8.436334669867E-03    8.296249438099E-02    2.270798647679E-01
    1.152882282456E+01   -1.000720886439E+00   -1.000693003190E+00    8.229411236793E-03    8.088257485087E-02    2.214762180198E-01
    1.165413610526E+01   -1.000703375413E+00   -1.000679160954E+00    8.030044632557E-03    7.887915466547E-02    2.160740375900E-01
    1.177944938596E+01   -1.000686666726E+00   -1.000665638291E+00    7.837870038066E-03    7.694856648178E-02    2.108639499121E-01
    1.190476266667E+01   -1.000670697703E+00   -1.000652436057E+00    7.652544439653E-03    7.508735777694E-02    2.058371106122E-01
    1.203007594737E+01   -1.000655412288E+00   -1.000639553336E+00    7.473745081255E-03    7.329227608432E-02    2.009851696782E-01
    1.215538922807E+01   -1.000640760383E+00   -1.000626988017E+00    7.301168042778E-03    7.156025538395E-02    1.963002392222E-01
    1.228070250877E+01   -1.000626696891E+00   -1.000614736536E+00    7.134526934817E-03    6.988840355892E-02    1.917748636521E-01
    1.240601578947E+01   -1.000613181349E+00   -1.000602794587E+00    6.973551696503E-03    6.827399080435E-02    1.874019920033E-01
    1.253132907018E+01   -1.000600177229E+00   -1.000591156981E+00    6.817987489521E-03    6.671443892796E-02    1.831749523037E-01
    1.265664235088E+01   -1.000587651633E+00   -1.000579818131E+00    6.667593677945E-03    6.520731144965E-02    1.790874277680E-01
    1.278195563158E+01   -1.000575574673E+00   -1.000568771761E+00    6.522142887815E-03    6.375030444765E-02    1.751334347105E-01
    1.290726891228E+01   -1.000563919293E+00   -1.000558011387E+00    6.381420137876E-03    6.234123807318E-02    1.713073020015E-01
    1.303258219298E+01   -1.000552660862E+00   -1.000547530219E+00    6.245222036587E-03    6.097804869147E-02    1.676036519770E-01
    1.315789547368E+01   -1.000541776871E+00   -1.000537321187E+00    6.113356039260E-03    5.965878159121E-02    1.640173826732E-01
    1.328320875439E+01   -1.000531246865E+00   -1.000527377362E+00    5.985639759728E-03    5.838158421364E-02    1.605436512755E-01
    1.340852203509E+01   -1.000521052014E+00   -1.000517691569E+00    5.861900333276E-03    5.714469987042E-02    1.571778587163E-01
    1.353383531579E+01   -1.000511175052E+00   -1.000508256689E+00    5.741973825086E-03    5.594646189790E-02    1.539156353008E-01
    1.365914859649E+01   -1.000501600087E+00   -1.000499065643E+00    5.625704681474E-03    5.478528822220E-02    1.507528273041E-01
    1.378446187719E+01   -1.000492312484E+00   -1.000490111476E+00    5.512945220033E-03    5.365967629940E-02    1.476854844606E-01
    1.390977515789E+01   -1.000483298622E+00   -1.000481387156E+00    5.403555155801E-03    5.256819840448E-02    1.447098482824E-01
    1.403508843860E+01   -1.000474545972E+00   -1.000472885964E+00    5.297401159996E-03    5.150949723591E-02    1.418223411337E-01
    1.416040171930E+01   -1.000466042839E+00   -1.000464601199E+00    5.194356449716E-03    5.048228182105E-02    1.390195560258E-01
    1.428571500000E+01   -1.000457778340E+00   -1.000456526326E+00    5.094300405248E-03    4.948532369146E-02    1.362982470625E-01
    1.441102828070E+01   -1.000449742382E+00   -1.000448655077E+00    4.997118213327E-03    4.851745331149E-02    1.336553204962E-01
    1.453634156140E+01   -1.000441925435E+00   -1.000440981163E+00    4.902700534598E-03    4.757755674344E-02    1.310878263571E-01
    1.466165484211E+01   -1.000434318636E+00   -1.000433498593E+00    4.810943192571E-03    4.666457252547E-02    1.285929505991E-01
    1.478696812281E+01   -1.000426913614E+00   -1.000426201438E+00    4.721746883548E-03    4.577748875411E-02    1.261680077439E-01
    1.491228140351E+01   -1.000419702561E+00   -1.000419084073E+00    4.635016904931E-03    4.491534035011E-02    1.238104339730E-01
    1.503759468421E+01   -1.000412678062E+00   -1.000412140923E+00    4.550662901588E-03    4.407720650039E-02    1.215177806514E-01
    1.516290796491E+01   -1.000405833178E+00   -1.000405366697E+00    4.468598627822E-03    4.326220825768E-02    1.192877082375E-01
    1.528822124561E+01   -1.000399161306E+00   -1.000398756183E+00    4.388741725023E-03    4.246950629215E-02    1.171179805682E-01
    1.541353452632E+01   -1.000392656226E+00   -1.000392304398E+00    4.311013512719E-03    4.169829877981E-02    1.150064594816E-01
    1.553884780702E+01   -1.000386312025E+00   -1.000386006480E+00    4.235338792981E-03    4.094781942161E-02    1.129510997623E-01
    1.566416108772E+01   -1.000380123099E+00   -1.000379857753E+00    4.161645666733E-03    4.021733558195E-02    1.109499443836E-01
    1.578947436842E+01   -1.000374084092E+00   -1.000373853631E+00    4.089865361278E-03    3.950614653998E-02    1.090011200302E-01
    1.591478764912E+01   -1.000368189985E+00   -1.000367989842E+00    4.019932068279E-03    3.881358184404E-02    1.071028328772E-01
    1.604010092982E+01   -1.000362435942E+00   -1.000362262144E+00    3.951782791523E-03    3.813899976583E-02    1.052533646189E-01
    1.616541421053E+01   -1.000356817316E+00   -1.000356666369E+00    3.885357203704E-03    3.748178584397E-02    1.034510687212E-01
    1.629072749123E+01   -1.000351329759E+00   -1.000351198674E+00    3.820597511559E-03    3.684135151168E-02    1.016943668846E-01
    1.641604077193E+01   -1.000345969054E+00   -1.000345855218E+00    3.757448329033E-03    3.621713280625E-02    9.998174571309E-02
    1.654135405263E+01   -1.000340731178E+00   -1.000340632309E+00    3.695856557776E-03    3.560858915070E-02    9.831175356493E-02
    1.666666733333E+01   -1.000335612299E+00   -1.000335526430E+00    3.635771274446E-03    3.501520220531E-02    9.668299757935E-02
    1.679198061404E+01   -1.000330608759E+00   -1.000330534198E+00    3.577143624515E-03    3.443647478429E-02    9.509414086833E-02
    1.691729389474E+01   -1.000325716976E+00   -1.000325652207E+00    3.519926722009E-03    3.387192983378E-02    9.354389986342E-02
    1.704260717544E+01   -1.000320933624E+00   -1.000320877381E+00    3.464075554979E-03    3.332110946470E-02    9.203104180195E-02
    1.716792045614E+01   -1.000316255413E+00   -1.000316206558E+00    3.409546896163E-03    3.278357404200E-02    9.055438235634E-02
    1.729323373684E+01   -1.000311679247E+00   -1.000311636815E+00    3.356299218543E-03    3.225890132100E-02    8.911278338367E-02
    1.741854701754E+01   -1.000307202117E+00   -1.000307165259E+00    3.304292615669E-03    3.174668563284E-02    8.770515080007E-02
    1.754386029825E+01   -1.000302821185E+00   -1.000302789210E+00    3.253488726155E-03    3.124653711238E-02    8.633043256390E-02
    1.766917357895E+01   -1.000298533596E+00   -1.000298505825E+00    3.203850662443E-03    3.075808096956E-02    8.498761676997E-02
    1.779448685965E+01   -1.000294336687E+00   -1.000294312537E+00    3.155342943137E-03    3.028095679670E-02    8.367572983582E-02
    1.791980014035E+01   -1.000290227981E+00   -1.000290207033E+00    3.107931429047E-03    2.981481791402E-02    8.239383478620E-02
    1.804511342105E+01   -1.000286204875E+00   -1.000286186649E+00    3.061583262809E-03    2.935933075135E-02    8.114102963048E-02
    1.817042670175E+01   -1.000282265106E+00   -1.000282249301E+00    3.016266811180E-03    2.891417425717E-02    7.991644581040E-02
    1.829573998246E+01   -1.000278406289E+00   -1.000278392571E+00    2.971951610963E-03    2.847903934397E-02    7.871924674157E-02
    1.842105326316E+01   -1.000274626196E+00   -1.000274614265E+00    2.928608317085E-03    2.805362835756E-02    7.754862641656E-02
    1.854636654386E+01   -1.000270922746E+00   -1.000270912403E+00    2.886208653728E-03    2.763765457521E-02    7.640380808269E-02
    1.867167982456E+01   -1.000267293802E+00   -1.000267284811E+00    2.844725367957E-03    2.723084173036E-02    7.528404298849E-02
    1.879699310526E+01   -1.000263737405E+00   -1.000263729595E+00    2.804132185352E-03    2.683292355865E-02    7.418860918534E-02
    1.892230638596E+01   -1.000260251614E+00   -1.000260244829E+00    2.764403768245E-03    2.644364336886E-02    7.311681039395E-02
    1.904761966667E+01   -1.000256834563E+00   -1.000256828670E+00    2.725515675810E-03    2.606275363399E-02    7.206797492293E-02
    1.917293294737E+01   -1.000253484459E+00   -1.000253479350E+00    2.687444326159E-03    2.569001560277E-02    7.104145464054E-02
    1.929824622807E+01   -1.000250199519E+00   -1.000250195063E+00    2.650166960379E-03    2.532519893047E-02    7.003662399676E-02
    1.942355950877E+01   -1.000246978092E+00   -1.000246974208E+00    2.613661608180E-03    2.496808132675E-02    6.905287908977E-02
    1.954887278947E+01   -1.000243818567E+00   -1.000243815208E+00    2.577907055290E-03    2.461844822158E-02    6.808963677942E-02
    1.967418607018E+01   -1.000240719343E+00   -1.000240716447E+00    2.542882812464E-03    2.427609244687E-02    6.714633384191E-02
    1.979949935088E+01   -1.000237678839E+00   -1.000237676304E+00    2.508569085869E-03    2.394081393300E-02    6.622242616352E-02
    1.992481263158E+01   -1.000234695625E+00   -1.000234693402E+00    2.474946748894E-03    2.361241941934E-02    6.531738797052E-02
    2.005012591228E+01   -1.000231768298E+00   -1.000231766383E+00    2.441997315291E-03    2.329072217932E-02    6.443071109774E-02
    2.017543919298E+01   -1.000228895422E+00   -1.000228893762E+00    2.409702913631E-03    2.297554175824E-02    6.356190429023E-02
    2.030075247368E+01   -1.000226075655E+00   -1.000226074206E+00    2.378046262857E-03    2.266670372233E-02    6.271049253447E-02
    2.042606575439E+01   -1.000223307686E+00   -1.000223306401E+00    2.347010649040E-03    2.236403942021E-02    6.187601642231E-02
    2.055137903509E+01   -1.000220590328E+00   -1.000220589251E+00    2.316579903066E-03    2.206738575462E-02    6.105803154185E-02
    2.067669231579E+01   -1.000217922232E+00   -1.000217921272E+00    2.286738379549E-03    2.177658496624E-02    6.025610789995E-02
    2.080200559649E+01   -1.000215302304E+00   -1.000215301474E+00    2.257470936509E-03    2.149148442418E-02    5.946982936276E-02
    2.092731887719E+01   -1.000212729353E+00   -1.000212728630E+00    2.228762916044E-03    2.121193642919E-02    5.869879312933E-02
    2.105263215789E+01   -1.000210202258E+00   -1.000210201609E+00    2.200600125830E-03    2.093779802355E-02    5.794260922309E-02
    2.117794543860E+01   -1.000207719953E+00   -1.000207719376E+00    2.172968821510E-03    2.066893081006E-02    5.720090000728E-02
    2.130325871930E+01   -1.000205281377E+00   -1.000205280859E+00    2.145855689805E-03    2.040520077920E-02    5.647329972222E-02
    2.142857200000E+01   -1.000202885527E+00   -1.000202885100E+00    2.119247832279E-03    2.014647814348E-02    5.575945404104E-02
    2.155388528070E+01   -1.000200531362E+00   -1.000200530954E+00    2.093132750036E-03    1.989263717965E-02    5.505901964686E-02
    2.167919856140E+01   -1.000198217973E+00   -1.000198217633E+00    2.067498328830E-03    1.964355607646E-02    5.437166382432E-02
    2.180451184211E+01   -1.000195944386E+00   -1.000195944076E+00    2.042332825035E-03    1.939911679080E-02    5.369706407336E-02
    2.192982512281E+01   -1.000193709705E+00   -1.000193709414E+00    2.017624851959E-03    1.915920490834E-02    5.303490773489E-02
    2.205513840351E+01   -1.000191513053E+00   -1.000191512801E+00    1.993363367017E-03    1.892370951102E-02    5.238489163492E-02
    2.218045168421E+01   -1.000189353577E+00   -1.000189353391E+00    1.969537659245E-03    1.869252304993E-02    5.174672174275E-02
    2.230576496491E+01   -1.000187230396E+00   -1.000187230113E+00    1.946137337471E-03    1.846554122385E-02    5.112011284417E-02
    2.243107824561E+01   -1.000185142767E+00   -1.000185142585E+00    1.923152318768E-03    1.824266286136E-02    5.050478822443E-02
    2.255639152632E+01   -1.000183089857E+00   -1.000183089670E+00    1.900572817722E-03    1.802378981080E-02    4.990047937186E-02
    2.268170480702E+01   -1.000181070924E+00   -1.000181070807E+00    1.878389335755E-03    1.780882683145E-02    4.930692568477E-02
    2.280701808772E+01   -1.000179085188E+00   -1.000179084955E+00    1.856592651307E-03    1.759768149192E-02    4.872387419783E-02
    2.293233136842E+01   -1.000177131960E+00   -1.000177131759E+00    1.835173809915E-03    1.739026407026E-02    4.815107931256E-02
    2.305764464912E+01   -1.000175210519E+00   -1.000175210280E+00    1.814124115184E-03    1.718648746072E-02    4.758830254605E-02
    2.318295792982E+01   -1.000173320182E+00   -1.000173319955E+00    1.793435119813E-03    1.698626708197E-02    4.703531228325E-02
    2.330827121053E+01   -1.000171460279E+00   -1.000171460034E+00    1.773098617112E-03    1.678952079050E-02    4.649188354329E-02
    2.343358449123E+01   -1.000169630160E+00   -1.000169629915E+00    1.753106632751E-03    1.659616879668E-02    4.595779775276E-02
    2.355889777193E+01   -1.000167829193E+00   -1.000167828929E+00    1.733451416954E-03    1.640613358460E-02    4.543284252918E-02
    2.368421105263E+01   -1.000166056762E+00   -1.000166056486E+00    1.714125436936E-03    1.621933983477E-02    4.491681147226E-02
    2.380952433333E+01   -1.000164312266E+00   -1.000164312101E+00    1.695121369628E-03    1.603571435001E-02    4.440950396336E-02
    2.393483761404E+01   -1.000162595121E+00   -1.000162594949E+00    1.676432094721E-03    1.585518598457E-02    4.391072497392E-02
    2.406015089474E+01   -1.000160904758E+00   -1.000160904520E+00    1.658050687920E-03    1.567768557513E-02    4.342028487871E-02
    2.418546417544E+01   -1.000159240624E+00   -1.000159240310E+00    1.639970414565E-03    1.550314587520E-02    4.293799927851E-02
    2.431077745614E+01   -1.000157602177E+00   -1.000157601894E+00    1.622184723334E-03    1.533150149183E-02    4.246368882854E-02
    2.443609073684E+01   -1.000155988893E+00   -1.000155988639E+00    1.604687240371E-03    1.516268882496E-02    4.199717907427E-02
    2.456140401754E+01   -1.000154400258E+00   -1.000154399921E+00    1.587471763494E-03    1.499664600865E-02    4.153830029235E-02
    2.468671729825E+01   -1.000152835772E+00   -1.000152835465E+00    1.570532256643E-03    1.483331285455E-02    4.108688733721E-02
    2.481203057895E+01   -1.000151294948E+00   -1.000151294647E+00    1.553862844655E-03    1.467263079813E-02    4.064277949556E-02
    2.493734385965E+01   -1.000149777312E+00   -1.000149777034E+00    1.537457808004E-03    1.451454284617E-02    4.020582034371E-02
    2.506265714035E+01   -1.000148282401E+00   -1.000148282017E+00    1.521311578030E-03    1.435899352674E-02    3.977585761212E-02
    2.518797042105E+01   -1.000146809761E+00   -1.000146809408E+00    1.505418732033E-03    1.420592884038E-02    3.935274305288E-02
    2.531328370175E+01   -1.000145358955E+00   -1.000145358628E+00    1.489773988814E-03    1.405529621411E-02    3.893633231481E-02
    2.543859698246E+01   -1.000143929551E+00   -1.000143929230E+00    1.474372204193E-03    1.390704445613E-02    3.852648482058E-02
    2.556391026316E+01   -1.000142521130E+00   -1.000142520775E+00    1.459208366817E-03    1.376112371269E-02    3.812306364955E-02
    2.568922354386E+01   -1.000141133285E+00   -1.000141132827E+00    1.444277594000E-03    1.361748542635E-02    3.772593542441E-02
    2.581453682456E+01   -1.000139765616E+00   -1.000139765141E+00    1.429575127829E-03    1.347608229576E-02    3.733497020179E-02
    2.593985010526E+01   -1.000138417733E+00   -1.000138417239E+00    1.415096331322E-03    1.333686823710E-02    3.695004136768E-02
    2.606516338596E+01   -1.000137089256E+00   -1.000137088755E+00    1.400836684758E-03    1.319979834661E-02    3.657102553525E-02
    2.619047666667E+01   -1.000135779816E+00   -1.000135779266E+00    1.386791782120E-03    1.306482886458E-02    3.619780244722E-02
    2.631578994737E+01   -1.000134489050E+00   -1.000134488411E+00    1.372957327726E-03    1.293191714055E-02    3.583025488109E-02
    2.644110322807E+01   -1.000133216603E+00   -1.000133215989E+00    1.359329132879E-03    1.280102159976E-02    3.546826855785E-02
    2.656641650877E+01   -1.000131962132E+00   -1.000131961605E+00    1.345903112691E-03    1.267210171098E-02    3.511173205442E-02
    2.669172978947E+01   -1.000130725298E+00   -1.000130724688E+00    1.332675283032E-03    1.254511795529E-02    3.476053671867E-02
    2.681704307018E+01   -1.000129505774E+00   -1.000129505167E+00    1.319641757505E-03    1.242003179549E-02    3.441457658626E-02
    2.694235635088E+01   -1.000128303236E+00   -1.000128302565E+00    1.306798744666E-03    1.229680564760E-02    3.407374830284E-02
    2.706766963158E+01   -1.000127117372E+00   -1.000127116594E+00    1.294142545141E-03    1.217540285237E-02    3.373795104653E-02
    2.719298291228E+01   -1.000125947874E+00   -1.000125947152E+00    1.281669549059E-03    1.205578764814E-02    3.340708645408E-02
    2.731829619298E+01   -1.000124794441E+00   -1.000124793779E+00    1.269376233408E-03    1.193792514496E-02    3.308105855014E-02
    2.744360947368E+01   -1.000123656783E+00   -1.000123655926E+00    1.257259159535E-03    1.182178129908E-02    3.275977367784E-02
    2.756892275439E+01   -1.000122534611E+00   -1.000122533726E+00    1.245314970737E-03    1.170732288805E-02    3.244314043097E-02
    2.769423603509E+01   -1.000121427646E+00   -1.000121426753E+00    1.233540389969E-03    1.159451748776E-02    3.213106959126E-02
    2.781954931579E+01   -1.000120335614E+00   -1.000120334815E+00    1.221932217483E-03    1.148333344916E-02    3.182347406484E-02
    2.794486259649E+01   -1.000119258249E+00   -1.000119257357E+00    1.210487328777E-03    1.137373987640E-02    3.152026882283E-02
    2.807017587719E+01   -1.000118195287E+00   -1.000118194330E+00    1.199202672350E-03    1.126570660509E-02    3.122137084177E-02
    2.819548915789E+01   -1.000117146474E+00   -1.000117145484E+00    1.188075267819E-03    1.115920418193E-02    3.092669904825E-02
    2.832080243860E+01   -1.000116111560E+00   -1.000116110604E+00    1.177102203731E-03    1.105420384462E-02    3.063617426388E-02
    2.844611571930E+01   -1.000115090299E+00   -1.000115089231E+00    1.166280635869E-03    1.095067750268E-02    3.034971915300E-02
    2.857142900000E+01   -1.000114082454E+00   -1.000114081379E+00    1.155607785229E-03    1.084859771831E-02    3.006725817055E-02
    2.869674228070E+01   -1.000113087789E+00   -1.000113086733E+00    1.145080936361E-03    1.074793768878E-02    2.978871751372E-02
    2.882205556140E+01   -1.000112106076E+00   -1.000112104782E+00    1.134697435532E-03    1.064867122873E-02    2.951402507377E-02
    2.894736884211E+01   -1.000111137090E+00   -1.000111135941E+00    1.124454689069E-03    1.055077275274E-02    2.924311038843E-02
    2.907268212281E+01   -1.000110180614E+00   -1.000110179382E+00    1.114350161818E-03    1.045421725990E-02    2.897590459964E-02
    2.919799540351E+01   -1.000109236431E+00   -1.000109235135E+00    1.104381375448E-03    1.035898031696E-02    2.871234040750E-02
    2.932330868421E+01   -1.000108304334E+00   -1.000108302973E+00    1.094545906997E-03    1.026503804337E-02    2.845235202952E-02
    2.944862196491E+01   -1.000107384114E+00   -1.000107382720E+00    1.084841387388E-03    1.017236709631E-02    2.819587515951E-02
    2.957393524561E+01   -1.000106475573E+00   -1.000106474191E+00    1.075265499952E-03    1.008094465621E-02    2.794284692808E-02
    2.969924852632E+01   -1.000105578514E+00   -1.000105577017E+00    1.065815979118E-03    9.990748412848E-03    2.769320586465E-02
    2.982456180702E+01   -1.000104692742E+00   -1.000104691132E+00    1.056490608994E-03    9.901756551575E-03    2.744689185969E-02
    2.994987508772E+01   -1.000103818070E+00   -1.000103816493E+00    1.047287222093E-03    9.813947740290E-03    2.720384612915E-02
    3.007518836842E+01   -1.000102954313E+00   -1.000102952666E+00    1.038203698062E-03    9.727301116861E-03    2.696401118000E-02
    3.020050164912E+01   -1.000102101290E+00   -1.000102099534E+00    1.029237962489E-03    9.641796276499E-03    2.672733077574E-02
    3.032581492982E+01   -1.000101258824E+00   -1.000101257002E+00    1.020387985652E-03    9.557413259890E-03    2.649374990383E-02
    3.045112821053E+01   -1.000100426741E+00   -1.000100424961E+00    1.011651781425E-03    9.474132541616E-03    2.626321474409E-02
    3.057644149123E+01   -1.000099604871E+00   -1.000099603002E+00    1.003027406149E-03    9.391935018990E-03    2.603567263807E-02
    3.070175477193E+01   -1.000098793049E+00   -1.000098791144E+00    9.945129574662E-04    9.310802000862E-03    2.581107205841E-02
    3.082706805263E+01   -1.000097991110E+00   -1.000097989070E+00    9.861065734154E-04    9.230715197323E-03    2.558936258067E-02
    3.095238133333E+01   -1.000097198894E+00   -1.000097196888E+00    9.778064312600E-04    9.151656709132E-03    2.537049485436E-02
    3.107769461404E+01   -1.000096416246E+00   -1.000096414255E+00    9.696107466144E-04    9.073609018087E-03    2.515442057655E-02
    3.120300789474E+01   -1.000095643012E+00   -1.000095640806E+00    9.615177724200E-04    8.996554977175E-03    2.494109246490E-02
    3.132832117544E+01   -1.000094879041E+00   -1.000094876836E+00    9.535257979880E-04    8.920477800940E-03    2.473046423125E-02
    3.145363445614E+01   -1.000094124186E+00   -1.000094121987E+00    9.456331481792E-04    8.845361056852E-03    2.452249055802E-02
    3.157894773684E+01   -1.000093378302E+00   -1.000093376004E+00    9.378381824354E-04    8.771188656171E-03    2.431712707311E-02
    3.170426101754E+01   -1.000092641248E+00   -1.000092638916E+00    9.301392939554E-04    8.697944845297E-03    2.411433032622E-02
    3.182957429825E+01   -1.000091912884E+00   -1.000091910479E+00    9.225349089199E-04    8.625614197648E-03    2.391405776661E-02
    3.195488757895E+01   -1.000091193076E+00   -1.000091190506E+00    9.150234855531E-04    8.554181605406E-03    2.371626772039E-02
    3.208020085965E+01   -1.000090481688E+00   -1.000090479029E+00    9.076035134987E-04    8.483632271626E-03    2.352091936901E-02
    3.220551414035E+01   -1.000089778591E+00   -1.000089775939E+00    9.002735128958E-04    8.413951702701E-03    2.332797272846E-02
    3.233082742105E+01   -1.000089083655E+00   -1.000089080952E+00    8.930320337988E-04    8.345125700960E-03    2.313738862907E-02
    3.245614070175E+01   -1.000088396756E+00   -1.000088393924E+00    8.858776553022E-04    8.277140357332E-03    2.294912869531E-02
    3.258145398246E+01   -1.000087717769E+00   -1.000087714873E+00    8.788089849705E-04    8.209982044347E-03    2.276315532670E-02
    3.270676726316E+01   -1.000087046574E+00   -1.000087043703E+00    8.718246581081E-04    8.143637409418E-03    2.257943167927E-02
    3.283208054386E+01   -1.000086383051E+00   -1.000086380088E+00    8.649233370723E-04    8.078093368243E-03    2.239792164749E-02
    3.295739382456E+01   -1.000085727085E+00   -1.000085723920E+00    8.581037106563E-04    8.013337098227E-03    2.221858984625E-02
    3.308270710526E+01   -1.000085078560E+00   -1.000085075351E+00    8.513644934396E-04    7.949356032236E-03    2.204140159367E-02
    3.320802038596E+01   -1.000084437365E+00   -1.000084434081E+00    8.447044252813E-04    7.886137852714E-03    2.186632289503E-02
    3.333333366667E+01   -1.000083803389E+00   -1.000083800232E+00    8.381222705776E-04    7.823670485511E-03    2.169332042574E-02
    3.345864694737E+01   -1.000083176525E+00   -1.000083173271E+00    8.316168177778E-04    7.761942094456E-03    2.152236151645E-02
    3.358396022807E+01   -1.000082556667E+00   -1.000082553374E+00    8.251868788300E-04    7.700941075346E-03    2.135341413665E-02
    3.370927350877E+01   -1.000081943709E+00   -1.000081940346E+00    8.188312885866E-04    7.640656050847E-03    2.118644688054E-02
    3.383458678947E+01   -1.000081337551E+00   -1.000081334037E+00    8.125489043211E-04    7.581075865058E-03    2.102142895217E-02
    3.395990007018E+01   -1.000080738093E+00   -1.000080734492E+00    8.063386051582E-04    7.522189578329E-03    2.085833015119E-02
    3.408521335088E+01   -1.000080145234E+00   -1.000080141457E+00    8.001992916953E-04    7.463986462389E-03    2.069712085954E-02
    3.421052663158E+01   -1.000079558880E+00   -1.000079554970E+00    7.941298853047E-04    7.406455995312E-03    2.053777202744E-02
    3.433583991228E+01   -1.000078978936E+00   -1.000078975193E+00    7.881293278853E-04    7.349587856811E-03    2.038025516069E-02
    3.446115319298E+01   -1.000078405307E+00   -1.000078401313E+00    7.821965812504E-04    7.293371923917E-03    2.022454230862E-02
    3.458646647368E+01   -1.000077837903E+00   -1.000077833849E+00    7.763306267194E-04    7.237798265868E-03    2.007060605014E-02
    3.471177975439E+01   -1.000077276634E+00   -1.000077272481E+00    7.705304646881E-04    7.182857140314E-03    1.991841948329E-02
    3.483709303509E+01   -1.000076721411E+00   -1.000076717328E+00    7.647951142262E-04    7.128538988713E-03    1.976795621263E-02
    3.496240631579E+01   -1.000076172149E+00   -1.000076167920E+00    7.591236125872E-04    7.074834432454E-03    1.961919033843E-02
    3.508771959649E+01   -1.000075628762E+00   -1.000075624378E+00    7.535150148574E-04    7.021734268505E-03    1.947209644493E-02
    3.521303287719E+01   -1.000075091166E+00   -1.000075086755E+00    7.479683935816E-04    6.969229465669E-03    1.932664958989E-02
    3.533834615789E+01   -1.000074559280E+00   -1.000074554791E+00    7.424828382951E-04    6.917311160783E-03    1.918282529419E-02
    3.546365943860E+01   -1.000074033023E+00   -1.000074028439E+00    7.370574552550E-04    6.865970654881E-03    1.904059953128E-02
    3.558897271930E+01   -1.000073512315E+00   -1.000073507651E+00    7.316913670032E-04    6.815199409586E-03    1.889994871731E-02
    3.571428600000E+01   -1.000072997079E+00   -1.000072992433E+00    7.263837119871E-04    6.764989043580E-03    1.876084970128E-02
    3.583959928070E+01   -1.000072487238E+00   -1.000072482409E+00    7.211336443282E-04    6.715331329235E-03    1.862327975596E-02
    3.596491256140E+01   -1.000071982717E+00   -1.000071977950E+00    7.159403333781E-04    6.666218188995E-03    1.848721656782E-02
    3.609022584211E+01   -1.000071483443E+00   -1.000071478386E+00    7.108029634018E-04    6.617641692502E-03    1.835263822912E-02
    3.621553912281E+01   -1.000070989343E+00   -1.000070984255E+00    7.057207332688E-04    6.569594052895E-03    1.821952322782E-02
    3.634085240351E+01   -1.000070500345E+00   -1.000070495226E+00    7.006928562112E-04    6.522067624163E-03    1.808785044024E-02
    3.646616568421E+01   -1.000070016379E+00   -1.000070011020E+00    6.957185594223E-04    6.475054897905E-03    1.795759912214E-02
    3.659147896491E+01   -1.000069537377E+00   -1.000069532072E+00    6.907970837511E-04    6.428548500216E-03    1.782874890015E-02
    3.671679224561E+01   -1.000069063271E+00   -1.000069057927E+00    6.859276834870E-04    6.382541189157E-03    1.770127976485E-02
    3.684210552632E+01   -1.000068593994E+00   -1.000068588462E+00    6.811096260759E-04    6.337025851681E-03    1.757517206230E-02
    3.696741880702E+01   -1.000068129480E+00   -1.000068123957E+00    6.763421917522E-04    6.291995500857E-03    1.745040648638E-02
    3.709273208772E+01   -1.000067669666E+00   -1.000067664134E+00    6.716246733234E-04    6.247443273421E-03    1.732696407201E-02
    3.721804536842E+01   -1.000067214488E+00   -1.000067208768E+00    6.669563759718E-04    6.203362427017E-03    1.720482618768E-02
    3.734335864912E+01   -1.000066763883E+00   -1.000066758147E+00    6.623366168759E-04    6.159746337564E-03    1.708397452809E-02
    3.746867192982E+01   -1.000066317791E+00   -1.000066311937E+00    6.577647250714E-04    6.116588497005E-03    1.696439110803E-02
    3.759398521053E+01   -1.000065876152E+00   -1.000065870294E+00    6.532400410952E-04    6.073882510655E-03    1.684605825499E-02
    3.771929849123E+01   -1.000065438906E+00   -1.000065432947E+00    6.487619168589E-04    6.031622095020E-03    1.672895860325E-02
    3.784461177193E+01   -1.000065005995E+00   -1.000064999955E+00    6.443297153735E-04    5.989801075345E-03    1.661307508713E-02
    3.796992505263E+01   -1.000064577361E+00   -1.000064571282E+00    6.399428104347E-04    5.948413383439E-03    1.649839093484E-02
    3.809523833333E+01   -1.000064152949E+00   -1.000064146549E+00    6.356005865820E-04    5.907453055526E-03    1.638488966282E-02
    3.822055161404E+01   -1.000063732703E+00   -1.000063726310E+00    6.313024387086E-04    5.866914229859E-03    1.627255506897E-02
    3.834586489474E+01   -1.000063316569E+00   -1.000063310044E+00    6.270477719592E-04    5.826791145007E-03    1.616137122801E-02
    3.847117817544E+01   -1.000062904492E+00   -1.000062898039E+00    6.228360014759E-04    5.787078137455E-03    1.605132248487E-02
    3.859649145614E+01   -1.000062496421E+00   -1.000062489831E+00    6.186665521815E-04    5.747769639898E-03    1.594239344995E-02
    3.872180473684E+01   -1.000062092303E+00   -1.000062085639E+00    6.145388586531E-04    5.708860179036E-03    1.583456899311E-02
    3.884711801754E+01   -1.000061692087E+00   -1.000061685346E+00    6.104523648818E-04    5.670344373842E-03    1.572783423892E-02
    3.897243129825E+01   -1.000061295723E+00   -1.000061288847E+00    6.064065240297E-04    5.632216933663E-03    1.562217456123E-02
    3.909774457895E+01   -1.000060903160E+00   -1.000060896164E+00    6.024007983998E-04    5.594472656363E-03    1.551757557839E-02
    3.922305785965E+01   -1.000060514352E+00   -1.000060507192E+00    5.984346590535E-04    5.557106426618E-03    1.541402314818E-02
    3.934837114035E+01   -1.000060129250E+00   -1.000060122074E+00    5.945075858669E-04    5.520113214096E-03    1.531150336318E-02
    3.947368442105E+01   -1.000059747805E+00   -1.000059740507E+00    5.906190671285E-04    5.483488071913E-03    1.521000254614E-02
    3.959899770175E+01   -1.000059369974E+00   -1.000059362618E+00    5.867685995222E-04    5.447226134806E-03    1.510950724522E-02
    3.972431098246E+01   -1.000058995708E+00   -1.000058988446E+00    5.829556879373E-04    5.411322617633E-03    1.501000422974E-02
    3.984962426316E+01   -1.000058624964E+00   -1.000058617632E+00    5.791798453032E-04    5.375772813818E-03    1.491148048595E-02
    3.997493754386E+01   -1.000058257697E+00   -1.000058250197E+00    5.754405923863E-04    5.340572093714E-03    1.481392321243E-02
    4.010025082456E+01   -1.000057893863E+00   -1.000057886268E+00    5.717374577132E-04    5.305715903120E-03    1.471731981610E-02
    4.022556410526E+01   -1.000057533420E+00   -1.000057525532E+00    5.680699773436E-04    5.271199761903E-03    1.462165790836E-02
    4.035087738596E+01   -1.000057176324E+00   -1.000057168554E+00    5.644376947957E-04    5.237019262361E-03    1.452692530062E-02
    4.047619066667E+01   -1.000056822535E+00   -1.000056814472E+00    5.608401609021E-04    5.203170068167E-03    1.443311000139E-02
    4.060150394737E+01   -1.000056472012E+00   -1.000056463950E+00    5.572769335482E-04    5.169647912543E-03    1.434020021113E-02
    4.072681722807E+01   -1.000056124714E+00   -1.000056116595E+00    5.537475777286E-04    5.136448597314E-03    1.424818431985E-02
    4.085213050877E+01   -1.000055780601E+00   -1.000055772484E+00    5.502516652811E-04    5.103567991364E-03    1.415705090271E-02
    4.097744378947E+01   -1.000055439633E+00   -1.000055431244E+00    5.467887747936E-04    5.071002029485E-03    1.406678871688E-02
    4.110275707018E+01   -1.000055101773E+00   -1.000055093313E+00    5.433584914381E-04    5.038746710941E-03    1.397738669753E-02
    4.122807035088E+01   -1.000054766983E+00   -1.000054758603E+00    5.399604069234E-04    5.006798098440E-03    1.388883395510E-02
    4.135338363158E+01   -1.000054435225E+00   -1.000054426626E+00    5.365941193418E-04    4.975152316899E-03    1.380111977187E-02
    4.147869691228E+01   -1.000054106461E+00   -1.000054097719E+00    5.332592330187E-04    4.943805552118E-03    1.371423359822E-02
    4.160401019298E+01   -1.000053780656E+00   -1.000053771761E+00    5.299553584048E-04    4.912754049799E-03    1.362816505000E-02
    4.172932347368E+01   -1.000053457773E+00   -1.000053448883E+00    5.266821120118E-04    4.881994114324E-03    1.354290390515E-02
    4.185463675439E+01   -1.000053137778E+00   -1.000053128646E+00    5.234391162228E-04    4.851522107779E-03    1.345844010098E-02
    4.197995003509E+01   -1.000052820635E+00   -1.000052811537E+00    5.202259992620E-04    4.821334448670E-03    1.337476373067E-02
    4.210526331579E+01   -1.000052506311E+00   -1.000052497054E+00    5.170423950325E-04    4.791427611127E-03    1.329186504106E-02
    4.223057659649E+01   -1.000052194770E+00   -1.000052185447E+00    5.138879430342E-04    4.761798123651E-03    1.320973442917E-02
    4.235588987719E+01   -1.000051885981E+00   -1.000051876483E+00    5.107622882559E-04    4.732442568262E-03    1.312836243987E-02
    4.248120315789E+01   -1.000051579910E+00   -1.000051570249E+00    5.076650810729E-04    4.703357579422E-03    1.304773976291E-02
    4.260651643860E+01   -1.000051276525E+00   -1.000051266737E+00    5.045959771557E-04    4.674539843110E-03    1.296785723037E-02
    4.273182971930E+01   -1.000050975794E+00   -1.000050965862E+00    5.015546373832E-04    4.645986095887E-03    1.288870581410E-02
    4.285714300000E+01   -1.000050677685E+00   -1.000050667822E+00    4.985407277160E-04    4.617693123924E-03    1.281027662297E-02
    4.298245628070E+01   -1.000050382167E+00   -1.000050372116E+00    4.955539191362E-04    4.589657762228E-03    1.273256090082E-02
    4.310776956140E+01   -1.000050089210E+00   -1.000050079083E+00    4.925938875526E-04    4.561876893560E-03    1.265555002341E-02
    4.323308284211E+01   -1.000049798784E+00   -1.000049788425E+00    4.896603136981E-04    4.534347447746E-03    1.257923549656E-02
    4.335839612281E+01   -1.000049510859E+00   -1.000049500378E+00    4.867528830510E-04    4.507066400696E-03    1.250360895344E-02
    4.348370940351E+01   -1.000049225404E+00   -1.000049214807E+00    4.838712857553E-04    4.480030773683E-03    1.242866215255E-02
    4.360902268421E+01   -1.000048942393E+00   -1.000048931613E+00    4.810152165282E-04    4.453237632487E-03    1.235438697537E-02
    4.373433596491E+01   -1.000048661795E+00   -1.000048651058E+00    4.781843745931E-04    4.426684086539E-03    1.228077542405E-02
    4.385964924561E+01   -1.000048383584E+00   -1.000048372667E+00    4.753784635945E-04    4.400367288306E-03    1.220781961960E-02
    4.398496252632E+01   -1.000048107730E+00   -1.000048096573E+00    4.725971915125E-04    4.374284432339E-03    1.213551179940E-02
    4.411027580702E+01   -1.000047834207E+00   -1.000047822871E+00    4.698402705852E-04    4.348432754614E-03    1.206384431528E-02
    4.423558908772E+01   -1.000047562987E+00   -1.000047551583E+00    4.671074172489E-04    4.322809531814E-03    1.199280963156E-02
    4.436090236842E+01   -1.000047294045E+00   -1.000047282431E+00    4.643983520591E-04    4.297412080616E-03    1.192240032314E-02
    4.448621564912E+01   -1.000047027353E+00   -1.000047015489E+00    4.617127996163E-04    4.272237756945E-03    1.185260907334E-02
    4.461152892982E+01   -1.000046762886E+00   -1.000046750852E+00    4.590504884892E-04    4.247283955299E-03    1.178342867212E-02
    4.473684221053E+01   -1.000046500617E+00   -1.000046488286E+00    4.564111511622E-04    4.222548108116E-03    1.171485201433E-02
    4.486215549123E+01   -1.000046240523E+00   -1.000046227943E+00    4.537945239511E-04    4.198027685051E-03    1.164687209763E-02
    4.498746877193E+01   -1.000045982577E+00   -1.000045970055E+00    4.512003469481E-04    4.173720192357E-03    1.157948202089E-02
    4.511278205263E+01   -1.000045726756E+00   -1.000045713941E+00    4.486283639729E-04    4.149623172347E-03    1.151267498265E-02
    4.523809533333E+01   -1.000045473035E+00   -1.000045459936E+00    4.460783224542E-04    4.125734202585E-03    1.144644427886E-02
    4.536340861404E+01   -1.000045221389E+00   -1.000045207919E+00    4.435499734379E-04    4.102050895414E-03    1.138078330165E-02
    4.548872189474E+01   -1.000044971796E+00   -1.000044958184E+00    4.410430714723E-04    4.078570897286E-03    1.131568553743E-02
    4.561403517544E+01   -1.000044724232E+00   -1.000044710382E+00    4.385573745789E-04    4.055291888286E-03    1.125114456555E-02
    4.573934845614E+01   -1.000044478673E+00   -1.000044464582E+00    4.360926441704E-04    4.032211581431E-03    1.118715405648E-02
    4.586466173684E+01   -1.000044235097E+00   -1.000044220760E+00    4.336486450243E-04    4.009327722194E-03    1.112370777032E-02
    4.598997501754E+01   -1.000043993483E+00   -1.000043978878E+00    4.312251452023E-04    3.986638087914E-03    1.106079955533E-02
    4.611528829825E+01   -1.000043753806E+00   -1.000043738955E+00    4.288219159916E-04    3.964140487259E-03    1.099842334640E-02
    4.624060157895E+01   -1.000043516046E+00   -1.000043500794E+00    4.264387318753E-04    3.941832759747E-03    1.093657316364E-02
    4.636591485965E+01   -1.000043280180E+00   -1.000043264627E+00    4.240753704601E-04    3.919712775128E-03    1.087524311082E-02
    4.649122814035E+01   -1.000043046188E+00   -1.000043030306E+00    4.217316124300E-04    3.897778432983E-03    1.081442737414E-02
    4.661654142105E+01   -1.000042814048E+00   -1.000042797790E+00    4.194072414874E-04    3.876027662159E-03    1.075412022076E-02
    4.674185470175E+01   -1.000042583739E+00   -1.000042567244E+00    4.171020443193E-04    3.854458420288E-03    1.069431599739E-02
    4.686716798246E+01   -1.000042355241E+00   -1.000042338331E+00    4.148158105410E-04    3.833068693369E-03    1.063500912919E-02
    4.699248126316E+01   -1.000042128533E+00   -1.000042111331E+00    4.125483326314E-04    3.811856495183E-03    1.057619411816E-02
    4.711779454386E+01   -1.000041903596E+00   -1.000041885991E+00    4.102994059250E-04    3.790819866959E-03    1.051786554217E-02
    4.724310782456E+01   -1.000041680409E+00   -1.000041662409E+00    4.080688285215E-04    3.769956876816E-03    1.046001805347E-02
    4.736842110526E+01   -1.000041458952E+00   -1.000041440419E+00    4.058564012714E-04    3.749265619405E-03    1.040264637765E-02
    4.749373438596E+01   -1.000041239207E+00   -1.000041220467E+00    4.036619277028E-04    3.728744215362E-03    1.034574531220E-02
    4.761904766667E+01   -1.000041021154E+00   -1.000041001855E+00    4.014852140288E-04    3.708390811081E-03    1.028930972580E-02
    4.774436094737E+01   -1.000040804774E+00   -1.000040785025E+00    3.993260690367E-04    3.688203578041E-03    1.023333455652E-02
    4.786967422807E+01   -1.000040590049E+00   -1.000040569966E+00    3.971843040986E-04    3.668180712587E-03    1.017781481119E-02
    4.799498750877E+01   -1.000040376960E+00   -1.000040356213E+00    3.950597331168E-04    3.648320435484E-03    1.012274556421E-02
    4.812030078947E+01   -1.000040165488E+00   -1.000040144305E+00    3.929521724646E-04    3.628620991433E-03    1.006812195611E-02
    4.824561407018E+01   -1.000039955616E+00   -1.000039933754E+00    3.908614409640E-04    3.609080648836E-03    1.001393919301E-02
    4.837092735088E+01   -1.000039747325E+00   -1.000039724864E+00    3.887873598489E-04    3.589697699254E-03    9.960192545104E-03
    4.849624063158E+01   -1.000039540598E+00   -1.000039517677E+00    3.867297527180E-04    3.570470457148E-03    9.906877345882E-03
    4.862155391228E+01   -1.000039335418E+00   -1.000039311910E+00    3.846884455019E-04    3.551397259504E-03    9.853988991144E-03
    4.874686719298E+01   -1.000039131767E+00   -1.000039107639E+00    3.826632664168E-04    3.532476465411E-03    9.801522937831E-03
    4.887218047368E+01   -1.000038929629E+00   -1.000038904815E+00    3.806540459539E-04    3.513706455759E-03    9.749474703184E-03
    4.899749375439E+01   -1.000038728985E+00   -1.000038703655E+00    3.786606168090E-04    3.495085632857E-03    9.697839863680E-03
    4.912280703509E+01   -1.000038529820E+00   -1.000038503684E+00    3.766828138696E-04    3.476612420164E-03    9.646614054313E-03
    4.924812031579E+01   -1.000038332117E+00   -1.000038305587E+00    3.747204741738E-04    3.458285261821E-03    9.595792967263E-03
    4.937343359649E+01   -1.000038135860E+00   -1.000038108329E+00    3.727734368959E-04    3.440102622550E-03    9.545372351653E-03
    4.949874687719E+01   -1.000037941032E+00   -1.000037912962E+00    3.708415432770E-04    3.422062987009E-03    9.495348011765E-03
    4.962406015789E+01   -1.000037747618E+00   -1.000037718778E+00    3.689246366119E-04    3.404164859813E-03    9.445715807061E-03
    4.974937343860E+01   -1.000037555601E+00   -1.000037525955E+00    3.670225622359E-04    3.386406764998E-03    9.396471650735E-03
    4.987468671930E+01   -1.000037364967E+00   -1.000037334471E+00    3.651351674527E-04    3.368787245801E-03    9.347611509113E-03
    5.000000000000E+01   -1.000037175699E+00   -1.000037144465E+00    3.632623015342E-04    3.351304864339E-03    9.299131400725E-03
