          10         200  0.50000000000000000        2.0000000000000000     
  1  1       0.00       2.00       3.00 **VQfit parameters
  -9.999970955804E-01  -3.982075280751E-01   4.068584502252E+01      4.110E-11
  1  2       2.00       3.00       4.00 **VQfit parameters
  -1.072003413935E-04   8.125416282443E-02  -2.977441309980E+01      1.950E-15
  1  2       1.00       2.00       3.00 **PmatFit parameters
  -4.505645936316E-04   5.361417349836E-01   5.695050583088E+01      2.027E-12
  1  3       2.00       3.00       4.00 **VQfit parameters
   2.825098493129E-04  -2.218051039509E-01   8.477709238710E+01      3.626E-15
  1  3       1.00       2.00       3.00 **PmatFit parameters
   1.409728336862E-03  -1.639929821691E+00  -1.657862822571E+02      6.719E-12
  1  4       2.00       3.00       4.00 **VQfit parameters
   3.487349887806E-04  -3.003155701449E-01   1.265159080152E+02      7.018E-16
  1  4       1.00       2.00       3.00 **PmatFit parameters
   2.537966933238E-03  -2.835840476157E+00  -2.597250335825E+02      1.324E-11
  1  5       2.00       3.00       4.00 **VQfit parameters
  -2.599375203865E-04   2.879357456161E-01  -1.473270882099E+02      1.281E-14
  1  5       1.00       2.00       3.00 **PmatFit parameters
  -3.931697723703E-03   4.177526135051E+00   3.298070460343E+02      2.252E-11
  1  6       2.00       3.00       4.00 **VQfit parameters
  -8.950981197492E-06   1.738087667979E-01  -1.410544982803E+02      3.147E-14
  1  6       1.00       2.00       3.00 **PmatFit parameters
  -5.664457547699E-03   5.707700949933E+00   3.684487867973E+02      3.513E-11
  1  7       2.00       3.00       4.00 **VQfit parameters
   3.581864804972E-04  -2.865959936320E-02  -1.030339062256E+02      5.138E-14
  1  7       1.00       2.00       3.00 **PmatFit parameters
  -7.780699564449E-03   7.455094760067E+00   3.698399049845E+02      5.117E-11
  1  8       2.00       3.00       4.00 **VQfit parameters
   7.226310674664E-04  -2.743567168607E-01  -2.897528123466E+01      6.189E-14
  1  8       1.00       2.00       3.00 **PmatFit parameters
  -1.029211634858E-02   9.432552107572E+00   3.302071215234E+02      7.024E-11
  1  9       2.00       3.00       4.00 **VQfit parameters
  -8.432612583188E-04   4.703167179022E-01  -8.998649460380E+01      4.308E-14
  1  9       1.00       2.00       3.00 **PmatFit parameters
   1.317669874899E-02  -1.163637866475E+01  -2.479319985798E+02      9.149E-11
  1 10       2.00       3.00       4.00 **VQfit parameters
   9.971500722108E-05  -4.000395238760E-01   2.982386926503E+02      5.819E-14
  1 10       1.00       2.00       3.00 **PmatFit parameters
  -1.638044450644E-02   1.404690769203E+01   1.235240571930E+02      1.137E-10
  2  2       0.00       2.00       3.00 **VQfit parameters
   1.820144735790E-08   7.790099247362E+00   2.877231677018E+01      1.323E-13
  2  3       2.00       3.00       4.00 **VQfit parameters
  -3.637648024098E-05   2.142011931514E-02  -8.439843169677E+00      1.695E-15
  2  3       1.00       2.00       3.00 **PmatFit parameters
  -8.831900369673E-06   1.337903416612E+00   1.460827708588E+00      5.656E-14
  2  4       2.00       3.00       4.00 **VQfit parameters
  -5.687721570898E-05   3.361305016019E-02  -7.585620350897E+00      2.601E-15
  2  4       1.00       2.00       3.00 **PmatFit parameters
  -1.130897826560E-05   7.470268001290E-01   8.279608836669E-02      8.981E-14
  2  5       2.00       3.00       4.00 **VQfit parameters
   7.638561539143E-05  -4.543513512051E-02   8.531242259744E+00      3.392E-15
  2  5       1.00       2.00       3.00 **PmatFit parameters
   1.414735033558E-05  -5.266138106241E-01   6.761687224972E-01      1.166E-13
  2  6       2.00       3.00       4.00 **VQfit parameters
   9.381534230206E-05  -5.630174702001E-02   9.703390730043E+00      3.997E-15
  2  6       1.00       2.00       3.00 **PmatFit parameters
   1.664408319247E-05  -4.097139623309E-01   1.233492192684E+00      1.350E-13
  2  7       2.00       3.00       4.00 **VQfit parameters
   1.088430689333E-04  -6.605851531701E-02   1.078505764621E+01      4.392E-15
  2  7       1.00       2.00       3.00 **PmatFit parameters
   1.855835310605E-05  -3.369622257600E-01   1.676122920403E+00      1.435E-13
  2  8       2.00       3.00       4.00 **VQfit parameters
   1.216734412912E-04  -7.482826804616E-02   1.162528333053E+01      4.586E-15
  2  8       1.00       2.00       3.00 **PmatFit parameters
   1.975914977728E-05  -2.871329272912E-01   2.031655362946E+00      1.412E-13
  2  9       2.00       3.00       4.00 **VQfit parameters
  -1.335953040501E-04   8.330639097714E-02  -1.206736179682E+01      4.653E-15
  2  9       1.00       2.00       3.00 **PmatFit parameters
  -2.017245278001E-05   2.506648706057E-01  -2.310828059094E+00      1.279E-13
  2 10       2.00       3.00       4.00 **VQfit parameters
   1.504428908779E-04  -9.461406390187E-02   1.165030037226E+01      4.910E-15
  2 10       1.00       2.00       3.00 **PmatFit parameters
   1.976756464612E-05  -2.226016341719E-01   2.518898803668E+00      1.040E-13
  3  3       0.00       2.00       3.00 **VQfit parameters
   1.422852837000E-07   7.011499981547E+01   2.581380355250E+02      9.918E-13
  3  4       2.00       3.00       4.00 **VQfit parameters
   1.661656468972E-04  -9.908350654613E-02   3.707466157994E+01      7.376E-15
  3  4       1.00       2.00       3.00 **PmatFit parameters
   6.635819825174E-05  -3.370568151174E+00   1.334024225813E+00      5.520E-13
  3  5       2.00       3.00       4.00 **VQfit parameters
  -2.242920375954E-04   1.340066104770E-01  -2.861832130238E+01      9.787E-15
  3  5       1.00       2.00       3.00 **PmatFit parameters
  -5.981929693511E-05   1.900930746573E+00  -3.404216570570E+00      5.062E-13
  3  6       2.00       3.00       4.00 **VQfit parameters
  -2.765520770303E-04   1.665510250975E-01  -3.008358307282E+01      1.161E-14
  3  6       1.00       2.00       3.00 **PmatFit parameters
  -6.204118831497E-05   1.369474263493E+00  -4.817903156880E+00      5.149E-13
  3  7       2.00       3.00       4.00 **VQfit parameters
  -3.216168608572E-04   1.958120524314E-01  -3.263444737274E+01      1.279E-14
  3  7       1.00       2.00       3.00 **PmatFit parameters
  -6.500936186380E-05   1.086146837873E+00  -5.955327883045E+00      5.152E-13
  3  8       2.00       3.00       4.00 **VQfit parameters
  -3.602057473211E-04   2.221811601619E-01  -3.483907865819E+01      1.337E-14
  3  8       1.00       2.00       3.00 **PmatFit parameters
  -6.686743273199E-05   9.070901332778E-01  -6.881837110545E+00      4.923E-13
  3  9       2.00       3.00       4.00 **VQfit parameters
   3.963640650896E-04  -2.478310196063E-01   3.598950421969E+01      1.359E-14
  3  9       1.00       2.00       3.00 **PmatFit parameters
   6.689783053734E-05  -7.821777073443E-01   7.613246646723E+00      4.413E-13
  3 10       2.00       3.00       4.00 **VQfit parameters
  -4.481753380650E-04   2.824305757997E-01  -3.461153561935E+01      1.444E-14
  3 10       1.00       2.00       3.00 **PmatFit parameters
  -6.479102905526E-05   6.890098119649E-01  -8.154711625133E+00      3.614E-13
  4  4       0.00       2.00       3.00 **VQfit parameters
   2.838326887096E-07   1.947849215579E+02   7.129757509298E+02      1.738E-12
  4  5       2.00       3.00       4.00 **VQfit parameters
  -3.347905755917E-04   2.046007638422E-01  -8.066227925710E+01      1.343E-14
  4  5       1.00       2.00       3.00 **PmatFit parameters
  -2.135054955841E-04   5.307821113340E+00  -1.471671741898E+01      1.854E-12
  4  6       2.00       3.00       4.00 **VQfit parameters
  -4.385758686000E-04   2.667008647631E-01  -5.658933293115E+01      1.767E-14
  4  6       1.00       2.00       3.00 **PmatFit parameters
  -1.599322326863E-04   2.950156838718E+00  -1.327982897544E+01      1.364E-12
  4  7       2.00       3.00       4.00 **VQfit parameters
  -5.172662152994E-04   3.172475964563E-01  -5.615516911520E+01      1.987E-14
  4  7       1.00       2.00       3.00 **PmatFit parameters
  -1.464291852396E-04   2.123434088430E+00  -1.373687295320E+01      1.200E-12
  4  8       2.00       3.00       4.00 **VQfit parameters
  -5.832981365178E-04   3.620990334904E-01  -5.822840629044E+01      2.095E-14
  4  8       1.00       2.00       3.00 **PmatFit parameters
  -1.403173817346E-04   1.689192401553E+00  -1.448934315206E+01      1.078E-12
  4  9       2.00       3.00       4.00 **VQfit parameters
   6.456026066363E-04  -4.059424297791E-01   5.938746839738E+01      2.143E-14
  4  9       1.00       2.00       3.00 **PmatFit parameters
   1.347768502515E-04  -1.416051060125E+00   1.519643456367E+01      9.422E-13
  4 10       2.00       3.00       4.00 **VQfit parameters
  -7.367824996141E-04   4.661773408687E-01  -5.659733591305E+01      2.313E-14
  4 10       1.00       2.00       3.00 **PmatFit parameters
  -1.274756811567E-04   1.225231935987E+00  -1.573655957331E+01      7.746E-13
  5  5       0.00       2.00       3.00 **VQfit parameters
   2.350220672493E-07   3.818392473233E+02   1.385636346537E+03      4.917E-13
  5  6       2.00       3.00       4.00 **VQfit parameters
   4.796220040632E-04  -3.063934995140E-01   1.341037427824E+02      1.552E-14
  5  6       1.00       2.00       3.00 **PmatFit parameters
   4.842618744957E-04  -7.281816540666E+00   4.297222038529E+01      4.195E-12
  5  7       2.00       3.00       4.00 **VQfit parameters
   6.654721849012E-04  -4.151205065700E-01   8.824288416813E+01      2.359E-14
  5  7       1.00       2.00       3.00 **PmatFit parameters
   3.257040585448E-04  -3.994096855386E+00   3.144926466266E+01      2.735E-12
  5  8       2.00       3.00       4.00 **VQfit parameters
   7.741310441718E-04  -4.862208957335E-01   8.343628466142E+01      2.613E-14
  5  8       1.00       2.00       3.00 **PmatFit parameters
   2.746462770135E-04  -2.860237773860E+00   2.857388899704E+01      2.189E-12
  5  9       2.00       3.00       4.00 **VQfit parameters
  -8.702573314763E-04   5.522714473825E-01  -8.243345245202E+01      2.735E-14
  5  9       1.00       2.00       3.00 **PmatFit parameters
  -2.465957138540E-04   2.271195658690E+00  -2.760643764848E+01      1.819E-12
  5 10       2.00       3.00       4.00 **VQfit parameters
   1.010969884192E-03  -6.435240037122E-01   7.713410393303E+01      3.049E-14
  5 10       1.00       2.00       3.00 **PmatFit parameters
   2.244668067154E-04  -1.902835267472E+00   2.717728609230E+01      1.479E-12
  6  6       0.00       2.00       3.00 **VQfit parameters
  -3.028972384898E-07   6.313349836941E+02   2.264980125725E+03      5.395E-12
  6  7       2.00       3.00       4.00 **VQfit parameters
   5.307892415016E-04  -3.689072580038E-01   1.905510727699E+02      9.098E-15
  6  7       1.00       2.00       3.00 **PmatFit parameters
   9.000521274262E-04  -9.329671443338E+00   8.973009543569E+01      7.627E-12
  6  8       2.00       3.00       4.00 **VQfit parameters
   8.786555285240E-04  -5.668651363074E-01   1.191140919418E+02      2.551E-14
  6  8       1.00       2.00       3.00 **PmatFit parameters
   5.641921478037E-04  -5.063008907900E+00   5.946399612137E+01      4.596E-12
  6  9       2.00       3.00       4.00 **VQfit parameters
  -1.048660473400E-03   6.758672400715E-01  -1.069852490152E+02      2.994E-14
  6  9       1.00       2.00       3.00 **PmatFit parameters
  -4.490291720125E-04   3.604672638183E+00  -5.019552145797E+01      3.439E-12
  6 10       2.00       3.00       4.00 **VQfit parameters
   1.264619979140E-03  -8.116742470978E-01   9.620756193749E+01      3.603E-14
  6 10       1.00       2.00       3.00 **PmatFit parameters
   3.840240287086E-04  -2.852219628391E+00   4.584424849915E+01      2.688E-12
  7  7       0.00       2.00       3.00 **VQfit parameters
  -1.704873359941E-06   9.433444161168E+02   3.336754445795E+03      1.917E-11
  7  8       2.00       3.00       4.00 **VQfit parameters
   4.343581198150E-04  -3.643507397286E-01   2.417019094249E+02      8.982E-15
  7  8       1.00       2.00       3.00 **PmatFit parameters
   1.467440171306E-03  -1.146633726691E+01   1.576699277486E+02      1.199E-11
  7  9       2.00       3.00       4.00 **VQfit parameters
  -1.094579974269E-03   7.319815862281E-01  -1.428636090815E+02      2.403E-14
  7  9       1.00       2.00       3.00 **PmatFit parameters
  -8.748181711836E-04   6.168188299209E+00  -9.838923756138E+01      6.820E-12
  7 10       2.00       3.00       4.00 **VQfit parameters
   1.479813886857E-03  -9.616035160092E-01   1.153660966835E+02      3.861E-14
  7 10       1.00       2.00       3.00 **PmatFit parameters
   6.668570166255E-04  -4.366274748227E+00   7.913931157692E+01      4.841E-12
  8  8       0.00       2.00       3.00 **VQfit parameters
  -4.404468750962E-06   1.317952296190E+03   4.584042633196E+03      4.446E-11
  8  9       2.00       3.00       4.00 **VQfit parameters
  -2.116614598038E-04   3.038434185026E-01  -2.765673971712E+02      3.697E-14
  8  9       1.00       2.00       3.00 **PmatFit parameters
  -2.176902172373E-03   1.369448235489E+01  -2.483940120324E+02      1.693E-11
  8 10       2.00       3.00       4.00 **VQfit parameters
   1.550024210742E-03  -1.037595171242E+00   1.438537960313E+02      3.206E-14
  8 10       1.00       2.00       3.00 **PmatFit parameters
   1.249100276707E-03  -7.311885782051E+00   1.487534499031E+02      9.185E-12
  9  9       0.00       2.00       3.00 **VQfit parameters
  -8.874515953300E-06   1.755252852749E+03   5.987700183127E+03      8.501E-11
  9 10       2.00       3.00       4.00 **VQfit parameters
  -2.929908900709E-04   4.154921829972E-01  -2.684400279610E+02      5.031E-14
  9 10       1.00       2.00       3.00 **PmatFit parameters
  -3.002823636806E-03   1.600700748058E+01  -3.623818357016E+02      2.188E-11
 10 10       0.00       2.00       3.00 **VQfit parameters
  -1.561469144046E-05   2.255349198681E+03   7.525933372563E+03      1.445E-10
