#       10      200
    1.000000000000E-06    1.559068710917E+02    3.117691453657E+13    1.247076581453E+14    2.805922308265E+14    4.988306325802E+14    7.794228634063E+14    1.122368923305E+15    1.527668812276E+15    1.995322530320E+15    2.525330077436E+15
    5.076629378046E-03   -5.999904430501E+00    1.209706630671E+06    4.838844522379E+06    1.088740767523E+07    1.935539608921E+07    3.024280976433E+07    4.354964870059E+07    5.927591289799E+07    7.742160235653E+07    9.798671707621E+07
    2.030351751218E-02   -5.998571930765E+00    7.562338552642E+04    3.025115378202E+05    6.806584583099E+05    1.210064146995E+06    1.890728603877E+06    2.722651828954E+06    3.705833822227E+06    4.840274583696E+06    6.125974113361E+06
    4.568166440241E-02   -5.992779684139E+00    1.493396239867E+04    5.975382793349E+04    1.344536038249E+05    2.390332900728E+05    3.734928866772E+05    5.378323936382E+05    7.320518109558E+05    9.561511386299E+05    1.210130376661E+06
    8.121107004874E-02   -5.977240083912E+00    4.721208498537E+03    1.890276571432E+04    4.253869440729E+04    7.562899457745E+04    1.181736662248E+05    1.701727093493E+05    2.316261239511E+05    3.025339100300E+05    3.828960675861E+05
    1.268917344512E-01   -5.944736718282E+00    1.930327708360E+03    7.739145043565E+03    1.742050726890E+04    3.097441438438E+04    4.840086638999E+04    6.969986328574E+04    9.487140507163E+04    1.239154917476E+05    1.568321233138E+05
    1.827236576097E-01   -5.886530415428E+00    9.278913294459E+02    3.729224909014E+03    8.398114208295E+03    1.493455922729E+04    2.333855996599E+04    3.361011642441E+04    4.574922860254E+04    5.975589650038E+04    7.563012011794E+04
    2.487068395243E-01   -5.793129831647E+00    4.982383656390E+02    2.010332852043E+03    4.530490329382E+03    8.058710797657E+03    1.259499425687E+04    1.813934070701E+04    2.469175014810E+04    3.225222258011E+04    4.082075800307E+04
    3.248412801949E-01   -5.655517428057E+00    2.897990483709E+02    1.176162745764E+03    2.653435574751E+03    4.721617535334E+03    7.380708627511E+03    1.063070885128E+04    1.447161820665E+04    1.890343669361E+04    2.392616431217E+04
    4.111269796217E-01   -5.466782798097E+00    1.789842864405E+02    7.323374941611E+02    1.654592840358E+03    2.945750325034E+03    4.605809948189E+03    6.634771709822E+03    9.032635609934E+03    1.179940164853E+04    1.493506982560E+04
    5.075639378046E-01   -5.223897397611E+00    1.157945609718E+02    4.788499361473E+02    1.083942228067E+03    1.931071436754E+03    3.020237562210E+03    4.351440604433E+03    5.924680563424E+03    7.739957439183E+03    9.797271231710E+03
    6.141521547436E-01   -4.929140372696E+00    7.772815150162E+01    3.257000275249E+02    7.389864872742E+02    1.317587530927E+03    2.061503158481E+03    2.970733369937E+03    4.045278165294E+03    5.285137544552E+03    6.690311507711E+03
    7.308916304386E-01   -4.590602783059E+00    5.377099240658E+01    2.288557793544E+02    5.206637560124E+02    9.291949233636E+02    1.454449281394E+03    2.096426830102E+03    2.855127569484E+03    3.730551499542E+03    4.722698620274E+03
    8.577823648898E-01   -4.221393716249E+00    3.815060174748E+01    1.652665887388E+02    3.771265603361E+02    6.737305207640E+02    1.055078469935E+03    1.521170407830E+03    2.072006334442E+03    2.707586249767E+03    3.427910153805E+03
    9.948243580970E-01   -3.837633021542E+00    2.766453807776E+01    1.221710262560E+02    2.796818176588E+02    5.001969265914E+02    7.837163526134E+02    1.130240095623E+03    1.539768155587E+03    2.012300532491E+03    2.547837226329E+03
    1.142017610060E+00   -3.455817626265E+00    2.044918728403E+01    9.216401859145E+01    2.116886798636E+02    3.790232096147E+02    5.941676060401E+02    8.571218687236E+02    1.167885997526E+03    1.526459992391E+03    1.932843853290E+03
    1.299362120780E+00   -3.090388564892E+00    1.537590056824E+01    7.077394854309E+01    1.631039140392E+02    2.923658792388E+02    4.585598380041E+02    6.616857889181E+02    9.017437315085E+02    1.178733665581E+03    1.492655591043E+03
    1.466857890255E+00   -2.752161418255E+00    1.173840971739E+01    5.520734871242E+01    1.276554211942E+02    2.290827616202E+02    3.594893522903E+02    5.188751891165E+02    7.072402707363E+02    9.245845965885E+02    1.170908166407E+03
    1.644504918487E+00   -2.447845244895E+00    9.082947224904E+00    4.366764274721E+01    1.013087210850E+02    1.820063279127E+02    2.857604190934E+02    4.125709844262E+02    5.624380205109E+02    7.353615259472E+02    9.313415000721E+02
    1.832303205475E+00   -2.180445240871E+00    7.111701445679E+00    3.497000067676E+01    8.140084506859E+01    1.464042406364E+02    2.299800904677E+02    3.321283721375E+02    4.528490781704E+02    5.921422054884E+02    7.500077526334E+02
    2.030252751218E+00   -1.950130882432E+00    5.625706229243E+00    2.831561782010E+01    6.613360398085E+01    1.190792044192E+02    1.871522286269E+02    2.703526324419E+02    3.686804011426E+02    4.821355286670E+02    6.107180121435E+02
    2.238353555718E+00   -1.755178177272E+00    4.489894003514E+00    2.315521116691E+01    5.426778433922E+01    9.782613743422E+01    1.538299301267E+02    2.222790833291E+02    3.031735706747E+02    3.965133813062E+02    5.022985100802E+02
    2.456605618974E+00   -1.592752509494E+00    3.611135113077E+00    1.910421193685E+01    4.493351769916E+01    8.109578224244E+01    1.275904456674E+02    1.844173774395E+02    2.515765340333E+02    3.290678975240E+02    4.168914594202E+02
    2.685008940986E+00   -1.459461558860E+00    2.924167873091E+00    1.588884457849E+01    3.750984737616E+01    6.778114983584E+01    1.067018935683E+02    1.542718776581E+02    2.104910350906E+02    2.753593382648E+02    3.488767741046E+02
    2.923563521755E+00   -1.351708370256E+00    2.382463554850E+00    1.331115138545E+01    3.154660550511E+01    5.707898688094E+01    8.990705637941E+01    1.300305226362E+02    1.774492884171E+02    2.321633136673E+02    2.941725794088E+02
    3.172269361279E+00   -1.265908219080E+00    1.952242236759E+00    1.122590063022E+01    2.671276283953E+01    4.839814351869E+01    7.628034309362E+01    1.103589599046E+02    1.506338598003E+02    1.971049875035E+02    2.497723168193E+02
    3.431126459559E+00   -1.198625636877E+00    1.608527244371E+00    9.525091720187E+00    2.276168274701E+01    4.129787785054E+01    6.513144471961E+01    9.426185295324E+01    1.286889251905E+02    1.684125883203E+02    2.134328076895E+02
    3.700134816596E+00   -1.146666994080E+00    1.332528051137E+00    8.127398331678E+00    1.950736835942E+01    3.544563216437E+01    5.593936299862E+01    8.098788552622E+01    1.105909735488E+02    1.447485337724E+02    1.834605219643E+02
    3.979294432388E+00   -1.107145177867E+00    1.109890959623E+00    6.970869719423E+00    1.680797896290E+01    3.058769404933E+01    4.830654422422E+01    6.996369575214E+01    9.555886877478E+01    1.250919477807E+02    1.585628779819E+02
    4.268605306937E+00   -1.077521381646E+00    9.295158815698E-01    6.007812416947E+00    1.455422812618E+01    2.652852044801E+01    4.192653742956E+01    6.074727634051E+01    8.299039968233E+01    1.086557680168E+02    1.377433151737E+02
    4.568067440241E+00   -1.055624447695E+00    7.827411812703E-01    5.201151234367E+00    1.266110828441E+01    2.311597312326E+01    3.656088728742E+01    5.299467121177E+01    7.241692658502E+01    9.482748863838E+01    1.202262791311E+02
    4.877680832302E+00   -1.039648283213E+00    6.627674811993E-01    4.521807626694E+00    1.106191353780E+01    2.023064448784E+01    3.202242131918E+01    4.643588227903E+01    6.347056580359E+01    8.312628066035E+01    1.054029359707E+02
    5.197445483119E+00   -1.028130093496E+00    5.642377245459E-01    3.946787260016E+00    9.703871315014E+00    1.777805106633E+01    2.816302293926E+01    4.085723979409E+01    5.586017501894E+01    7.317161001551E+01    9.279144080059E+01
    5.527361392692E+00   -1.019914468405E+00    4.829217661781E-01    3.457768570354E+00    8.544914541924E+00    1.568286235781E+01    2.486459032495E+01    3.608836454421E+01    4.935359211791E+01    6.466002637493E+01    8.200754984296E+01
    5.867428561021E+00   -1.014109481178E+00    4.154737357824E-01    3.040049817809E+00    7.551271982561E+00    1.388459130034E+01    2.203228406055E+01    3.199242978540E+01    4.376436853674E+01    5.734782502972E+01    7.274266798585E+01
    6.217646988106E+00   -1.010040619405E+00    3.592425895884E-01    2.681755821253E+00    6.695652151147E+00    1.233434584371E+01    1.958943696703E+01    2.845882000261E+01    3.894176764034E+01    5.103797558589E+01    6.474729849413E+01
    6.578016673948E+00   -1.007207011739E+00    3.121232396697E-01    2.373234939087E+00    5.955862409732E+00    1.099235881841E+01    1.747368336704E+01    2.539754827782E+01    3.476315891480E+01    4.557018171004E+01    5.781845704122E+01
    6.948537618545E+00   -1.005242688724E+00    2.724394965835E-01    2.106596883677E+00    5.313750285562E+00    9.826094179791E+00    1.563399151853E+01    2.273497624759E+01    3.112818679730E+01    4.081326018528E+01    5.179002234793E+01
    7.329209821898E+00   -1.003884075782E+00    2.388522290586E-01    1.875355775144E+00    4.754385559207E+00    8.808783946445E+00    1.402837096526E+01    2.041050748070E+01    2.795426570754E+01    3.665925322710E+01    4.652528141570E+01
    7.720033284008E+00   -1.002943799947E+00    2.102875099741E-01    1.674152510724E+00    4.265423803863E+00    7.918289696204E+00    1.262208847873E+01    1.837401438530E+01    2.517307444968E+01    3.301884691187E+01    4.191112851481E+01
    8.121008004874E+00   -1.002290243110E+00    1.858805160961E-01    1.498537375430E+00    3.836607758920E+00    7.136210574993E+00    1.138627028111E+01    1.658382223138E+01    2.272780962845E+01    2.981778158191E+01    3.785352017468E+01
    8.532133984495E+00   -1.001831973121E+00    1.649317643644E-01    1.344798736962E+00    3.459374188259E+00    6.447179938855E+00    1.029679983934E+01    1.500511945232E+01    2.057101981967E+01    2.699402124759E+01    3.427389118018E+01
    8.953411222873E+00   -1.001506130950E+00    1.468729547782E-01    1.209827228818E+00    3.126542028764E+00    5.838307351073E+00    9.333443409393E+00    1.360869640644E+01    1.866288722332E+01    2.449550780659E+01    3.110631103198E+01
    9.384839720007E+00   -1.001269917345E+00    1.312402674519E-01    1.091007435743E+00    2.832063598113E+00    5.298733330866E+00    8.479152240423E+00    1.236993891292E+01    1.696985640886E+01    2.227836887696E+01    2.829521474522E+01
    9.826419475897E+00   -1.001094446444E+00    1.176534344112E-01    9.861310217718E-01    2.570825024806E+00    4.819272114008E+00    7.719502674173E+00    1.126802065541E+01    1.546353398721E+01    2.030547970202E+01    2.579358195193E+01
    1.027815049054E+01   -1.000960371010E+00    1.057992855527E-01    8.933266740835E-01    2.338485326987E+00    4.392123525012E+00    7.042244526843E+00    1.028525174718E+01    1.411980102889E+01    1.854530309168E+01    2.356146803540E+01
    1.074003276395E+01   -1.000854810531E+00    9.541876610474E-02    8.110033095918E-01    2.131346009217E+00    4.010639428826E+00    6.436934985945E+00    9.406550624213E+00    1.291809349875E+01    1.697094894402E+01    2.156481328379E+01
    1.121206629610E+01   -1.000769221950E+00    8.629665400307E-02    7.378038004300E-01    1.946244886617E+00    3.669133520069E+00    5.894640410019E+00    8.619013867877E+00    1.184081610666E+01    1.555940812880E+01    1.977447281123E+01
    1.169425108702E+01   -1.000697942591E+00    7.825338332374E-02    6.725670876333E-01    1.780469241115E+00    3.362725701874E+00    5.407692326850E+00    7.911564194207E+00    1.087286265140E+01    1.429092554860E+01    1.816542269878E+01
    1.218658713669E+01   -1.000637205789E+00    7.113851608059E-02    6.142970196633E-01    1.631684479377E+00    3.087214209114E+00    4.969486906859E+00    7.274661145925E+00    1.000122179129E+01    1.314848484678E+01    1.671610749835E+01
    1.268907444512E+01   -1.000584484161E+00    6.482550883109E-02    5.621366104025E-01    1.497875279403E+00    2.838970091091E+00    4.574319476082E+00    6.700062322241E+00    9.214651669205E+00    1.211738310448E+01    1.540790167809E+01
    1.320171301230E+01   -1.000538055705E+00    5.920750020467E-02    5.153466868424E-01    1.377296843976E+00    2.614849796018E+00    4.217247398887E+00    6.180625527792E+00    8.503410288348E+00    1.118487840169E+01    1.422466332728E+01
    1.372450283824E+01   -1.000496721359E+00    5.419390643432E-02    4.732881094208E-01    1.268434368318E+00    2.412122473646E+00    3.893976030035E+00    5.710144197042E+00    7.859031225591E+00    1.033989663413E+01    1.315236289066E+01
    1.425744392293E+01   -1.000459622528E+00    4.970765889320E-02    4.354069138655E-01    1.169969211952E+00    2.228409295296E+00    3.600763505118E+00    5.283209992444E+00    7.274136369796E+00    9.572786721867E+00    1.217877317701E+01
    1.480053626638E+01   -1.000426123611E+00    4.568295370512E-02    4.012218526136E-01    1.080750564183E+00    2.061632625397E+00    3.334340976180E+00    4.895097682836E+00    6.742279018223E+00    8.875115496824E+00    1.129320961026E+01
    1.535377986859E+01   -1.000395737595E+00    4.206341134471E-02    3.703139152140E-01    9.997716284307E-01    1.909973299769E+00    3.091845559180E+00    4.541668360178E+00    6.257811960788E+00    8.239495250769E+00    1.048631183673E+01
    1.591717472955E+01   -1.000368079049E+00    3.880056577637E-02    3.423174873791E-01    9.261495376901E-01    1.771834599864E+00    2.870763782807E+00    4.219287806650E+00    5.815776208767E+00    7.659438267206E+00    9.749859501043E+00
    1.649072084927E+01   -1.000342833094E+00    3.585261947788E-02    3.169128718846E-01    8.591083620182E-01    1.645811777541E+00    2.668883743767E+00    3.924757423353E+00    5.411806840895E+00    7.129233727390E+00    9.076616353860E+00
    1.707441822775E+01   -1.000319736241E+00    3.318341376164E-02    2.938199449047E-01    7.979646869802E-01    1.530666196149E+00    2.484254504687E+00    3.655255609509E+00    5.042053090703E+00    6.643843231556E+00    8.460197932026E+00
    1.766826686498E+01   -1.000298564199E+00    3.076157410615E-02    2.727927621967E-01    7.421153374397E-01    1.425303324063E+00    2.315151537362E+00    3.408287865232E+00    4.703110322168E+00    6.198811860049E+00    7.894958917146E+00
    1.827226676097E+01   -1.000279123065E+00    2.855979826481E-02    2.536149622151E-01    6.910268974567E-01    1.328753953505E+00    2.160047228170E+00    3.181644199719E+00    4.391961961353E+00    5.790192248760E+00    7.375896974580E+00
    1.888641791571E+01   -1.000261242716E+00    2.655426126236E-02    2.360958396113E-01    6.442267385939E-01    1.240158127720E+00    2.017585635229E+00    2.973362675915E+00    4.105929791391E+00    5.414479597267E+00    6.898570437099E+00
    1.951072032921E+01   -1.000244774203E+00    2.472411641008E-02    2.200669840397E-01    6.012953188044E-01    1.158751348989E+00    1.886560826985E+00    2.781698124841E+00    3.842631293579E+00    5.068555888101E+00    6.459027653370E+00
    2.014517400146E+01   -1.000229584510E+00    2.305107551299E-02    2.053793971390E-01    5.618595554425E-01    1.083852713889E+00    1.765898247322E+00    2.605095228817E+00    3.599942943208E+00    4.749641890419E+00    6.053746194423E+00
    2.078977893248E+01   -1.000215555956E+00    2.151905454513E-02    1.919010144212E-01    5.255871080062E-01    1.014854680247E+00    1.654638643822E+00    2.442165305388E+00    3.375968549981E+00    4.455255758715E+00    5.679580412360E+00
    2.144453512224E+01   -1.000202583444E+00    2.011387369108E-02    1.795145712538E-01    4.921814345108E-01    9.512142206400E-01    1.551924174128E+00    2.291666236162E+00    3.169011885362E+00    4.183177236025E+00    5.333716096715E+00
    2.210944257077E+01   -1.000190572728E+00    1.882300263625E-02    1.681157615382E-01    4.613775069050E-01    8.924451563523E-01    1.456986367017E+00    2.152485074030E+00    2.977552961295E+00    3.931416630958E+00    5.013631176722E+00
    2.278450127805E+01   -1.000179439830E+00    1.763534365149E-02    1.576116459718E-01    4.329380895966E-01    8.381114991741E-01    1.369135667082E+00    2.023622937570E+00    2.800227427160E+00    3.698187871702E+00    4.717061587068E+00
    2.346971124408E+01   -1.000169108180E+00    1.654104635103E-02    1.479192736149E-01    4.066505005014E-01    7.878216560759E-01    1.287752335217E+00    1.904181863728E+00    2.635808636650E+00    3.481885050853E+00    4.441971554756E+00
    2.416507246888E+01   -1.000159509759E+00    1.553134904724E-02    1.389644858894E-01    3.823237861050E-01    7.412233737454E-01    1.212278511736E+00    1.793353340156E+00    2.483192005021E+00    3.281061965142E+00    4.186527679260E+00
    2.487058495243E+01   -1.000150583149E+00    1.459844254017E-02    1.306808771722E-01    3.597862531973E-01    6.979993199164E-01    1.142211279950E+00    1.690408282853E+00    2.341381337120E+00    3.094414232044E+00    3.949076276393E+00
    2.558624869473E+01   -1.000142272573E+00    1.373535285576E-02    1.230088898173E-01    3.388833080692E-01    6.578632132958E-01    1.077096591637E+00    1.594688259168E+00    2.209476853777E+00    2.920763627297E+00    3.728123535231E+00
    2.631206369579E+01   -1.000134527752E+00    1.293584004403E-02    1.158950248697E-01    3.194755615107E-01    6.205564274424E-01    1.016523936993E+00    1.505597786613E+00    2.086664685455E+00    2.759044341185E+00    3.522318105439E+00
    2.704802995561E+01   -1.000127303099E+00    1.219431062799E-02    1.092911525382E-01    3.014371641120E-01    5.858450050635E-01    9.601216591289E-01    1.422597563070E+00    1.972207636234E+00    2.608290896126E+00    3.330435788894E+00
    2.779414747418E+01   -1.000120556841E+00    1.150574168097E-02    1.031539087974E-01    2.846543414227E-01    5.535170283405E-01    9.075528275452E-01    1.345198504843E+00    1.865437049740E+00    2.467627505411E+00    3.151366056860E+00
    2.855041625151E+01   -1.000114251525E+00    1.086561483490E-02    9.744416647234E-02    2.690241028657E-01    5.233802987068E-01    8.585115973638E-01    1.272956486735E+00    1.765745632753E+00    2.336258684528E+00    2.984100153874E+00
    2.931683628759E+01   -1.000108353425E+00    1.026985879622E-02    9.212657088845E-02    2.544531020935E-01    4.952602863022E-01    8.127199917002E-01    1.205467693651E+00    1.672581113057E+00    2.213460953628E+00    2.827720583865E+00
    3.009340758243E+01   -1.000102831182E+00    9.714799163357E-03    8.716913154366E-02    2.408566294927E-01    4.689983147676E-01    7.699250531966E-01    1.142364505705E+00    1.585440625136E+00    2.098575492027E+00    2.681391802334E+00
    3.088013013603E+01   -1.000097656592E+00    9.197114522759E-03    8.254286244710E-02    2.281577201315E-01    4.444499516956E-01    7.298963180709E-01    1.083311849438E+00    1.503865731882E+00    1.991001624706E+00    2.544351962610E+00
    3.167700394839E+01   -1.000092803426E+00    8.713797964352E-03    7.822146487181E-02    2.162863628952E-01    4.214835794057E-01    6.924235728191E-01    1.028003957467E+00    1.427438003538E+00    1.890191037749E+00    2.415905585569E+00
    3.248402901949E+01   -1.000088247946E+00    8.262123276481E-03    7.418104705567E-02    2.051787982725E-01    3.999791238085E-01    6.573148586757E-01    9.761614861435E-01    1.355775085182E+00    1.795642632931E+00    2.295417039166E+00
    3.330120534936E+01   -1.000083968493E+00    7.839615196956E-03    7.039987619709E-02    1.947768940645E-01    3.798269223351E-01    6.243946939240E-01    9.275289479513E-01    1.288527193667E+00    1.706897944142E+00    2.182304729809E+00
    3.412853293798E+01   -1.000079945623E+00    7.444023182832E-03    6.685815868561E-02    1.850275896032E-01    3.609267142521E-01    5.935024878916E-01    8.818724208165E-01    1.225373992437E+00    1.623537048214E+00    2.076035920169E+00
    3.496601178536E+01   -1.000076160607E+00    7.073298242627E-03    6.353784508334E-02    1.758824003567E-01    3.431867389689E-01    5.644911240358E-01    8.389775016382E-01    1.166021799576E+00    1.545174911742E+00    1.976122099430E+00
    3.581364189149E+01   -1.000072597143E+00    6.725572433266E-03    6.042245678906E-02    1.672969757196E-01    3.265229295910E-01    5.372256921582E-01    7.986474752137E-01    1.110201089808E+00    1.471458122560E+00    1.882114840982E+00
    3.667142325638E+01   -1.000069239978E+00    6.399140688840E-03    5.749693179609E-02    1.592307038870E-01    3.108581908974E-01    5.115823527578E-01    7.607016739373E-01    1.057664256786E+00    1.402061961764E+00    1.793602091629E+00
    3.753935588003E+01   -1.000066074370E+00    6.092444686039E-03    5.474748722518E-02    1.516463583059E-01    2.961217519957E-01    4.874473182786E-01    7.249740062676E-01    1.008183605666E+00    1.336687777086E+00    1.710204842686E+00
    3.841743976243E+01   -1.000063087684E+00    5.804058494068E-03    5.216149663534E-02    1.445097809370E-01    2.822485851985E-01    4.647159380194E-01    6.913116348357E-01    9.615495498654E-01    1.275060623480E+00    1.631574139726E+00
    3.930567490359E+01   -1.000060267745E+00    5.532675794526E-03    4.972738040372E-02    1.377895982280E-01    2.691788838470E-01    4.432918753060E-01    6.595737876868E-01    9.175689894412E-01    1.216927141326E+00    1.557388393439E+00
    4.020406130350E+01   -1.000057603714E+00    5.277098478692E-03    4.743450762537E-02    1.314569660552E-01    2.568575924390E-01    4.230863665598E-01    6.296306877091E-01    8.760638507135E-01    1.162053645669E+00    1.487350957967E+00
    4.111259896217E+01   -1.000055085175E+00    5.036226460721E-03    4.527310822798E-02    1.254853404681E-01    2.452339834299E-01    4.040175534490E-01    6.013625874944E-01    8.368697697021E-01    1.110224403629E+00    1.421187947713E+00
    4.203128787960E+01   -1.000052703376E+00    4.809048561863E-03    4.323419412174E-02    1.198502713564E-01    2.342612755806E-01    3.860098801244E-01    5.746588980939E-01    7.998349036466E-01    1.061240079430E+00    1.358646266600E+00
    4.296012805578E+01   -1.000050448733E+00    4.594634344045E-03    4.130948838919E-02    1.145292165985E-01    2.238962895014E-01    3.689935487326E-01    5.494174018207E-01    7.648188571364E-01    1.014916329383E+00    1.299491827363E+00
    4.389911949072E+01   -1.000048313057E+00    4.392126780260E-03    3.949136158700E-02    1.095013744015E-01    2.140991363037E-01    3.529040268412E-01    5.255435399385E-01    7.316917103881E-01    9.710825305446E-01    1.243507940311E+00
    4.484826218441E+01   -1.000046289329E+00    4.200735669987E-03    3.777277440199E-02    1.047475319556E-01    2.048329360023E-01    3.376816015193E-01    5.029497676256E-01    7.003331392471E-01    9.295806293867E-01    1.190493854162E+00
    4.580755613687E+01   -1.000044370785E+00    4.019731715355E-03    3.614722595932E-02    1.002499286551E-01    1.960635625353E-01    3.232709751919E-01    4.815549691825E-01    6.706316173248E-01    8.902640979253E-01    1.140263433086E+00
    4.677700134807E+01   -1.000042550206E+00    3.848441184465E-03    3.460870716944E-02    9.599213235018E-02    1.877594126496E-01    3.096208989707E-01    4.612839272837E-01    6.424836918192E-01    8.529969862541E-01    1.092643955935E+00
    4.775659781803E+01   -1.000040821928E+00    3.686241097002E-03    3.315165856828E-02    9.195892725815E-02    1.798911961813E-01    2.966838396092E-01    4.420668407293E-01    6.157933254589E-01    8.176530615959E-01    1.047475025143E+00
    4.874634554675E+01   -1.000039181055E+00    3.532554877309E-03    3.177093219025E-02    8.813621237216E-02    1.724317456401E-01    2.844156768112E-01    4.238388859671E-01    5.904712980980E-01    7.841150253768E-01    1.004607574504E+00
    4.974624453423E+01   -1.000037621470E+00    3.386848424223E-03    3.046175704517E-02    8.451090928140E-02    1.653558431363E-01    2.727754278326E-01    4.065398179811E-01    5.664346619664E-01    7.522738004830E-01    9.639029658857E-01
    5.075629478046E+01   -1.000036138945E+00    3.248626552035E-03    2.921970781155E-02    8.107087841379E-02    1.586400628596E-01    2.617249965856E-01    3.901136065381E-01    5.436062451216E-01    7.220278815855E-01    9.252321659030E-01
    5.177649628545E+01   -1.000034728518E+00    3.117429766532E-03    2.804067644012E-02    7.780484292162E-02    1.522626276982E-01    2.512289450295E-01    3.745081045792E-01    5.219141986932E-01    6.932827427226E-01    8.884749951325E-01
    5.280684904919E+01   -1.000033386532E+00    2.992831338811E-03    2.692084634887E-02    7.470231939080E-02    1.462032785085E-01    2.412542845264E-01    3.596747454339E-01    5.012915834177E-01    6.659502962833E-01    8.535194424809E-01
    5.384735307169E+01   -1.000032108498E+00    2.874434648421E-03    2.585666896628E-02    7.175355474891E-02    1.404431548968E-01    2.317702853792E-01    3.455682662741E-01    4.816759919209E-01    6.399483987286E-01    8.202610387710E-01
    5.489800835295E+01   -1.000030891322E+00    2.761870766758E-03    2.484484237280E-02    6.894946872562E-02    1.349646863357E-01    2.227483027078E-01    3.321464551654E-01    4.630092031676E-01    6.152003983897E-01    7.886022836599E-01
    5.595881489296E+01   -1.000029731283E+00    2.654796258317E-03    2.388229184832E-02    6.628160136803E-02    1.297514927024E-01    2.141616172360E-01    3.193699196516E-01    4.452368662455E-01    5.916347216131E-01    7.584521211366E-01
    5.702977269172E+01   -1.000028624975E+00    2.552891176781E-03    2.296615212681E-02    6.374206509387E-02    1.247882932944E-01    2.059852895070E-01    3.072018747449E-01    4.283082106031E-01    5.691844935031E-01    7.297254588659E-01
    5.811088174925E+01   -1.000027569687E+00    2.455857237563E-03    2.209375119903E-02    6.132350086785E-02    1.200608235587E-01    1.981960263310E-01    2.956079485965E-01    4.121757803803E-01    5.477871901645E-01    7.023427274428E-01
    5.920214206553E+01   -1.000026562561E+00    2.363416149631E-03    2.126259551491E-02    5.901903811359E-02    1.155557588225E-01    1.907720583452E-01    2.845560042363E-01    3.967951906399E-01    5.273843195770E-01    6.762294759197E-01
    6.030355364056E+01   -1.000025600247E+00    2.275308091066E-03    2.047035645051E-02    5.682225800650E-02    1.112606443710E-01    1.836930276598E-01    2.740159759035E-01    3.821249034898E-01    5.079211284754E-01    6.513160002830E-01
    6.141511647436E+01   -1.000024682438E+00    2.191290314211E-03    1.971485791620E-02    5.472715982385E-02    1.071638312746E-01    1.769398846487E-01    2.639597186156E-01    3.681260222557E-01    4.893463328362E-01    6.275370018433E-01
    6.253683056690E+01   -1.000023804293E+00    2.111135870211E-03    1.899406501773E-02    5.272813011942E-02    1.032544175340E-01    1.704947932060E-01    2.543608699895E-01    3.547621023470E-01    4.716118701711E-01    6.048312732292E-01
    6.366869591821E+01   -1.000022965512E+00    2.034632438085E-03    1.830607364010E-02    5.081991437857E-02    9.952219390560E-02    1.643410434653E-01    2.451947228842E-01    3.419989768981E-01    4.546726711623E-01    5.831414089157E-01
    6.481071252827E+01   -1.000022163294E+00    1.961581252933E-03    1.764910090739E-02    4.899759103047E-02    9.595759417796E-02    1.584629716163E-01    2.364381083220E-01    3.298045964120E-01    4.384864495810E-01    5.624135388823E-01
    6.596288039709E+01   -1.000021396312E+00    1.891796120788E-03    1.702147640872E-02    4.725654752584E-02    9.255164935606E-02    1.528458859651E-01    2.280692874715E-01    3.181488807760E-01    4.230135083981E-01    5.425970828002E-01
    6.712519952466E+01   -1.000020661168E+00    1.825102514414E-03    1.642163414109E-02    4.559245834930E-02    8.929594550967E-02    1.474759988509E-01    2.200678521236E-01    3.070035828603E-01    4.082165610288E-01    5.236445233800E-01
    6.829766991099E+01   -1.000019958036E+00    1.761336741023E-03    1.584810508913E-02    4.400126475356E-02    8.618258488787E-02    1.423403637900E-01    2.124146327628E-01    2.963421624883E-01    3.940605661495E-01    5.055111969204E-01
    6.948029155607E+01   -1.000019284355E+00    1.700345177616E-03    1.529951040456E-02    4.247915611592E-02    8.320415011369E-02    1.374268175516E-01    2.050916137967E-01    2.861396701718E-01    3.805125752714E-01    4.881551000010E-01
    7.067306445991E+01   -1.000018639302E+00    1.641983565751E-03    1.477455511292E-02    4.102255272387E-02    8.035367109669E-02    1.327239265932E-01    1.980818551274E-01    2.763726395116E-01    3.675415916571E-01    4.715367105558E-01
    7.187598862251E+01   -1.000018020548E+00    1.586116362290E-03    1.427202231737E-02    3.962808990842E-02    7.762459451077E-02    1.282209376108E-01    1.913694197044E-01    2.670189877654E-01    3.551184399116E-01    4.556188224583E-01
    7.308906404386E+01   -1.000017427312E+00    1.532616140041E-03    1.379076784586E-02    3.829260338182E-02    7.501075556736E-02    1.239077317774E-01    1.849393064471E-01    2.580579237533E-01    3.432156451760E-01    4.403663922765E-01
    7.431229072397E+01   -1.000016858133E+00    1.481363034964E-03    1.332971531221E-02    3.701311569977E-02    7.250635193396E-02    1.197747824293E-01    1.787773881860E-01    2.494698626215E-01    3.318073212894E-01    4.257463973814E-01
    7.554566866284E+01   -1.000016311848E+00    1.432244235306E-03    1.288785155024E-02    3.578682373903E-02    7.010591959189E-02    1.158131158731E-01    1.728703541517E-01    2.412363468240E-01    3.208690670878E-01    4.117277043674E-01
    7.678919786046E+01   -1.000015787415E+00    1.385153509462E-03    1.246422239258E-02    3.461108711344E-02    6.780431048810E-02    1.120142750826E-01    1.672056566757E-01    2.333399728641E-01    3.103778702390E-01    3.982809470162E-01
    7.804287831684E+01   -1.000015284596E+00    1.339990769182E-03    1.205792876427E-02    3.348341744787E-02    6.559667182881E-02    1.083702860407E-01    1.617714617515E-01    2.257643233167E-01    3.003120179887E-01    3.853784130176E-01
    7.930671003197E+01   -1.000014801063E+00    1.296661665458E-03    1.166812306751E-02    3.240146844665E-02    6.347842689470E-02    1.048736265365E-01    1.565566031762E-01    2.184939037503E-01    2.906510143195E-01    3.729939388112E-01
    8.058069300586E+01   -1.000014336843E+00    1.255077213757E-03    1.129400582809E-02    3.136302667610E-02    6.144525722544E-02    1.015171971730E-01    1.515505399234E-01    2.115140840748E-01    2.813755029053E-01    3.611028117764E-01
    8.186482723850E+01   -1.000013890520E+00    1.215153447137E-03    1.093482259039E-02    3.036600302630E-02    5.949308610716E-02    9.829429447978E-02    1.467433165896E-01    2.048110440945E-01    2.724671955700E-01    3.496816793906E-01
    8.315911272991E+01   -1.000013461385E+00    1.176811094149E-03    1.058986103353E-02    2.940842477755E-02    5.761806322152E-02    9.519858590331E-02    1.421255265874E-01    1.983717228280E-01    2.639088056813E-01    3.387084646440E-01
    8.446354948006E+01   -1.000013049274E+00    1.139975280031E-03    1.025844829547E-02    2.848842823573E-02    5.581655038768E-02    9.222408656647E-02    1.376882779258E-01    1.921837713716E-01    2.556839861846E-01    3.281622873342E-01
    8.577813748898E+01   -1.000012651966E+00    1.104575249303E-03    9.939948488201E-03    2.760425189069E-02    5.408510831065E-02    8.936513765669E-02    1.334231613743E-01    1.862355090307E-01    2.477772719191E-01    3.180233907857E-01
    8.710287675665E+01   -1.000012269602E+00    1.070544107656E-03    9.633760385165E-03    2.675423004661E-02    5.242048423788E-02    8.661638628638E-02    1.293222207842E-01    1.805158824116E-01    2.401740258143E-01    3.082730734917E-01
    8.843776728307E+01   -1.000011901471E+00    1.037818582286E-03    9.339315273627E-03    2.593678690443E-02    5.081960048650E-02    8.397276676444E-02    1.253779254762E-01    1.750144273463E-01    2.328603887982E-01    2.988936254568E-01
    8.978280906826E+01   -1.000011547934E+00    1.006338798680E-03    9.056074953977E-03    2.515043104721E-02    4.927954374730E-02    8.142948312832E-02    1.215831444771E-01    1.697212333561E-01    2.258232330353E-01    2.898682687639E-01
    9.113800211219E+01   -1.000011206887E+00    9.760480730319E-04    8.783529878825E-03    2.439375030918E-02    4.779755512849E-02    7.898199287676E-02    1.179311225164E-01    1.646269105315E-01    2.190501183316E-01    2.811811021544E-01
    9.250334641489E+01   -1.000010879140E+00    9.468927185050E-04    8.521197415977E-03    2.366540698475E-02    4.637102085591E-02    7.662599176922E-02    1.144154575898E-01    1.597225585653E-01    2.125292513662E-01    2.728170491954E-01
    9.387884197634E+01   -1.000010561509E+00    9.188218651517E-04    8.268620233469E-03    2.296413337294E-02    4.499746362037E-02    7.435739967674E-02    1.110300800656E-01    1.549997379029E-01    2.062494476980E-01    2.647618099629E-01
    9.526448879655E+01   -1.000010257025E+00    8.917872913177E-04    8.025364787518E-03    2.228872760456E-02    4.367453447186E-02    7.217234732266E-02    1.077692330985E-01    1.504504426941E-01    2.002000961399E-01    2.570018157333E-01
    9.666028687551E+01   -1.000009962881E+00    8.657432671479E-04    7.791019918603E-03    2.163804976662E-02    4.240000528780E-02    7.006716395666E-02    1.046274544149E-01    1.460670756263E-01    1.943711255974E-01    2.495241867944E-01
    9.806623621323E+01   -1.000009678860E+00    8.406464077348E-04    7.565195534083E-03    2.101101826483E-02    4.117176170220E-02    6.803836578002E-02    1.015995592035E-01    1.418424242807E-01    1.887529739126E-01    2.423166928067E-01
    9.948233680970E+01   -1.000009404832E+00    8.164555363475E-04    7.347521380842E-03    2.040660643383E-02    3.998779651391E-02    6.608264515063E-02    9.868062415188E-02    1.377696390660E-01    1.833365587757E-01    2.353677157857E-01
    1.009085886649E+02   -1.000009141390E+00    7.931315564746E-04    7.137645897165E-03    1.982383936537E-02    3.884620351704E-02    6.419686047639E-02    9.586597249757E-02    1.338422125460E-01    1.781132504697E-01    2.286662154115E-01
    1.023449917789E+02   -1.000008886769E+00    7.706373323024E-04    6.935235139853E-03    1.926179094385E-02    3.774517173280E-02    6.237802676279E-02    9.315116004081E-02    1.300539600936E-01    1.730748463565E-01    2.222016965480E-01
    1.037915461517E+02   -1.000008640609E+00    7.489375766756E-04    6.739971778650E-03    1.871958106712E-02    3.668298000055E-02    6.062330674683E-02    9.053196202219E-02    1.263990017358E-01    1.682135469298E-01    2.159641787532E-01
    1.052482517832E+02   -1.000008402730E+00    7.279987463766E-04    6.551554156165E-03    1.819637304787E-02    3.565799191877E-02    5.893000260162E-02    8.800436084079E-02    1.228717451566E-01    1.635219333892E-01    2.099441677198E-01
    1.067151086734E+02   -1.000008172646E+00    7.077889440443E-04    6.369695407178E-03    1.769137117861E-02    3.466865110340E-02    5.729554815940E-02    8.556453453642E-02    1.194668697531E-01    1.589929465990E-01    2.041326284750E-01
    1.081921168224E+02   -1.000007950100E+00    6.882778262141E-04    6.194122633082E-03    1.720381844876E-02    3.371347674117E-02    5.571750161628E-02    8.320884598261E-02    1.161793116718E-01    1.546198673375E-01    1.985209602193E-01
    1.096792762302E+02   -1.000007735525E+00    6.694365171538E-04    6.024576128035E-03    1.673299440422E-02    3.279105941970E-02    5.419353868919E-02    8.093383274661E-02    1.130042497654E-01    1.503962977559E-01    1.931009727022E-01
    1.111765868967E+02   -1.000007528514E+00    6.512375280741E-04    5.860808653474E-03    1.627821314054E-02    3.190005721665E-02    5.272144619644E-02    7.873619757449E-02    1.099370924112E-01    1.463161439714E-01    1.878648640399E-01
    1.126840488220E+02   -1.000007328969E+00    6.336546812664E-04    5.702584756779E-03    1.583882141777E-02    3.103919202550E-02    5.129911602497E-02    7.661279944745E-02    1.069734651186E-01    1.423735997002E-01    1.828051998529E-01
    1.142016620060E+02   -1.000007134668E+00    6.166630389759E-04    5.549680132327E-03    1.541419689241E-02    3.020724610867E-02    4.992453946977E-02    7.456064518751E-02    1.041091988951E-01    1.385631308864E-01    1.779148936715E-01
    1.157294264488E+02   -1.000006946971E+00    6.002388364204E-04    5.401881019887E-03    1.500374645238E-02    2.940305885101E-02    4.859580190112E-02    7.257688154777E-02    1.013403192810E-01    1.348794612155E-01    1.731871884656E-01
    1.172673421504E+02   -1.000006765718E+00    5.843594190846E-04    5.258983641288E-03    1.460690465775E-02    2.862552371869E-02    4.731107776786E-02    7.065878779923E-02    9.866303607090E-02    1.313175585284E-01    1.686156393186E-01
    1.188154091107E+02   -1.000006589207E+00    5.690031836700E-04    5.120793669850E-03    1.422313227191E-02    2.787358539414E-02    4.606862588924E-02    6.880376874404E-02    9.607373362342E-02    1.278726220132E-01    1.641940970913E-01
    1.203736273297E+02   -1.000006419119E+00    5.541495224735E-04    4.987125730717E-03    1.385191487816E-02    2.714623707709E-02    4.486678501871E-02    6.700934813138E-02    9.356896172866E-02    1.245400701314E-01    1.599166930205E-01
    1.219419968076E+02   -1.000006255561E+00    5.397787712451E-04    4.857802932261E-03    1.349276158212E-02    2.644251795253E-02    4.370396968115E-02    6.527316247738E-02    9.114542703342E-02    1.213155292783E-01    1.557778242513E-01
    1.235205175441E+02   -1.000006095899E+00    5.258721600208E-04    4.732656424349E-03    1.314520378840E-02    2.576151080331E-02    4.257866624727E-02    6.359295523620E-02    8.879998495225E-02    1.181948230853E-01    1.517721401852E-01
    1.251091895395E+02   -1.000005941185E+00    5.124117667312E-04    4.611524981368E-03    1.280879404574E-02    2.510233975596E-02    4.148942922641E-02    6.196657129452E-02    8.652963202645E-02    1.151739623123E-01    1.478945295819E-01
    1.267080127935E+02   -1.000005792006E+00    4.993804736524E-04    4.494254610923E-03    1.248310496303E-02    2.446416816461E-02    4.043487778576E-02    6.039195180105E-02    8.433149874596E-02    1.122491353509E-01    1.441401084362E-01
    1.283169873064E+02   -1.000005646830E+00    4.867619263353E-04    4.380698184642E-03    1.216772818662E-02    2.384619661406E-02    3.941369246509E-02    5.886712928563E-02    8.220284277239E-02    1.094166992562E-01    1.405042085292E-01
    1.299361130780E+02   -1.000005505584E+00    4.745404948012E-04    4.270715089477E-03    1.186227343417E-02    2.324766103331E-02    3.842461207263E-02    5.739022304675E-02    8.014104253382E-02    1.066731712703E-01    1.369823666052E-01
    1.315653901083E+02   -1.000005370223E+00    4.627012370031E-04    4.164170899229E-03    1.156636758452E-02    2.266783091800E-02    3.746643075985E-02    5.595943480424E-02    7.814359118648E-02    1.040152208295E-01    1.335703141653E-01
    1.332048183974E+02   -1.000005238470E+00    4.512298644253E-04    4.060937065365E-03    1.127965382093E-02    2.210600765697E-02    3.653799526691E-02    5.457304460462E-02    7.620809092650E-02    1.014396620330E-01    1.302639678478E-01
    1.348543979453E+02   -1.000005110128E+00    4.401127094702E-04    3.960890623795E-03    1.100179081847E-02    2.156152294481E-02    3.563820230953E-02    5.322940693643E-02    7.433224759277E-02    9.894344649717E-02    1.270594203016E-01
    1.365141287519E+02   -1.000004986099E+00    4.293366947392E-04    3.863913918793E-03    1.073245197880E-02    2.103373728694E-02    3.476599611782E-02    5.192694707067E-02    7.251386558154E-02    9.652365662106E-02    1.239529315816E-01
    1.381840108173E+02   -1.000004864265E+00    4.188893040675E-04    3.769894342543E-03    1.047132470834E-02    2.052203858909E-02    3.392036611347E-02    5.066415760657E-02    7.075084304553E-02    9.417749922735E-02    1.209409210246E-01
    1.398640441414E+02   -1.000004748771E+00    4.087585549966E-04    3.678724087682E-03    1.021810973226E-02    2.002584081687E-02    3.310034470246E-02    4.943959518874E-02    6.904116733103E-02    9.190229951852E-02    1.180199595259E-01
    1.415542287243E+02   -1.000004635470E+00    3.989329730161E-04    3.590299915711E-03    9.972520452474E-03    1.954458274098E-02    3.230500520824E-02    4.825187743249E-02    6.738291070301E-02    8.969549541271E-02    1.151867622998E-01
    1.432545645660E+02   -1.000004524511E+00    3.894015669181E-04    3.504522935388E-03    9.734282333285E-03    1.907772673648E-02    3.153345989389E-02    4.709967998166E-02    6.577422625471E-02    8.755463212429E-02    1.124381819533E-01
    1.449650516664E+02   -1.000004417416E+00    3.801538056445E-04    3.421298394599E-03    9.503132324322E-03    1.862475765481E-02    3.078485810383E-02    4.598173374350E-02    6.421334406237E-02    8.547735706807E-02    1.097712019716E-01
    1.466856900255E+02   -1.000004313231E+00    3.711795963932E-04    3.340535483445E-03    9.278818314543E-03    1.818518175641E-02    3.005838450518E-02    4.489682227169E-02    6.269856754557E-02    8.346141503526E-02    1.071829305507E-01
    1.484164796434E+02   -1.000004211753E+00    3.624692638189E-04    3.262147147240E-03    9.061098613691E-03    1.775852569693E-02    2.935325741727E-02    4.384377928020E-02    6.122827000922E-02    8.150464360990E-02    1.046705947364E-01
    1.501574205201E+02   -1.000004114737E+00    3.540135303619E-04    3.186049909626E-03    8.849741461791E-03    1.734433556820E-02    2.866872723113E-02    4.282148629085E-02    5.980089137113E-02    7.960496883076E-02    1.022315348771E-01
    1.519085126555E+02   -1.000004019966E+00    3.458034976727E-04    3.112163705550E-03    8.644524565936E-03    1.694217599244E-02    2.800407491672E-02    4.182887041107E-02    5.841493507013E-02    7.776040109174E-02    9.986319938064E-02
    1.536697560497E+02   -1.000003926687E+00    3.378306289259E-04    3.040411722143E-03    8.445234658983E-03    1.655162925930E-02    2.735861060043E-02    4.086490221624E-02    5.706896511966E-02    7.596903123517E-02    9.756313971699E-02
    1.554411507027E+02   -1.000003837051E+00    3.300867320724E-04    2.970720248217E-03    8.251667082142E-03    1.617229450956E-02    2.673167221952E-02    3.992859374620E-02    5.576160331970E-02    7.422902685453E-02    9.532900568925E-02
    1.572226966144E+02   -1.000003748812E+00    3.225639440514E-04    2.903018532179E-03    8.063625390825E-03    1.580378696417E-02    2.612262425110E-02    3.901899661262E-02    5.449152662274E-02    7.253862880073E-02    9.315854096354E-02
    1.590143937848E+02   -1.000003662283E+00    3.152547156808E-04    2.837238646224E-03    7.880920978008E-03    1.544573718760E-02    2.553085649761E-02    3.813520019038E-02    5.325746461639E-02    7.089614784329E-02    9.104957879729E-02
    1.608162422140E+02   -1.000003580580E+00    3.081517974000E-04    2.773315358048E-03    7.703372718312E-03    1.509779039165E-02    2.495578293891E-02    3.727632990784E-02    5.205819714357E-02    6.929996151325E-02    8.900003799956E-02
    1.626282419020E+02   -1.000003498439E+00    3.012482257987E-04    2.711186009714E-03    7.530806631988E-03    1.475960577807E-02    2.439684064819E-02    3.644154563214E-02    5.089255205434E-02    6.774851112050E-02    8.700791911364E-02
    1.644503928487E+02   -1.000003421130E+00    2.945373106276E-04    2.650790400837E-03    7.363055560850E-03    1.443085590464E-02    2.385348874665E-02    3.563004011211E-02    4.975940303837E-02    6.624029887817E-02    8.507130073731E-02
    1.662826950542E+02   -1.000003344638E+00    2.880126227269E-04    2.592070680004E-03    7.199958867025E-03    1.411122609573E-02    2.332520743130E-02    3.484103752985E-02    4.865766760780E-02    6.477388522567E-02    8.318833609593E-02
    1.681251485184E+02   -1.000003268302E+00    2.816679823436E-04    2.534971239654E-03    7.041362141319E-03    1.380041387173E-02    2.281149703391E-02    3.407379209882E-02    4.758630514524E-02    6.334788623855E-02    8.135724972722E-02
    1.699777532414E+02   -1.000003196230E+00    2.754974481025E-04    2.479438616937E-03    6.887116928135E-03    1.349812841080E-02    2.231187713321E-02    3.332758674089E-02    4.654431506147E-02    6.196097118339E-02    7.957633435110E-02
    1.718405092231E+02   -1.000003124925E+00    2.694953066098E-04    2.425421400160E-03    6.737080465903E-03    1.320409004093E-02    2.182588571690E-02    3.260173183777E-02    4.553073505619E-02    6.061186020928E-02    7.784394791376E-02
    1.737134164636E+02   -1.000003056226E+00    2.636560624132E-04    2.372870138506E-03    6.591115436552E-03    1.291802974969E-02    2.135307837302E-02    3.189556402589E-02    4.454463943974E-02    5.929932212013E-02    7.615851073575E-02
    1.755964749629E+02   -1.000002986947E+00    2.579744285975E-04    2.321737257392E-03    6.449089730658E-03    1.263968872464E-02    2.089302753155E-02    3.120844506624E-02    4.358513755861E-02    5.802217228448E-02    7.451850283524E-02
    1.774896847209E+02   -1.000002920945E+00    2.524453176995E-04    2.271976976811E-03    6.310876220860E-03    1.236881790989E-02    2.044532173297E-02    3.053976075410E-02    4.265137227674E-02    5.677927061944E-02    7.292246134644E-02
    1.793930457377E+02   -1.000002853353E+00    2.470638332277E-04    2.223545234991E-03    6.176352549974E-03    1.210517759134E-02    2.000956494378E-02    2.988891989893E-02    4.174251855419E-02    5.556951970335E-02    7.136897810222E-02
    1.813065580132E+02   -1.000002790103E+00    2.418252613967E-04    2.176399614072E-03    6.045400924773E-03    1.184853699318E-02    1.958537589069E-02    2.925535333183E-02    4.085778206444E-02    5.439186294003E-02    6.985669728332E-02
    1.832302215475E+02   -1.000002727191E+00    2.367250634652E-04    2.130499271161E-03    5.917907924626E-03    1.159867390319E-02    1.917238744239E-02    2.863851298393E-02    3.999639791000E-02    5.324528285310E-02    6.838431323312E-02
    1.851640363405E+02   -1.000002663941E+00    2.317588682681E-04    2.085804871170E-03    5.793764315125E-03    1.135537430802E-02    1.877024600758E-02    2.803787098901E-02    3.915762937210E-02    5.212879942566E-02    6.695056833106E-02
    1.871080023923E+02   -1.000002603633E+00    2.269224651676E-04    2.042278523412E-03    5.672864872099E-03    1.111843204869E-02    1.837861096643E-02    2.745291883590E-02    3.834076672948E-02    5.104146853158E-02    6.555425098307E-02
    1.890621197028E+02   -1.000002543648E+00    2.222117973862E-04    1.999883721575E-03    5.555108215031E-03    1.088764849444E-02    1.799715413238E-02    2.688316656590E-02    3.754512613984E-02    4.998238044975E-02    6.419419371791E-02
    1.910263882721E+02   -1.000002482376E+00    2.176229555677E-04    1.958585285856E-03    5.440396646429E-03    1.066283222833E-02    1.762555923309E-02    2.632814199904E-02    3.677004856145E-02    4.895065843182E-02    6.286927135223E-02
    1.930008081002E+02   -1.000002422607E+00    2.131521716675E-04    1.918349307950E-03    5.328635999161E-03    1.044379874832E-02    1.726352141717E-02    2.578738999842E-02    3.601489872785E-02    4.794545734026E-02    6.157839924556E-02
    1.949853791870E+02   -1.000002362965E+00    2.087958131665E-04    1.879143099005E-03    5.219735491990E-03    1.023037018448E-02    1.691074678732E-02    2.526047177402E-02    3.527906417734E-02    4.696596235905E-02    6.032053164804E-02
    1.969801015326E+02   -1.000002303663E+00    2.045503774941E-04    1.840935139489E-03    5.113607590408E-03    1.002237502648E-02    1.656695195053E-02    2.474696421201E-02    3.456195431810E-02    4.601138775175E-02    5.909466010904E-02
    1.989849751369E+02   -1.000002244358E+00    2.004124867450E-04    1.803695031611E-03    5.010167874587E-03    9.819647865091E-03    1.623186359129E-02    2.424645923818E-02    3.386299954080E-02    4.508097568249E-02    5.789981196617E-02
    2.010000000000E+02   -1.000002185034E+00    1.963788826254E-04    1.767393453838E-03    4.909334913104E-03    9.622029144907E-03    1.590521806346E-02    2.375856320925E-02    3.318165036997E-02    4.417399508854E-02    5.673504890030E-02
