    8.577735530187E-05    1.177024025869E+08    1.059321623281E+09    2.942560064670E+09    5.767417726754E+09    9.533894609532E+09
    4.435786762361E-04    4.401384509591E+06    3.961246058632E+07    1.100346127398E+08    2.156678409700E+08    3.565121452769E+08
    1.053880446091E-03    7.797366331788E+05    7.017629698611E+06    1.949341582948E+07    3.820709502577E+07    6.315866728750E+07
    1.862605541981E-03    2.496254438378E+05    2.246628994540E+06    6.240636095945E+06    1.223164674805E+07    2.021966095086E+07
    2.797914730501E-03    1.106271393081E+05    9.956442537728E+05    2.765678482702E+06    5.420729826097E+06    8.960798283956E+06
    3.776707228736E-03    6.071611748612E+04    5.464450573748E+05    1.517902937152E+06    2.975089756819E+06    4.918005516374E+06
    4.712016417256E-03    3.900470897521E+04    3.510423807768E+05    9.751177243801E+05    1.911230739785E+06    3.159381426991E+06
    5.520741513146E-03    2.841422431773E+04    2.557280188595E+05    7.103556079430E+05    1.392296991568E+06    2.301552169735E+06
    6.131043283001E-03    2.303890677848E+04    2.073501610063E+05    5.759726694620E+05    1.128906432145E+06    1.866151449057E+06
    6.488844603935E-03    2.056818094398E+04    1.851136284958E+05    5.142045235994E+05    1.007840866255E+06    1.666022656462E+06
    6.831954025143E-03    1.855413710121E+04    1.669872339108E+05    4.638534275300E+05    9.091527179588E+05    1.502885105197E+06
    7.905357987946E-03    1.385758492784E+04    1.247182643506E+05    3.464396231962E+05    6.790216614645E+05    1.122464379156E+06
    9.736263297511E-03    9.135787972285E+03    8.222209175057E+04    2.283946993072E+05    4.476536106420E+05    7.399988257552E+05
    1.216243858518E-02    5.854493270234E+03    5.269043943209E+04    1.463623317558E+05    2.868701702414E+05    4.742139548888E+05
    1.496836615074E-02    3.865287794365E+03    3.478759014929E+04    9.663219485914E+04    1.893991019239E+05    3.130883113436E+05
    1.790474364545E-02    2.701434345505E+03    2.431290910954E+04    6.753585863762E+04    1.323702829297E+05    2.188161819859E+05
    2.071067121101E-02    2.019027728471E+03    1.817124955623E+04    5.047569321176E+04    9.893235869504E+04    1.635412460061E+05
    2.313684649868E-02    1.617790575780E+03    1.456011518202E+04    4.044476439449E+04    7.927173821320E+04    1.310410366382E+05
    2.496775180824E-02    1.389222327150E+03    1.250300094434E+04    3.473055817874E+04    6.807189403032E+04    1.125270084991E+05
    2.604115577104E-02    1.277056526504E+03    1.149350873853E+04    3.192641316259E+04    6.257576979868E+04    1.034415786468E+05
    2.672737461346E-02    1.212322121990E+03    1.091089909791E+04    3.030805304974E+04    5.940378397749E+04    9.819809188115E+04
    2.851638121813E-02    1.064980872904E+03    9.584827856130E+03    2.662452182258E+04    5.218406277227E+04    8.626345070517E+04
    3.156789006741E-02    8.690395080159E+02    7.821355572145E+03    2.172598770040E+04    4.258293589279E+04    7.039220014931E+04
    3.561151554686E-02    6.828883729281E+02    6.145995356355E+03    1.707220932321E+04    3.346153027349E+04    5.531395820719E+04
    4.028806148945E-02    5.335533968354E+02    4.801980571517E+03    1.333883492088E+04    2.614411644493E+04    4.321782514366E+04
    4.518202398063E-02    4.242279401003E+02    3.818051460903E+03    1.060569850251E+04    2.078716906491E+04    3.436246314812E+04
    4.985856992323E-02    3.483782204832E+02    3.135403984347E+03    8.709455512075E+03    1.707053280367E+04    2.821863585912E+04
    5.390219540268E-02    2.980696265935E+02    2.682626639342E+03    7.451740664838E+03    1.460541170308E+04    2.414363975407E+04
    5.695370425196E-02    2.669848882056E+02    2.402863993850E+03    6.674622205139E+03    1.308225952207E+04    2.162577594465E+04
    5.874271085663E-02    2.509704924186E+02    2.258734431767E+03    6.274262310463E+03    1.229755412851E+04    2.032860988590E+04
    5.977203912025E-02    2.424010449408E+02    2.181609404468E+03    6.060026123521E+03    1.187765120210E+04    1.963448464021E+04
    6.227664836679E-02    2.232956016989E+02    2.009660415291E+03    5.582390042475E+03    1.094148448325E+04    1.808694373762E+04
    6.654876075578E-02    1.955467878638E+02    1.759921090775E+03    4.888669696597E+03    9.581792605330E+03    1.583928981697E+04
    7.220983642701E-02    1.660878676152E+02    1.494790808537E+03    4.152196690380E+03    8.138305513144E+03    1.345311727683E+04
    7.875700074664E-02    1.396214982629E+02    1.256593484366E+03    3.490537456571E+03    6.841453414879E+03    1.130934135929E+04
    8.560854823429E-02    1.181670427930E+02    1.063503385137E+03    2.954176069825E+03    5.790185096857E+03    9.571530466233E+03
    9.215571255393E-02    1.019732142640E+02    9.177589283755E+02    2.549330356599E+03    4.996687498933E+03    8.259830355380E+03
    9.781678822516E-02    9.051151495035E+01    8.146036345530E+02    2.262787873758E+03    4.435064232566E+03    7.331432710977E+03
    1.020889006141E-01    8.309474851291E+01    7.478527366162E+02    2.077368712823E+03    4.071642677133E+03    6.730674629546E+03
    1.045935098607E-01    7.916280199968E+01    7.124652179969E+02    1.979070049992E+03    3.878977297984E+03    6.412186961973E+03
    1.059659475455E-01    7.712549773966E+01    6.941294796565E+02    1.928137443490E+03    3.779149389241E+03    6.247165316909E+03
    1.091861594339E-01    7.264328101299E+01    6.537895291170E+02    1.816082025325E+03    3.559520769637E+03    5.884105762053E+03
    1.146788753626E-01    6.585121330420E+01    5.926609197376E+02    1.646280332604E+03    3.226709451905E+03    5.333948277638E+03
    1.219574012256E-01    5.822564507914E+01    5.240308057120E+02    1.455641126978E+03    2.853056608876E+03    4.716277251408E+03
    1.303751839223E-01    5.094959820958E+01    4.585463838864E+02    1.273739955240E+03    2.496530312271E+03    4.126917454978E+03
    1.391843164064E-01    4.470437527140E+01    4.023393774425E+02    1.117609381785E+03    2.190514388298E+03    3.621054396982E+03
    1.476020991031E-01    3.975077168919E+01    3.577569452027E+02    9.937692922297E+02    1.947787812770E+03    3.219812506824E+03
    1.548806249661E-01    3.610243102093E+01    3.249218791883E+02    9.025607755230E+02    1.769019120025E+03    2.924296912694E+03
    1.603733408948E-01    3.367179577413E+01    3.030461619671E+02    8.417948943532E+02    1.649917992932E+03    2.727415457704E+03
    1.635935527832E-01    3.235923629990E+01    2.912331266991E+02    8.089809074976E+02    1.585602578695E+03    2.621098140292E+03
    1.653090998893E-01    3.169108508129E+01    2.852197657315E+02    7.922771270320E+02    1.552863168983E+03    2.566977891584E+03
    1.692449144195E-01    3.023426229969E+01    2.721083606973E+02    7.558565574924E+02    1.481478852685E+03    2.448975246275E+03
    1.759582338879E-01    2.797122219491E+01    2.517409997543E+02    6.992805548730E+02    1.370589887551E+03    2.265668997788E+03
    1.848542099427E-01    2.534381210113E+01    2.280943089101E+02    6.335953025279E+02    1.241846792955E+03    2.052848780191E+03
    1.951426110164E-01    2.274188235393E+01    2.046769411854E+02    5.685470588484E+02    1.114352235343E+03    1.842092470669E+03
    2.059093284970E-01    2.042577704425E+01    1.838319933983E+02    5.106444261063E+02    1.000863075168E+03    1.654487940584E+03
    2.161977295707E-01    1.852799283140E+01    1.667519354826E+02    4.631998207850E+02    9.078716487386E+02    1.500767419343E+03
    2.250937056255E-01    1.709243472436E+01    1.538319125192E+02    4.273108681089E+02    8.375293014935E+02    1.384487212673E+03
    2.318070250939E-01    1.611674909084E+01    1.450507418176E+02    4.029187272710E+02    7.897207054512E+02    1.305456676358E+03
    2.357428396242E-01    1.558309114009E+01    1.402478202608E+02    3.895772785022E+02    7.635714658644E+02    1.262230382347E+03
    2.378014961515E-01    1.531445218773E+01    1.378300696895E+02    3.828613046929E+02    7.504081571982E+02    1.240470627205E+03
    2.424529133236E-01    1.473247855957E+01    1.325923070361E+02    3.683119639892E+02    7.218914494188E+02    1.193330763325E+03
    2.503868363317E-01    1.381362449229E+01    1.243226204306E+02    3.453406123072E+02    6.768676001220E+02    1.118903583875E+03
    2.609002625783E-01    1.272276774919E+01    1.145049097428E+02    3.180691937300E+02    6.234156197107E+02    1.030544187685E+03
    2.730592820291E-01    1.161493393074E+01    1.045344053767E+02    2.903733482687E+02    5.691317626067E+02    9.408096483907E+02
    2.857835845061E-01    1.060366682346E+01    9.543300141116E+01    2.650916705866E+02    5.195796743496E+02    8.588970127004E+02
    2.979426039569E-01    9.755856722665E+00    8.780271050395E+01    2.438964180665E+02    4.780369794104E+02    7.902243945356E+02
    3.084560302034E-01    9.102152379459E+00    8.191937141515E+01    2.275538094865E+02    4.460054665936E+02    7.372743427364E+02
    3.163899532116E-01    8.651377508823E+00    7.786239757940E+01    2.162844377206E+02    4.239174979323E+02    7.007615782146E+02
    3.210413703837E-01    8.402502118017E+00    7.562251906214E+01    2.100625529504E+02    4.117226037828E+02    6.806026715593E+02
    3.234431363322E-01    8.278177848500E+00    7.450360063648E+01    2.069544462125E+02    4.056307145764E+02    6.705324057283E+02
    3.288101561462E-01    8.010141443454E+00    7.209127299111E+01    2.002535360864E+02    3.924969307294E+02    6.488214569200E+02
    3.379646826940E-01    7.582073566525E+00    6.823866209871E+01    1.895518391631E+02    3.715216047596E+02    6.141479588884E+02
    3.500955591324E-01    7.065736345465E+00    6.359162710915E+01    1.766434086365E+02    3.462210809276E+02    5.723246439824E+02
    3.641251969601E-01    6.531744174295E+00    5.878569756863E+01    1.632936043573E+02    3.200554645403E+02    5.290712781177E+02
    3.788070844337E-01    6.035238630442E+00    5.431714767395E+01    1.508809657610E+02    2.957266928915E+02    4.888543290656E+02
    3.928367222615E-01    5.611855427686E+00    5.050669884914E+01    1.402963856921E+02    2.749809159564E+02    4.545602896423E+02
    4.049675986998E-01    5.280682762019E+00    4.752614485817E+01    1.320170690505E+02    2.587534553389E+02    4.277353037236E+02
    4.141221252476E-01    5.049795179991E+00    4.544815661991E+01    1.262448794998E+02    2.474399638195E+02    4.090334095792E+02
    4.194891450617E-01    4.921405804860E+00    4.429265224372E+01    1.230351451215E+02    2.411488844381E+02    3.986338701935E+02
    4.222340204313E-01    4.857627254758E+00    4.371864529282E+01    1.214406813689E+02    2.380237354831E+02    3.934678076354E+02
    4.283166428872E-01    4.720638368323E+00    4.248574531491E+01    1.180159592081E+02    2.313112800478E+02    3.823717078342E+02
    4.386917729747E-01    4.499991069098E+00    4.049991962188E+01    1.124997767274E+02    2.204995623858E+02    3.644992765969E+02
    4.524400996049E-01    4.230663201998E+00    3.807596881798E+01    1.057665800500E+02    2.073024968979E+02    3.426837193619E+02
    4.683403558097E-01    3.948275678602E+00    3.553448110743E+01    9.870689196510E+01    1.934655082516E+02    3.198103299669E+02
    4.849798282797E-01    3.681995733057E+00    3.313796159752E+01    9.204989332645E+01    1.804177909198E+02    2.982416543777E+02
    5.008800844845E-01    3.451938928788E+00    3.106745035908E+01    8.629847321968E+01    1.691450075106E+02    2.796070532317E+02
    5.146284111147E-01    3.269965076562E+00    2.942968568906E+01    8.174912691407E+01    1.602282887516E+02    2.648671712016E+02
    5.250035412022E-01    3.141999894659E+00    2.827799905192E+01    7.854999736645E+01    1.539579948382E+02    2.545019914673E+02
    5.310861636581E-01    3.070440301594E+00    2.763396271434E+01    7.676100753985E+01    1.504515747781E+02    2.487056644291E+02
    5.341741484490E-01    3.035043353026E+00    2.731539017724E+01    7.587608382568E+01    1.487171242983E+02    2.458385115952E+02
    5.409723735467E-01    2.959241832088E+00    2.663317648879E+01    7.398104580219E+01    1.450028497723E+02    2.396985883991E+02
    5.525681071740E-01    2.836344650733E+00    2.552710185659E+01    7.090861626832E+01    1.389808878859E+02    2.297439167094E+02
    5.679338839959E-01    2.684943005351E+00    2.416448704815E+01    6.712357513375E+01    1.315622072621E+02    2.174803834333E+02
    5.857047585777E-01    2.524486930944E+00    2.272038237849E+01    6.311217327360E+01    1.236998596162E+02    2.044834414064E+02
    6.043018160442E-01    2.371498383280E+00    2.134348544951E+01    5.928745958199E+01    1.162034207807E+02    1.920913690456E+02
    6.220726906261E-01    2.237939592966E+00    2.014145633669E+01    5.594848982414E+01    1.096590400553E+02    1.812731070302E+02
    6.374384674480E-01    2.131346671942E+00    1.918212004749E+01    5.328366679858E+01    1.044359869252E+02    1.726390804274E+02
    6.490342010752E-01    2.055869134189E+00    1.850282220771E+01    5.139672835475E+01    1.007375875753E+02    1.665253998694E+02
    6.558324261730E-01    2.013468596933E+00    1.812121737239E+01    5.033671492332E+01    9.865996124971E+01    1.630909563516E+02
    6.592635203851E-01    1.992565200719E+00    1.793308680646E+01    4.981413001796E+01    9.763569483519E+01    1.613977812582E+02
    6.667773481247E-01    1.947910312164E+00    1.753119280947E+01    4.869775780409E+01    9.544760529601E+01    1.577807352852E+02
    6.795936852917E-01    1.875132504201E+00    1.687619253780E+01    4.687831260501E+01    9.188149270581E+01    1.518857328402E+02
    6.965769123053E-01    1.784812011108E+00    1.606330809997E+01    4.462030027769E+01    8.745578854427E+01    1.445697728997E+02
    7.162184052643E-01    1.688261346431E+00    1.519435211788E+01    4.220653366077E+01    8.272480597511E+01    1.367491690609E+02
    7.367730477272E-01    1.595376428218E+00    1.435838785396E+01    3.988441070543E+01    7.817344498265E+01    1.292254906856E+02
    7.564145406861E-01    1.513599216171E+00    1.362239294554E+01    3.783998040428E+01    7.416636159239E+01    1.226015365099E+02
    7.733977676998E-01    1.447854109953E+00    1.303068698958E+01    3.619635274883E+01    7.094485138770E+01    1.172761829062E+02
    7.862141048668E-01    1.401034952043E+00    1.260931456838E+01    3.502587380107E+01    6.865071265009E+01    1.134838311155E+02
    7.937279326064E-01    1.374634702591E+00    1.237171232332E+01    3.436586756478E+01    6.735710042697E+01    1.113454109099E+02
    7.975021362397E-01    1.361654487216E+00    1.225489038494E+01    3.404136218039E+01    6.672106987357E+01    1.102940134645E+02
    8.057315666211E-01    1.333981708269E+00    1.200583537441E+01    3.334954270671E+01    6.536510370515E+01    1.080525183697E+02
    8.197685073278E-01    1.288689147769E+00    1.159820232992E+01    3.221722869422E+01    6.314576824068E+01    1.043838209693E+02
    8.383691845333E-01    1.232139890481E+00    1.108925901433E+01    3.080349726203E+01    6.037485463359E+01    9.980333112899E+01
    8.598812958692E-01    1.171260850328E+00    1.054134765295E+01    2.928152125820E+01    5.739178166606E+01    9.487212887655E+01
    8.823935233287E-01    1.112259203776E+00    1.001033283398E+01    2.780648009438E+01    5.450070098499E+01    9.009299550579E+01
    9.039056346646E-01    1.059947718479E+00    9.539529466303E+00    2.649869296195E+01    5.193743820543E+01    8.585576519673E+01
    9.225063118701E-01    1.017634774104E+00    9.158712966932E+00    2.544086935259E+01    4.986410393108E+01    8.242841670239E+01
    9.365432525767E-01    9.873586905838E-01    8.886228215253E+00    2.468396726459E+01    4.838057583860E+01    7.997605393728E+01
    9.447726829582E-01    9.702328535295E-01    8.732095681762E+00    2.425582133823E+01    4.754140982293E+01    7.858886113586E+01
    9.488899960127E-01    9.618312777338E-01    8.656481499606E+00    2.404578194335E+01    4.712973260897E+01    7.790833349645E+01
    9.578350290361E-01    9.439504557559E-01    8.495554101805E+00    2.359876139390E+01    4.625357233205E+01    7.645998691624E+01
    9.730925732825E-01    9.145812965628E-01    8.231231669068E+00    2.286453241408E+01    4.481448353160E+01    7.408108502162E+01
    9.933107006797E-01    8.777289111066E-01    7.899560199960E+00    2.194322277767E+01    4.300871664423E+01    7.109604179965E+01
    1.016693430393E+00    8.378197564631E-01    7.540377808163E+00    2.094549391156E+01    4.105316806667E+01    6.786340027347E+01
    1.041163242849E+00    7.989010222733E-01    7.190109200456E+00    1.997252555682E+01    3.914615009138E+01    6.471098280411E+01
    1.064545972562E+00    7.641907722690E-01    6.877716950416E+00    1.910476930671E+01    3.744534784116E+01    6.189945255375E+01
    1.084764099959E+00    7.359698511915E-01    6.623728660724E+00    1.839924627979E+01    3.606252270839E+01    5.961355794652E+01
    1.100021644205E+00    7.156953090961E-01    6.441257781860E+00    1.789238272739E+01    3.506907014568E+01    5.797132003674E+01
    1.108966677229E+00    7.041961377351E-01    6.337765239614E+00    1.760490344337E+01    3.450561074901E+01    5.703988715652E+01
    1.113427099704E+00    6.985653770214E-01    6.287088393192E+00    1.746413442553E+01    3.422970347405E+01    5.658379553873E+01
    1.123087735369E+00    6.865991517420E-01    6.179392365678E+00    1.716497879355E+01    3.364335843536E+01    5.561453129111E+01
    1.139565883156E+00    6.668862365620E-01    6.001976129055E+00    1.667215591404E+01    3.267742559152E+01    5.401778516149E+01
    1.161401460745E+00    6.420456322000E-01    5.778410689798E+00    1.605114080500E+01    3.146023597779E+01    5.200569620818E+01
    1.186654808835E+00    6.150095004509E-01    5.535085504056E+00    1.537523751127E+01    3.013546552208E+01    4.981576953651E+01
    1.213082206287E+00    5.885050132288E-01    5.296545119059E+00    1.471262533072E+01    2.883674564821E+01    4.766890607153E+01
    1.238335554377E+00    5.647470188383E-01    5.082723169545E+00    1.411867547096E+01    2.767260392308E+01    4.574450852591E+01
    1.260171131966E+00    5.453453050250E-01    4.908107745223E+00    1.363363262562E+01    2.672191994622E+01    4.417296970701E+01
    1.276649279752E+00    5.313582434599E-01    4.782224191139E+00    1.328395608650E+01    2.603655392953E+01    4.304001772025E+01
    1.286309915417E+00    5.234068437904E-01    4.710661594113E+00    1.308517109476E+01    2.564693534573E+01    4.239595434702E+01
    1.291113447314E+00    5.195194635059E-01    4.675675171551E+00    1.298798658764E+01    2.545645371178E+01    4.208107654396E+01
    1.301489685621E+00    5.112686581760E-01    4.601417923582E+00    1.278171645439E+01    2.505216425061E+01    4.141276131224E+01
    1.319188436947E+00    4.976419232141E-01    4.478777308926E+00    1.244104808035E+01    2.438445423748E+01    4.030899578033E+01
    1.342641464728E+00    4.804083209142E-01    4.323674888225E+00    1.201020802285E+01    2.354000772478E+01    3.891307399403E+01
    1.369765431195E+00    4.615706955219E-01    4.154136259694E+00    1.153926738804E+01    2.261696408056E+01    3.738722633725E+01
    1.398150413644E+00    4.430194980212E-01    3.987175482190E+00    1.107548745053E+01    2.170795540303E+01    3.588457933971E+01
    1.425274380111E+00    4.263180046153E-01    3.836862041539E+00    1.065795011539E+01    2.088958222616E+01    3.453175837385E+01
    1.448727407892E+00    4.126266545874E-01    3.713639891285E+00    1.031566636468E+01    2.021870607478E+01    3.342275902157E+01
    1.466426159218E+00    4.027265234939E-01    3.624538711446E+00    1.006816308735E+01    1.973359965121E+01    3.262084840301E+01
    1.476802397525E+00    3.970871691797E-01    3.573784522617E+00    9.927179229492E+00    1.945727128980E+01    3.216406070355E+01
    1.481949038843E+00    3.943338808149E-01    3.549004927336E+00    9.858347020378E+00    1.932236015994E+01    3.194104434602E+01
    1.493040879792E+00    3.884966102121E-01    3.496469491909E+00    9.712415255305E+00    1.903633390040E+01    3.146822542719E+01
    1.511960234657E+00    3.788348232757E-01    3.409513409482E+00    9.470870581895E+00    1.856290634051E+01    3.068562068534E+01
    1.537030712630E+00    3.665772767291E-01    3.299195490561E+00    9.164431918226E+00    1.796228655972E+01    2.969275941505E+01
    1.566025297474E+00    3.531287564166E-01    3.178158807749E+00    8.828218910415E+00    1.730330906441E+01    2.860342926974E+01
    1.596367864919E+00    3.398323182067E-01    3.058490863860E+00    8.495807955168E+00    1.665178359213E+01    2.752641777475E+01
    1.625362449763E+00    3.278160306671E-01    2.950344276004E+00    8.195400766678E+00    1.606298550269E+01    2.655309848404E+01
    1.650432927736E+00    3.179324614580E-01    2.861392153121E+00    7.948311536447E+00    1.557869061144E+01    2.575252937809E+01
    1.669352282601E+00    3.107668180704E-01    2.796901362633E+00    7.769170451758E+00    1.522757408545E+01    2.517211226370E+01
    1.680444123550E+00    3.066778988187E-01    2.760101089368E+00    7.666947470468E+00    1.502721704212E+01    2.484090980431E+01
    1.685933874290E+00    3.046839366641E-01    2.742155429977E+00    7.617098416602E+00    1.492951289654E+01    2.467939886979E+01
    1.697741317881E+00    3.004606450642E-01    2.704145805577E+00    7.511516126603E+00    1.472257160814E+01    2.433731225019E+01
    1.717881276286E+00    2.934569093457E-01    2.641112184109E+00    7.336422733637E+00    1.437938855793E+01    2.377000965698E+01
    1.744569204450E+00    2.845471419476E-01    2.560924277528E+00    7.113678548690E+00    1.394280995543E+01    2.304831849776E+01
    1.775434407671E+00    2.747396668665E-01    2.472657001798E+00    6.868491671662E+00    1.346224367646E+01    2.225391301618E+01
    1.807734560113E+00    2.650094189512E-01    2.385084770560E+00    6.625235473777E+00    1.298546152860E+01    2.146576293504E+01
    1.838599763334E+00    2.561864949881E-01    2.305678454893E+00    6.404662374703E+00    1.255313825442E+01    2.075110609404E+01
    1.865287691499E+00    2.489080731109E-01    2.240172657997E+00    6.222701827770E+00    1.219649558243E+01    2.016155392197E+01
    1.885427649904E+00    2.436188496767E-01    2.192569647091E+00    6.090471241918E+00    1.193732363416E+01    1.973312682382E+01
    1.897235093495E+00    2.405959614367E-01    2.165363652930E+00    6.014899035917E+00    1.178920211040E+01    1.948827287637E+01
    1.903067953655E+00    2.391233792744E-01    2.152110413471E+00    5.978084481863E+00    1.171704558445E+01    1.936899372124E+01
    1.915590999888E+00    2.360070931883E-01    2.124063838694E+00    5.900177329707E+00    1.156434756622E+01    1.911657454825E+01
    1.936951561833E+00    2.308304568756E-01    2.077474111881E+00    5.770761421891E+00    1.131069238691E+01    1.869726700693E+01
    1.965256940189E+00    2.242290900077E-01    2.018061810069E+00    5.605727250191E+00    1.098722541037E+01    1.816255629062E+01
    1.997992761787E+00    2.169415858725E-01    1.952474272853E+00    5.423539646813E+00    1.063013770775E+01    1.757226845567E+01
    2.032250499225E+00    2.096892439778E-01    1.887203195800E+00    5.242231099444E+00    1.027477295491E+01    1.698482876220E+01
    2.064986320824E+00    2.030936166642E-01    1.827842549978E+00    5.077340416605E+00    9.951587216547E+00    1.645058294980E+01
    2.093291699180E+00    1.976383088815E-01    1.778744779934E+00    4.940957722040E+00    9.684277135198E+00    1.600870301941E+01
    2.114652261125E+00    1.936656998268E-01    1.742991298441E+00    4.841642495670E+00    9.489619291514E+00    1.568692168597E+01
    2.127175307357E+00    1.913921255981E-01    1.722529130382E+00    4.784803139951E+00    9.378214154303E+00    1.550276217344E+01
    2.133351276939E+00    1.902855839889E-01    1.712570255900E+00    4.757139599721E+00    9.323993615454E+00    1.541313230310E+01
    2.146589925814E+00    1.879457277227E-01    1.691511549504E+00    4.698643193067E+00    9.209340658411E+00    1.522360394554E+01
    2.169171091298E+00    1.840530488005E-01    1.656477439206E+00    4.601326220016E+00    9.018599391232E+00    1.490829695285E+01
    2.199093919846E+00    1.790783466617E-01    1.611705119955E+00    4.476958666541E+00    8.774838986420E+00    1.450534607959E+01
    2.233700359821E+00    1.735724538865E-01    1.562152084977E+00    4.339311347160E+00    8.505050240432E+00    1.405936876480E+01
    2.269915682256E+00    1.680781197624E-01    1.512703077861E+00    4.201952994059E+00    8.235827868356E+00    1.361432770075E+01
    2.304522122231E+00    1.630680465732E-01    1.467612419158E+00    4.076701164329E+00    7.990334282085E+00    1.320851177243E+01
    2.334444950779E+00    1.589144383700E-01    1.430229945329E+00    3.972860959248E+00    7.786807480125E+00    1.287206950796E+01
    2.357026116264E+00    1.558841081006E-01    1.402956972905E+00    3.897102702514E+00    7.638321296927E+00    1.262661275614E+01
    2.370264765139E+00    1.541476507893E-01    1.387328857103E+00    3.853691269732E+00    7.553234888674E+00    1.248595971393E+01
    2.376783844141E+00    1.533032133890E-01    1.379728920501E+00    3.832580334726E+00    7.511857456064E+00    1.241756028451E+01
    2.390738095658E+00    1.515188368635E-01    1.363669531772E+00    3.787970921589E+00    7.424423006314E+00    1.227302578595E+01
    2.414539864682E+00    1.485463111617E-01    1.336916800456E+00    3.713657779043E+00    7.278769246925E+00    1.203225120410E+01
    2.446080143422E+00    1.447402329841E-01    1.302662096857E+00    3.618505824603E+00    7.092271416222E+00    1.172395887171E+01
    2.482557201774E+00    1.405180465056E-01    1.264662418550E+00    3.512951162640E+00    6.885384278775E+00    1.138196176695E+01
    2.520730109205E+00    1.362943754487E-01    1.226649379038E+00    3.407359386218E+00    6.678424396986E+00    1.103984441134E+01
    2.557207167558E+00    1.324337893028E-01    1.191904103725E+00    3.310844732569E+00    6.489255675834E+00    1.072713693352E+01
    2.588747446297E+00    1.292264056065E-01    1.163037650458E+00    3.230660140161E+00    6.332093874716E+00    1.046733885412E+01
    2.612549215322E+00    1.268824835534E-01    1.141942351980E+00    3.172062088832E+00    6.217241694111E+00    1.027748116782E+01
    2.626503466838E+00    1.255378466500E-01    1.129840619850E+00    3.138446166251E+00    6.151354485851E+00    1.016856557865E+01
    2.633365655262E+00    1.248844304200E-01    1.123959873780E+00    3.122110760501E+00    6.119337090582E+00    1.011563886402E+01
    2.648035509421E+00    1.235045684624E-01    1.111541116162E+00    3.087614211560E+00    6.051723854658E+00    1.000387004546E+01
    2.673057881985E+00    1.212031496224E-01    1.090828346601E+00    3.030078740560E+00    5.938954331497E+00    9.817455119414E+00
    2.706215610916E+00    1.182512776478E-01    1.064261498830E+00    2.956281941194E+00    5.794312604739E+00    9.578353489467E+00
    2.744563287645E+00    1.149698943299E-01    1.034729048969E+00    2.874247358246E+00    5.633524822162E+00    9.312561440717E+00
    2.784693780073E+00    1.116800866262E-01    1.005120779636E+00    2.792002165656E+00    5.472324244686E+00    9.046087016725E+00
    2.823041456802E+00    1.086666102674E-01    9.779994924068E-01    2.716665256686E+00    5.324663903104E+00    8.801995431661E+00
    2.856199185734E+00    1.061582253205E-01    9.554240278837E-01    2.653955633010E+00    5.201753040700E+00    8.598816250954E+00
    2.881221558298E+00    1.043223401078E-01    9.389010609696E-01    2.608058502693E+00    5.111794665279E+00    8.450109548726E+00
    2.895891412456E+00    1.032680759770E-01    9.294126837925E-01    2.581701899424E+00    5.060135722870E+00    8.364714154132E+00
    2.903096710302E+00    1.027561027678E-01    9.248049249103E-01    2.568902569195E+00    5.035049035623E+00    8.323244324193E+00
    2.918482167102E+00    1.016755531408E-01    9.150799782670E-01    2.541888828520E+00    4.982102103898E+00    8.235719804404E+00
    2.944725143206E+00    9.987139189462E-02    8.988425270516E-01    2.496784797366E+00    4.893698202836E+00    8.089582743464E+00
    2.979500322329E+00    9.755370276710E-02    8.779833249041E-01    2.438842569178E+00    4.780131435589E+00    7.901849924137E+00
    3.019718617435E+00    9.497245809086E-02    8.547521228174E-01    2.374311452271E+00    4.653650446451E+00    7.692769105357E+00
    3.061806694859E+00    9.237939103065E-02    8.314145192759E-01    2.309484775767E+00    4.526590160502E+00    7.482730673484E+00
    3.102024989966E+00    8.999948977513E-02    8.099954079760E-01    2.249987244378E+00    4.409974998981E+00    7.289958671784E+00
    3.136800169089E+00    8.801504721625E-02    7.921354249460E-01    2.200376180406E+00    4.312737313595E+00    7.129218824514E+00
    3.163043145193E+00    8.656062825592E-02    7.790456543029E-01    2.164015706397E+00    4.241470784538E+00    7.011410888726E+00
    3.178428601993E+00    8.572464816145E-02    7.715218334529E-01    2.143116204036E+00    4.200507759911E+00    6.943696501077E+00
    3.185977009259E+00    8.531892144123E-02    7.678702929706E-01    2.132973036030E+00    4.180627150618E+00    6.910832636736E+00
    3.202078068701E+00    8.446305769601E-02    7.601675192641E-01    2.111576442400E+00    4.138689827105E+00    6.841507673378E+00
    3.229541648345E+00    8.303264116205E-02    7.472937704585E-01    2.075816029051E+00    4.068599416941E+00    6.725643934127E+00
    3.265934277660E+00    8.119246931540E-02    7.307322238385E-01    2.029811732885E+00    3.978430996454E+00    6.576590014546E+00
    3.308023191143E+00    7.913954346461E-02    7.122558911816E-01    1.978488586616E+00    3.877837629767E+00    6.410303020635E+00
    3.352068853564E+00    7.707344480311E-02    6.936610032277E-01    1.926836120077E+00    3.776598795351E+00    6.242949029049E+00
    3.394157767047E+00    7.517381331271E-02    6.765643198142E-01    1.879345332817E+00    3.683516852322E+00    6.089078878328E+00
    3.430550396362E+00    7.358732640497E-02    6.622859376450E-01    1.839683160125E+00    3.605778993845E+00    5.960573438805E+00
    3.458013976006E+00    7.242310548137E-02    6.518079493325E-01    1.810577637035E+00    3.548732168588E+00    5.866271543993E+00
    3.474115035448E+00    7.175335992062E-02    6.457802392852E-01    1.793833998015E+00    3.515914636108E+00    5.812022153567E+00
    3.482006552136E+00    7.142848909067E-02    6.428564018158E-01    1.785712227266E+00    3.499995965442E+00    5.785707616343E+00
    3.498823214220E+00    7.074351473896E-02    6.366916326507E-01    1.768587868474E+00    3.466432222209E+00    5.730224693856E+00
    3.527507397403E+00    6.959768039574E-02    6.263791235616E-01    1.739942009893E+00    3.410286339391E+00    5.637412112054E+00
    3.565517476910E+00    6.812170238576E-02    6.130953214716E-01    1.703042559643E+00    3.337963416901E+00    5.517857893244E+00
    3.609477008770E+00    6.647250907962E-02    5.982525817165E-01    1.661812726990E+00    3.257152944901E+00    5.384273235449E+00
    3.655480256187E+00    6.480995898135E-02    5.832896308320E-01    1.620248974534E+00    3.175687990086E+00    5.249606677489E+00
    3.699439788048E+00    6.327886857605E-02    5.695098171844E-01    1.581971714401E+00    3.100664560226E+00    5.125588354660E+00
    3.737449867554E+00    6.199831406835E-02    5.579848266150E-01    1.549957851708E+00    3.037917389349E+00    5.021863439535E+00
    3.766134050738E+00    6.105750918528E-02    5.495175826674E-01    1.526437729632E+00    2.991817950078E+00    4.945658244007E+00
    3.782950712822E+00    6.051586782919E-02    5.446428104625E-01    1.512896695729E+00    2.965277523629E+00    4.901785294163E+00
    3.791185338931E+00    6.025326692323E-02    5.422794023085E-01    1.506331673079E+00    2.952410079235E+00    4.880514620777E+00
    3.808717603656E+00    5.969982874067E-02    5.372984586660E-01    1.492495718517E+00    2.925291608293E+00    4.835686127994E+00
    3.838622390379E+00    5.877326903570E-02    5.289594213209E-01    1.469331725892E+00    2.879890182747E+00    4.760634791889E+00
    3.878249920078E+00    5.757832772046E-02    5.182049494842E-01    1.439458193012E+00    2.821338058303E+00    4.663844545358E+00
    3.924080070315E+00    5.624124301367E-02    5.061711871229E-01    1.406031075342E+00    2.755820907669E+00    4.555540684107E+00
    3.972040902729E+00    5.489126096961E-02    4.940213487264E-01    1.372281524240E+00    2.689671787510E+00    4.446192138537E+00
    4.017871052966E+00    5.364616022503E-02    4.828154420252E-01    1.341154005626E+00    2.628661851026E+00    4.345338978227E+00
    4.057498582665E+00    5.260340758174E-02    4.734306682355E-01    1.315085189543E+00    2.577566971505E+00    4.260876014120E+00
    4.087403369388E+00    5.183649572710E-02    4.665284615437E-01    1.295912393177E+00    2.539988290627E+00    4.198756153893E+00
    4.104935634114E+00    5.139465182462E-02    4.625518664217E-01    1.284866295616E+00    2.518337939407E+00    4.162966797795E+00
    4.113513369644E+00    5.118053311455E-02    4.606247980307E-01    1.279513327863E+00    2.507846122611E+00    4.145623182276E+00
    4.131761237011E+00    5.072945515055E-02    4.565650963550E-01    1.268236378764E+00    2.485743302377E+00    4.109085867195E+00
    4.162886627274E+00    4.997369534598E-02    4.497632581135E-01    1.249342383649E+00    2.448711071951E+00    4.047869323021E+00
    4.204131607164E+00    4.899796307055E-02    4.409816676348E-01    1.224949076763E+00    2.400900190456E+00    3.968835008713E+00
    4.251832375779E+00    4.790472622997E-02    4.311425360698E-01    1.197618155750E+00    2.347331585269E+00    3.880282824629E+00
    4.301750793189E+00    4.679938401105E-02    4.211944560990E-01    1.169984600275E+00    2.293169816539E+00    3.790750104891E+00
    4.349451561803E+00    4.577850802758E-02    4.120065722481E-01    1.144462700689E+00    2.243146893351E+00    3.708059150233E+00
    4.390696541694E+00    4.492248651734E-02    4.043023786558E-01    1.123062162933E+00    2.201201839348E+00    3.638721407902E+00
    4.421821931956E+00    4.429228980374E-02    3.986306082333E-01    1.107307245093E+00    2.170322200382E+00    3.587675474100E+00
    4.440069799324E+00    4.392897165423E-02    3.953607448882E-01    1.098224291356E+00    2.152519611058E+00    3.558246703994E+00
    4.448990644275E+00    4.375298087981E-02    3.937768279182E-01    1.093824521995E+00    2.143896063110E+00    3.543991451263E+00
    4.467954114285E+00    4.338236491479E-02    3.904412842329E-01    1.084559122869E+00    2.125735880823E+00    3.513971558096E+00
    4.500300108087E+00    4.276098289785E-02    3.848488460809E-01    1.069024572447E+00    2.095288161996E+00    3.463639614728E+00
    4.543162538169E+00    4.195793274547E-02    3.776213947092E-01    1.048948318637E+00    2.055938704528E+00    3.398592552383E+00
    4.592733925161E+00    4.105708011605E-02    3.695137210445E-01    1.026427002901E+00    2.011796925687E+00    3.325623489400E+00
    4.644609927567E+00    4.014506259916E-02    3.613055633924E-01    1.003626564979E+00    1.967108067358E+00    3.251750070531E+00
    4.694181314559E+00    3.930166151186E-02    3.537149536068E-01    9.825415377967E-01    1.925781414081E+00    3.183434582461E+00
    4.737043744641E+00    3.859364885951E-02    3.473428397354E-01    9.648412214874E-01    1.891088794115E+00    3.126085557619E+00
    4.769389738444E+00    3.807193986048E-02    3.426474587443E-01    9.517984965119E-01    1.865525053163E+00    3.083827128699E+00
    4.788353208453E+00    3.777098192119E-02    3.399388372906E-01    9.442745480295E-01    1.850778114138E+00    3.059449535615E+00
    4.797617162826E+00    3.762525506829E-02    3.386272956147E-01    9.406313767074E-01    1.843637498347E+00    3.047645660532E+00
    4.817296235477E+00    3.731847809995E-02    3.358663028995E-01    9.329619524986E-01    1.828605426897E+00    3.022796726095E+00
    4.850862832819E+00    3.680379839690E-02    3.312341855721E-01    9.200949599224E-01    1.803386121448E+00    2.981107670149E+00
    4.895342713093E+00    3.613802625876E-02    3.252422363289E-01    9.034506564692E-01    1.770763286680E+00    2.927180126960E+00
    4.946784718462E+00    3.539032987138E-02    3.185129688423E-01    8.847582467842E-01    1.734126163697E+00    2.866616719581E+00
    5.000618305865E+00    3.463245024294E-02    3.116920521864E-01    8.658112560734E-01    1.696990061904E+00    2.805228469678E+00
    5.052060311233E+00    3.393075932611E-02    3.053768339349E-01    8.482689831526E-01    1.662607206979E+00    2.748391505414E+00
    5.096540191507E+00    3.334108470267E-02    3.000697623239E-01    8.335271175665E-01    1.633713150430E+00    2.700627860916E+00
    5.130106788849E+00    3.290620664310E-02    2.961558597878E-01    8.226551660773E-01    1.612404125512E+00    2.665402738091E+00
    5.149785861500E+00    3.265519568115E-02    2.938967611304E-01    8.163798920288E-01    1.600104588376E+00    2.645070850173E+00
    5.159392925294E+00    3.253369748534E-02    2.928032773681E-01    8.133424371336E-01    1.594151176782E+00    2.635229496313E+00
    5.179787600588E+00    3.227800825595E-02    2.905020743035E-01    8.069502063987E-01    1.581622404541E+00    2.614518668732E+00
    5.214574801469E+00    3.184878201527E-02    2.866390381374E-01    7.962195503818E-01    1.560590318748E+00    2.579751343237E+00
    5.260672131935E+00    3.129306921231E-02    2.816376229109E-01    7.823267303080E-01    1.533360391404E+00    2.534738606198E+00
    5.313984755681E+00    3.066832262323E-02    2.760149036092E-01    7.667080655811E-01    1.502747808539E+00    2.484134132483E+00
    5.369775928080E+00    3.003435462635E-02    2.703091916371E-01    7.508588656587E-01    1.471683376691E+00    2.432782724734E+00
    5.423088551826E+00    2.944674122369E-02    2.650206710131E-01    7.361685305919E-01    1.442890319960E+00    2.385186039118E+00
    5.469185882291E+00    2.895244621799E-02    2.605720159619E-01    7.238111554499E-01    1.418669864682E+00    2.345148143658E+00
    5.503973083173E+00    2.858762186856E-02    2.572885968171E-01    7.146905467142E-01    1.400793471560E+00    2.315597371354E+00
    5.524367758466E+00    2.837693384930E-02    2.553924046435E-01    7.094233462321E-01    1.390469758615E+00    2.298531641792E+00
    5.534317931681E+00    2.827498756192E-02    2.544748880572E-01    7.068746890478E-01    1.385474390534E+00    2.290273992515E+00
    5.555428209617E+00    2.806050948896E-02    2.525445854007E-01    7.015127372241E-01    1.374964964959E+00    2.272901268606E+00
    5.591436014038E+00    2.770026430331E-02    2.493023787297E-01    6.925066075825E-01    1.357312950862E+00    2.243721408567E+00
    5.639150794696E+00    2.723348469238E-02    2.451013622314E-01    6.808371173095E-01    1.334440749927E+00    2.205912260083E+00
    5.694334036818E+00    2.670820813852E-02    2.403738732466E-01    6.677052034628E-01    1.308702198787E+00    2.163364859219E+00
    5.752082794214E+00    2.617461935010E-02    2.355715741507E-01    6.543654837520E-01    1.282556348154E+00    2.120144167357E+00
    5.807266036337E+00    2.567953692107E-02    2.311158322896E-01    6.419884230267E-01    1.258297309132E+00    2.080042490607E+00
    5.854980816994E+00    2.526269499263E-02    2.273642549337E-01    6.315673748159E-01    1.237872054639E+00    2.046278294404E+00
    5.890988621416E+00    2.495480978870E-02    2.245932880983E-01    6.238702447176E-01    1.222785679647E+00    2.021339592885E+00
    5.912098899351E+00    2.477691613230E-02    2.229922451906E-01    6.194229033071E-01    1.214068890482E+00    2.006930206715E+00
    5.922392181987E+00    2.469086503567E-02    2.222177853210E-01    6.172716258916E-01    1.209852386747E+00    1.999960067889E+00
    5.944218062564E+00    2.450987890622E-02    2.205889101560E-01    6.127469726556E-01    1.200984066405E+00    1.985300191404E+00
    5.981446470525E+00    2.420573033715E-02    2.178515730343E-01    6.051432584287E-01    1.186080786520E+00    1.960664157309E+00
    6.030778701374E+00    2.381134058142E-02    2.143020652327E-01    5.952835145353E-01    1.166755688489E+00    1.928718587094E+00
    6.087832561874E+00    2.336712239065E-02    2.103041015158E-01    5.841780597662E-01    1.144988997142E+00    1.892736913643E+00
    6.147538904267E+00    2.291543258612E-02    2.062388932750E-01    5.728858146528E-01    1.122856196719E+00    1.856150039475E+00
    6.204592764766E+00    2.249593598709E-02    2.024634238838E-01    5.623983996771E-01    1.102300863367E+00    1.822170814954E+00
    6.253924995616E+00    2.214243074233E-02    1.992818766810E-01    5.535607685583E-01    1.084979106374E+00    1.793536890129E+00
    6.291153403577E+00    2.188114687907E-02    1.969303219116E-01    5.470286719767E-01    1.072176197074E+00    1.772372897205E+00
    6.312979284154E+00    2.173010892504E-02    1.955709803253E-01    5.432527231258E-01    1.064775337327E+00    1.760138822928E+00
    6.323615676211E+00    2.165706983214E-02    1.949136284893E-01    5.414267458035E-01    1.061196421775E+00    1.754222656403E+00
    6.346157159430E+00    2.150349170464E-02    1.935314253417E-01    5.375872926160E-01    1.053671093527E+00    1.741782828076E+00
    6.384606170931E+00    2.124527734967E-02    1.912074961470E-01    5.311319337418E-01    1.041018590134E+00    1.720867465323E+00
    6.435555851972E+00    2.091021528450E-02    1.881919375605E-01    5.227553821126E-01    1.024600548941E+00    1.693727438045E+00
    6.494480330849E+00    2.053249945743E-02    1.847924951168E-01    5.133124864355E-01    1.006092473414E+00    1.663132456051E+00
    6.556144258237E+00    2.014807828702E-02    1.813327045831E-01    5.037019571753E-01    9.872558360636E-01    1.631994341248E+00
    6.615068737114E+00    1.979073433977E-02    1.781166090579E-01    4.947683584943E-01    9.697459826488E-01    1.603049481522E+00
    6.666018418155E+00    1.948936158577E-02    1.754042542719E-01    4.872340396441E-01    9.549787177025E-01    1.578638288447E+00
    6.704467429656E+00    1.926646602964E-02    1.733981942668E-01    4.816616507411E-01    9.440568354525E-01    1.560583748401E+00
    6.727008912875E+00    1.913756265257E-02    1.722380638731E-01    4.784390663142E-01    9.377405699758E-01    1.550142574858E+00
    6.737988414354E+00    1.907524443849E-02    1.716771999464E-01    4.768811109622E-01    9.346869774859E-01    1.545094799518E+00
    6.761245500214E+00    1.894424147502E-02    1.704981732751E-01    4.736060368753E-01    9.282678322756E-01    1.534483559476E+00
    6.800915115255E+00    1.872388319102E-02    1.685149487192E-01    4.680970797755E-01    9.174702763600E-01    1.516634538473E+00
    6.853482246488E+00    1.843775532692E-02    1.659397979423E-01    4.609438831732E-01    9.034500110195E-01    1.493458181481E+00
    6.914277343742E+00    1.811494584182E-02    1.630345125763E-01    4.528736460452E-01    8.876323462485E-01    1.467310613186E+00
    6.977898856127E+00    1.778612300518E-02    1.600751070466E-01    4.446530751293E-01    8.715200272535E-01    1.440675963419E+00
    7.038693953381E+00    1.748020281430E-02    1.573218253287E-01    4.370050703575E-01    8.565299379007E-01    1.415896427958E+00
    7.091261084614E+00    1.722200380414E-02    1.549980342372E-01    4.305500951034E-01    8.438781864027E-01    1.394982308135E+00
    7.130930699654E+00    1.703092356952E-02    1.532783121257E-01    4.257730892380E-01    8.345152549064E-01    1.379504809131E+00
    7.154187785515E+00    1.692037409765E-02    1.522833668789E-01    4.230093524414E-01    8.290983307852E-01    1.370550301910E+00
    7.165510396415E+00    1.686694274766E-02    1.518024847288E-01    4.216735686912E-01    8.264801946347E-01    1.366222362559E+00
    7.189483084917E+00    1.675464765439E-02    1.507918288895E-01    4.188661913597E-01    8.209777350650E-01    1.357126460005E+00
    7.230373303498E+00    1.656567706157E-02    1.490910935541E-01    4.141419265392E-01    8.117181760168E-01    1.341819841987E+00
    7.284557884922E+00    1.632015331786E-02    1.468813798607E-01    4.080038329463E-01    7.996875125747E-01    1.321932418746E+00
    7.347223600553E+00    1.604294584703E-02    1.443865126232E-01    4.010736461756E-01    7.861043465042E-01    1.299478613609E+00
    7.412802697935E+00    1.576034607849E-02    1.418431147064E-01    3.940086519621E-01    7.722569578457E-01    1.276588032357E+00
    7.475468413566E+00    1.549722041974E-02    1.394749837776E-01    3.874305104934E-01    7.593638005670E-01    1.255274853998E+00
    7.529652994990E+00    1.527498200918E-02    1.374748380826E-01    3.818745502294E-01    7.484741184495E-01    1.237273542743E+00
    7.570543213571E+00    1.511042035495E-02    1.359937831946E-01    3.777605088739E-01    7.404105973928E-01    1.223944048751E+00
    7.594515902073E+00    1.501517644751E-02    1.351365880276E-01    3.753794111877E-01    7.357436459278E-01    1.216229292248E+00
    7.606181622394E+00    1.496915374317E-02    1.347223836885E-01    3.742288435791E-01    7.334885334149E-01    1.212501453196E+00
    7.630869913539E+00    1.487245048304E-02    1.338520543472E-01    3.718112620756E-01    7.287500736683E-01    1.204668489125E+00
    7.672980735659E+00    1.470965259937E-02    1.323868733943E-01    3.677413149840E-01    7.207729773687E-01    1.191481860548E+00
    7.728782767275E+00    1.449801117497E-02    1.304821005747E-01    3.624502793742E-01    7.104025475734E-01    1.174338905172E+00
    7.793319101283E+00    1.425888983644E-02    1.283300085279E-01    3.564722459109E-01    6.986856019854E-01    1.154970076751E+00
    7.860855783661E+00    1.401493133303E-02    1.261343819973E-01    3.503732833258E-01    6.867316353185E-01    1.135209437976E+00
    7.925392117669E+00    1.378761393979E-02    1.240885254581E-01    3.446903484946E-01    6.755930830494E-01    1.116796729123E+00
    7.981194149285E+00    1.359549049747E-02    1.223594144772E-01    3.398872624367E-01    6.661790343759E-01    1.101234730295E+00
    8.023304971405E+00    1.345315143956E-02    1.210783629561E-01    3.363287859891E-01    6.592044205387E-01    1.089705266605E+00
    8.047993262550E+00    1.337073937134E-02    1.203366543421E-01    3.342684842837E-01    6.551662291960E-01    1.083029889079E+00
    8.060002092292E+00    1.333092615192E-02    1.199783353672E-01    3.332731537977E-01    6.532153814436E-01    1.079805018305E+00
    8.085405986079E+00    1.324728770228E-02    1.192255893205E-01    3.311821925569E-01    6.491170974114E-01    1.073030303884E+00
    8.128737411738E+00    1.310643091871E-02    1.179578782684E-01    3.276607729678E-01    6.422151150169E-01    1.061620904416E+00
    8.186156893546E+00    1.292321304098E-02    1.163089173688E-01    3.230803260245E-01    6.332374390080E-01    1.046780256319E+00
    8.252563845931E+00    1.271606812190E-02    1.144446130970E-01    3.179017030471E-01    6.230873379723E-01    1.030001517873E+00
    8.322058113306E+00    1.250458097906E-02    1.125412288115E-01    3.126145244764E-01    6.127244679737E-01    1.012871059304E+00
    8.388465065691E+00    1.230738060259E-02    1.107664254234E-01    3.076845150649E-01    6.030616495272E-01    9.968978288102E-01
    8.445884547499E+00    1.214060559795E-02    1.092654503815E-01    3.035151399487E-01    5.948896742994E-01    9.833890534337E-01
    8.489215973159E+00    1.201698354754E-02    1.081528519278E-01    3.004245886884E-01    5.888321938293E-01    9.733756673505E-01
    8.514619866945E+00    1.194538369451E-02    1.075084532506E-01    2.986345923627E-01    5.853238010309E-01    9.675760792551E-01
    8.526971806109E+00    1.191080124517E-02    1.071972112066E-01    2.977700311295E-01    5.836292610139E-01    9.647749008596E-01
    8.553091302537E+00    1.183816572816E-02    1.065434915534E-01    2.959541432038E-01    5.800701206794E-01    9.588914239803E-01
    8.597643331736E+00    1.171579549626E-02    1.054421594663E-01    2.928948874064E-01    5.740739793166E-01    9.489794351968E-01
    8.656680263736E+00    1.155654135040E-02    1.040088721536E-01    2.889135337599E-01    5.662705261695E-01    9.360798493822E-01
    8.724957834498E+00    1.137637654030E-02    1.023873888627E-01    2.844094135075E-01    5.574424504746E-01    9.214864997642E-01
    8.796409686869E+00    1.119231012547E-02    1.007307911292E-01    2.798077531368E-01    5.484231961481E-01    9.065771201632E-01
    8.864687257631E+00    1.102056333341E-02    9.918507000068E-02    2.755140833352E-01    5.400076033371E-01    8.926656300062E-01
    8.923724189631E+00    1.087522758098E-02    9.787704822875E-02    2.718806895243E-01    5.328861514677E-01    8.808934340588E-01
    8.968276218831E+00    1.076744544370E-02    9.690700899331E-02    2.691861360925E-01    5.276048267414E-01    8.721630809398E-01
    8.994395715259E+00    1.070499947081E-02    9.634499523722E-02    2.676249867701E-01    5.245449740693E-01    8.671049571350E-01
    9.007090763844E+00    1.067484440310E-02    9.607359962794E-02    2.668711100776E-01    5.230673757521E-01    8.646623966515E-01
    9.033925862914E+00    1.061151976467E-02    9.550367788201E-02    2.652879941167E-01    5.199644684687E-01    8.595331009381E-01
    9.079698495653E+00    1.050479972392E-02    9.454319751530E-02    2.626199930981E-01    5.147351864722E-01    8.508887776377E-01
    9.140352877845E+00    1.036584489873E-02    9.329260408857E-02    2.591461224683E-01    5.079264000378E-01    8.396334367971E-01
    9.210501066983E+00    1.020855134127E-02    9.187696207135E-02    2.552137835315E-01    5.002190157218E-01    8.268926586422E-01
    9.283910504351E+00    1.004774815852E-02    9.042973342665E-02    2.511937039629E-01    4.923396597673E-01    8.138676008399E-01
    9.354058693490E+00    9.897612582737E-03    8.907851324464E-02    2.474403145684E-01    4.849830165542E-01    8.017066192018E-01
    9.414713075682E+00    9.770492458299E-03    8.793443212468E-02    2.442623114574E-01    4.787541304566E-01    7.914098891221E-01
    9.460485708421E+00    9.676176102353E-03    8.708558492119E-02    2.419044025589E-01    4.741326290154E-01    7.837702642908E-01
    9.487320807491E+00    9.621514955994E-03    8.659363460389E-02    2.405378738997E-01    4.714542328434E-01    7.793427114350E-01
    9.500358965497E+00    9.595124216023E-03    8.635611794418E-02    2.398781054005E-01    4.701610865850E-01    7.772050614977E-01
    9.527909667209E+00    9.539714327289E-03    8.585742894559E-02    2.384928581822E-01    4.674460020371E-01    7.727168605103E-01
    9.574902903488E+00    9.446303056231E-03    8.501672750604E-02    2.361575764057E-01    4.628688497551E-01    7.651505475544E-01
    9.637174735871E+00    9.324620482798E-03    8.392158434517E-02    2.331155120699E-01    4.569064036570E-01    7.552942591065E-01
    9.709193543387E+00    9.186801124059E-03    8.268121011655E-02    2.296700281015E-01    4.501532550790E-01    7.441308910489E-01
    9.784560565751E+00    9.045820800122E-03    8.141238720110E-02    2.261455200031E-01    4.432452192060E-01    7.327114848099E-01
    9.856579373267E+00    8.914114015043E-03    8.022702613541E-02    2.228528503762E-01    4.367915867373E-01    7.220432352187E-01
    9.918851205651E+00    8.802537439681E-03    7.922283695710E-02    2.200634359920E-01    4.313243345442E-01    7.130055326139E-01
    9.965844441930E+00    8.719717678131E-03    7.847745910319E-02    2.179929419533E-01    4.272661662285E-01    7.062971319287E-01
    9.993395143642E+00    8.671705328505E-03    7.804534795653E-02    2.167926332126E-01    4.249135610966E-01    7.024081316087E-01
