           5         100  0.50000000000000000        2.0000000000000000     
  1  1       0.00       2.00       3.00 **VQfit parameters
  -3.105146932426E-15   8.660254037845E-01  -1.092196796717E-13      8.975E-14
  1  2       2.00       3.00       4.00 **VQfit parameters
   0.000000000000E+00   0.000000000000E+00   0.000000000000E+00      0.000E+00
  1  2       1.00       2.00       3.00 **PmatFit parameters
   0.000000000000E+00   0.000000000000E+00   0.000000000000E+00      0.000E+00
  1  3       2.00       3.00       4.00 **VQfit parameters
   0.000000000000E+00   0.000000000000E+00   0.000000000000E+00      0.000E+00
  1  3       1.00       2.00       3.00 **PmatFit parameters
   0.000000000000E+00   0.000000000000E+00   0.000000000000E+00      0.000E+00
  1  4       2.00       3.00       4.00 **VQfit parameters
   0.000000000000E+00   0.000000000000E+00   0.000000000000E+00      0.000E+00
  1  4       1.00       2.00       3.00 **PmatFit parameters
   0.000000000000E+00   0.000000000000E+00   0.000000000000E+00      0.000E+00
  1  5       2.00       3.00       4.00 **VQfit parameters
   0.000000000000E+00   0.000000000000E+00   0.000000000000E+00      0.000E+00
  1  5       1.00       2.00       3.00 **PmatFit parameters
   0.000000000000E+00   0.000000000000E+00   0.000000000000E+00      0.000E+00
  2  2       0.00       2.00       3.00 **VQfit parameters
  -1.060786191216E-13   7.794228634061E+00  -4.475393656044E-13      5.611E-13
  2  3       2.00       3.00       4.00 **VQfit parameters
   0.000000000000E+00   0.000000000000E+00   0.000000000000E+00      0.000E+00
  2  3       1.00       2.00       3.00 **PmatFit parameters
   0.000000000000E+00   0.000000000000E+00   0.000000000000E+00      0.000E+00
  2  4       2.00       3.00       4.00 **VQfit parameters
   0.000000000000E+00   0.000000000000E+00   0.000000000000E+00      0.000E+00
  2  4       1.00       2.00       3.00 **PmatFit parameters
   0.000000000000E+00   0.000000000000E+00   0.000000000000E+00      0.000E+00
  2  5       2.00       3.00       4.00 **VQfit parameters
   0.000000000000E+00   0.000000000000E+00   0.000000000000E+00      0.000E+00
  2  5       1.00       2.00       3.00 **PmatFit parameters
   0.000000000000E+00   0.000000000000E+00   0.000000000000E+00      0.000E+00
  3  3       0.00       2.00       3.00 **VQfit parameters
  -1.505694057974E-13   2.165063509461E+01  -2.194941599216E-12      7.667E-13
  3  4       2.00       3.00       4.00 **VQfit parameters
   0.000000000000E+00   0.000000000000E+00   0.000000000000E+00      0.000E+00
  3  4       1.00       2.00       3.00 **PmatFit parameters
   0.000000000000E+00   0.000000000000E+00   0.000000000000E+00      0.000E+00
  3  5       2.00       3.00       4.00 **VQfit parameters
   0.000000000000E+00   0.000000000000E+00   0.000000000000E+00      0.000E+00
  3  5       1.00       2.00       3.00 **PmatFit parameters
   0.000000000000E+00   0.000000000000E+00   0.000000000000E+00      0.000E+00
  4  4       0.00       2.00       3.00 **VQfit parameters
  -6.837250661372E-13   4.243524478545E+01  -9.881115086124E-12      4.449E-12
  4  5       2.00       3.00       4.00 **VQfit parameters
   0.000000000000E+00   0.000000000000E+00   0.000000000000E+00      0.000E+00
  4  5       1.00       2.00       3.00 **PmatFit parameters
   0.000000000000E+00   0.000000000000E+00   0.000000000000E+00      0.000E+00
  5  5       0.00       2.00       3.00 **VQfit parameters
  -2.595540391942E-13   7.014805770655E+01   1.541609227688E-12      5.975E-12
