    9.100642489184E-03    1.045650438826E+04    9.410853949442E+04    2.614126097067E+05    5.123687150252E+05    8.469768554497E+05
    3.048636648471E-02    9.317926909894E+02    8.386134218909E+03    2.329481727475E+04    4.565784185850E+04    7.547520797018E+04
    6.403661698630E-02    2.111902532573E+02    1.900712279316E+03    5.279756331432E+03    1.034832240961E+04    1.710641051384E+04
    1.096666858430E-01    7.200807372675E+01    6.480726635409E+02    1.800201843169E+03    3.528395612611E+03    5.832653971867E+03
    1.672644481545E-01    3.095446823063E+01    2.785902140757E+02    7.738617057657E+02    1.516768943301E+03    2.507311926681E+03
    2.366888210567E-01    1.545877723052E+01    1.391289950748E+02    3.864694307633E+02    7.574800842961E+02    1.252160955673E+03
    3.177698626218E-01    8.576403773948E+00    7.718763396553E+01    2.144100943487E+02    4.202437849234E+02    6.946887056897E+02
    4.103091324486E-01    5.144086525098E+00    4.629677872588E+01    1.286021631274E+02    2.520602397298E+02    4.166710085329E+02
    5.140801607707E-01    3.276943425760E+00    2.949249083185E+01    8.192358564402E+01    1.605702278623E+02    2.654324174866E+02
    6.288289967119E-01    2.190107901941E+00    1.971097111748E+01    5.475269754854E+01    1.073152871951E+02    1.773987400573E+02
    7.542748272850E-01    1.522198899226E+00    1.369979009303E+01    3.805497248065E+01    7.458774606207E+01    1.232981108373E+02
    8.901106634624E-01    1.093056532092E+00    9.837508788829E+00    2.732641330230E+01    5.355977007251E+01    8.853757909945E+01
    1.036004090869E+00    8.068776595172E-01    7.261898935659E+00    2.017194148794E+01    3.953700531636E+01    6.535709042093E+01
    1.191598082959E+00    6.099174234655E-01    5.489256811190E+00    1.524793558664E+01    2.988595374981E+01    4.940331130070E+01
    1.356511874556E+00    4.706341445236E-01    4.235707300716E+00    1.176585361310E+01    2.306107308167E+01    3.812136570644E+01
    1.530341893546E+00    3.697887520580E-01    3.328098768522E+00    9.244718801450E+00    1.811964885084E+01    2.995288891670E+01
    1.712662748435E+00    2.952479755475E-01    2.657231779928E+00    7.381199388688E+00    1.446715080183E+01    2.391508601935E+01
    1.903028269308E+00    2.391333523835E-01    2.152200171452E+00    5.978333809589E+00    1.171753426680E+01    1.936980154307E+01
    2.100972599661E+00    1.961958671315E-01    1.765762804185E+00    4.904896678291E+00    9.613597489449E+00    1.589186523766E+01
    2.306011336416E+00    1.628574970147E-01    1.465717473133E+00    4.071437425368E+00    7.980017353722E+00    1.319145725819E+01
    2.517642715320E+00    1.366288569299E-01    1.229659712369E+00    3.415721423247E+00    6.694813989565E+00    1.106693741132E+01
    2.735348838842E+00    1.157457869989E-01    1.041712082990E+00    2.893644674972E+00    5.671543562945E+00    9.375408746909E+00
    2.958596943551E+00    9.893706510229E-02    8.904335859213E-01    2.473426627559E+00    4.847916190016E+00    8.013902273291E+00
    3.186840703869E+00    8.527268159817E-02    7.674541343840E-01    2.131817039955E+00    4.178361398312E+00    6.907087209455E+00
    3.419521569022E+00    7.406276759176E-02    6.665649083262E-01    1.851569189795E+00    3.629075611998E+00    5.999084174935E+00
    3.656070129904E+00    6.478904767161E-02    5.831014290449E-01    1.619726191791E+00    3.174663335911E+00    5.247912861403E+00
    3.895907512515E+00    5.705758094400E-02    5.135182284962E-01    1.426439523600E+00    2.795821466257E+00    4.621664056465E+00
    4.138446794561E+00    5.056568320387E-02    4.550911488350E-01    1.264142080097E+00    2.477718476990E+00    4.095820339515E+00
    4.383094441750E+00    4.507845002324E-02    4.057060502092E-01    1.126961250581E+00    2.208844051139E+00    3.651354451882E+00
    4.629251760269E+00    4.041187778706E-02    3.637069000835E-01    1.010296944676E+00    1.980182011565E+00    3.273362100751E+00
    4.876316361890E+00    3.642058223490E-02    3.277852401142E-01    9.105145558727E-01    1.784608529511E+00    2.950067161028E+00
    5.123683638110E+00    3.298876209496E-02    2.968988588548E-01    8.247190523744E-01    1.616449342654E+00    2.672089729693E+00
    5.370748239731E+00    3.002348086791E-02    2.702113278112E-01    7.505870216977E-01    1.471150562528E+00    2.431901950301E+00
    5.616905558250E+00    2.744962325397E-02    2.470466092860E-01    6.862405813499E-01    1.345031539446E+00    2.223419483574E+00
    5.861553205439E+00    2.520607410973E-02    2.268546669876E-01    6.301518527433E-01    1.235097631377E+00    2.041692002888E+00
    6.104092487485E+00    2.324279870938E-02    2.091851883847E-01    5.810699677352E-01    1.138897136761E+00    1.882666695462E+00
    6.343929870096E+00    2.151859367023E-02    1.936673430323E-01    5.379648417562E-01    1.054411089842E+00    1.743006087290E+00
    6.580478430978E+00    1.999934129212E-02    1.799940716292E-01    4.999835323033E-01    9.799677233144E-01    1.619946644663E+00
    6.813159296131E+00    1.865664489585E-02    1.679098040626E-01    4.664161223961E-01    9.141755998964E-01    1.511188236563E+00
    7.041403056449E+00    1.746675476682E-02    1.572007929015E-01    4.366688691707E-01    8.558709835746E-01    1.414807136113E+00
    7.264651161158E+00    1.640971739977E-02    1.476874565980E-01    4.102429349945E-01    8.040761525893E-01    1.329187109382E+00
    7.482357284680E+00    1.546869753455E-02    1.392182778110E-01    3.867174383639E-01    7.579661791931E-01    1.252964500299E+00
    7.693988663584E+00    1.462943479383E-02    1.316649131445E-01    3.657358698458E-01    7.168423048978E-01    1.184984218300E+00
    7.899027400339E+00    1.387980584310E-02    1.249182525878E-01    3.469951460773E-01    6.801104863116E-01    1.124264273291E+00
    8.096971730692E+00    1.320946978091E-02    1.188852280281E-01    3.302367445226E-01    6.472640192643E-01    1.069967052253E+00
    8.287337251565E+00    1.260957956163E-02    1.134862160547E-01    3.152394890409E-01    6.178693985201E-01    1.021375944492E+00
    8.469658106454E+00    1.207254610211E-02    1.086529149190E-01    3.018136525528E-01    5.915547590035E-01    9.778762342711E-01
    8.643488125444E+00    1.159184465207E-02    1.043266018687E-01    2.897961163018E-01    5.680003879515E-01    9.389394168178E-01
    8.808401917041E+00    1.116185525006E-02    1.004566972505E-01    2.790463812514E-01    5.469309072527E-01    9.041102752545E-01
    8.963995909131E+00    1.077773081311E-02    9.699957731809E-02    2.694432703280E-01    5.281088098429E-01    8.729961958627E-01
    9.109889336538E+00    1.043528774672E-02    9.391758972055E-02    2.608821936682E-01    5.113290995896E-01    8.452583074849E-01
    9.245725172715E+00    1.013091500389E-02    9.117823503503E-02    2.532728750973E-01    4.964148351907E-01    8.206041153152E-01
    9.371171003288E+00    9.861498340025E-03    8.875348506025E-02    2.465374585007E-01    4.832134186613E-01    7.987813655422E-01
    9.485919839229E+00    9.624357154256E-03    8.661921438832E-02    2.406089288564E-01    4.715935005586E-01    7.795729294948E-01
    9.589690867551E+00    9.417191818952E-03    8.475472637062E-02    2.354297954739E-01    4.614423991289E-01    7.627925373355E-01
    9.682230137378E+00    9.238039807132E-03    8.314235826423E-02    2.309509951784E-01    4.526639505496E-01    7.482812243780E-01
    9.763311178943E+00    9.085239255302E-03    8.176715329772E-02    2.271309813826E-01    4.451767235098E-01    7.359043796795E-01
    9.832735551845E+00    8.957398866591E-03    8.061658979933E-02    2.239349716648E-01    4.389125444630E-01    7.255493081939E-01
    9.890333314157E+00    8.853373283244E-03    7.968035954919E-02    2.213343320811E-01    4.338152908789E-01    7.171232359427E-01
    9.935963383014E+00    8.772243271998E-03    7.895018944795E-02    2.193060817999E-01    4.298399203277E-01    7.105517050315E-01
    9.969513633515E+00    8.713300428844E-03    7.841970385964E-02    2.178325107212E-01    4.269517210136E-01    7.057773347367E-01
    9.990899357511E+00    8.676038356865E-03    7.808434521179E-02    2.169009589216E-01    4.251258794864E-01    7.027591069061E-01
    1.000000000000E+01    8.660254037841E-03    7.794228634061E-02    2.165063509461E-01    4.243524478544E-01    7.014805770655E-01
