    1.844411973537E-03    2.545744217002E+05    2.291169795312E+06    6.364360542532E+06    1.247414666336E+07    2.062052815781E+07
    6.182585981316E-03    2.265636862046E+04    2.039073175848E+05    5.664092155132E+05    1.110162062406E+06    1.835165858263E+06
    1.299962648926E-02    5.124705150944E+03    4.612234635868E+04    1.281176287741E+05    2.511105523972E+05    4.151011172281E+05
    2.229331578614E-02    1.742534141302E+03    1.568280727176E+04    4.356335353266E+04    8.538417292402E+04    1.411452654458E+05
    3.406125619544E-02    7.464647600367E+02    6.718182840352E+03    1.866161900097E+04    3.657677324191E+04    6.046364556317E+04
    4.830050304157E-02    3.712165446542E+02    3.340948901903E+03    9.280413616395E+03    1.818961068814E+04    3.006854011713E+04
    6.500751552913E-02    2.049290349560E+02    1.844361314611E+03    5.123225873919E+03    1.004152271288E+04    1.659925183150E+04
    8.417814644200E-02    1.222170831364E+02    1.099953748232E+03    3.055427078423E+03    5.988637073709E+03    9.899583734092E+03
    1.058076398369E-01    7.735645827719E+01    6.962081244969E+02    1.933911456935E+03    3.790466455594E+03    6.265873120472E+03
    1.298906310209E-01    5.133043898175E+01    4.619739508380E+02    1.283260974550E+03    2.515191510118E+03    4.157765557542E+03
    1.564211473861E-01    3.539481911912E+01    3.185533720732E+02    8.848704779810E+02    1.734346136843E+03    2.866980348659E+03
    1.853926096633E-01    2.519682363184E+01    2.267714126875E+02    6.299205907986E+02    1.234644357965E+03    2.040942714188E+03
    2.167978334416E-01    1.842556254833E+01    1.658300629356E+02    4.606390637099E+02    9.028525648715E+02    1.492470566420E+03
    2.506290308900E-01    1.378693988853E+01    1.240824589972E+02    3.446734972144E+02    6.755600545403E+02    1.116742130975E+03
    2.868778126552E-01    1.052293069067E+01    9.470637621641E+01    2.630732672678E+02    5.156236038449E+02    8.523573859477E+02
    3.255351899229E-01    8.172120230983E+00    7.354908207911E+01    2.043030057753E+02    4.004338913196E+02    6.619417387120E+02
    3.665915766346E-01    6.444150405492E+00    5.799735364969E+01    1.611037601380E+02    3.157633698705E+02    5.219761828472E+02
    4.100367918574E-01    5.150922052216E+00    4.635829847011E+01    1.287730513058E+02    2.523951805595E+02    4.172246862310E+02
    4.558600623037E-01    4.167422581425E+00    3.750680323295E+01    1.041855645360E+02    2.042037064905E+02    3.375612290965E+02
    5.040500249995E-01    3.408657379940E+00    3.067791641958E+01    8.521643449880E+01    1.670242116177E+02    2.761012477762E+02
    5.545947301000E-01    2.815653150688E+00    2.534087835628E+01    7.039132876744E+01    1.379670043842E+02    2.280679052065E+02
    6.074816438515E-01    2.346736416457E+00    2.112062774821E+01    5.866841041167E+01    1.149900844069E+02    1.900856497339E+02
    6.626976516980E-01    1.971967569649E+00    1.774770812689E+01    4.929918924135E+01    9.662641091307E+01    1.597293731420E+02
    7.202290615327E-01    1.669511246576E+00    1.502560121923E+01    4.173778116451E+01    8.180605108246E+01    1.352304109730E+02
    7.800616070927E-01    1.423222578296E+00    1.280900320471E+01    3.558056445753E+01    6.973790633676E+01    1.152810288424E+02
    8.421804514963E-01    1.221013086947E+00    1.098911778257E+01    3.052532717379E+01    5.982964126063E+01    9.890206004309E+01
    9.065701909218E-01    1.053726159832E+00    9.483535438530E+00    2.634315399591E+01    5.163258183199E+01    8.535181894677E+01
    9.732148584270E-01    9.143514754086E-01    8.229163278708E+00    2.285878688529E+01    4.480322229518E+01    7.406246950837E+01
    1.042097927908E+00    7.974685542596E-01    7.177216988361E+00    1.993671385656E+01    3.907595915885E+01    6.459495289525E+01
    1.113202318199E+00    6.988475187789E-01    6.289627669033E+00    1.747118796953E+01    3.424352842029E+01    5.660664902130E+01
    1.186510397304E+00    6.151592165721E-01    5.536432949167E+00    1.537898041435E+01    3.014280161213E+01    4.982789654250E+01
    1.262003986772E+00    5.437624052219E-01    4.893861647014E+00    1.359406013059E+01    2.664435785597E+01    4.404475482313E+01
    1.339664366206E+00    4.825458892621E-01    4.342913003373E+00    1.206364723159E+01    2.364474857392E+01    3.908621703035E+01
    1.419472277901E+00    4.298102826690E-01    3.868292544040E+00    1.074525706677E+01    2.106070385088E+01    3.481463289636E+01
    1.501407931623E+00    3.841786446429E-01    3.457607801801E+00    9.604466116112E+00    1.882475358758E+01    3.111847021621E+01
    1.585451009513E+00    3.445283608953E-01    3.100755248068E+00    8.613209022408E+00    1.688188968392E+01    2.790679723261E+01
    1.671580671128E+00    3.099388022506E-01    2.789449220264E+00    7.748470056288E+00    1.518700131033E+01    2.510504298238E+01
    1.759775558610E+00    2.796508016688E-01    2.516857215030E+00    6.991270041748E+00    1.370288928183E+01    2.265171493527E+01
    1.850013801977E+00    2.530350568043E-01    2.277315511246E+00    6.325876420126E+00    1.239871778345E+01    2.049583960121E+01
    1.942273024551E+00    2.295673255609E-01    2.066105930055E+00    5.739183139041E+00    1.124879895252E+01    1.859495337050E+01
    2.036530348506E+00    2.088088295414E-01    1.879279465879E+00    5.220220738552E+00    1.023163264756E+01    1.691351519291E+01
    2.132762400538E+00    1.903906778885E-01    1.713516101004E+00    4.759766947231E+00    9.329143216574E+00    1.542164490903E+01
    2.230945317664E+00    1.740014152712E-01    1.566012737447E+00    4.350035381796E+00    8.526069348321E+00    1.409411463702E+01
    2.331054753140E+00    1.593770127665E-01    1.434393114904E+00    3.984425319176E+00    7.809473625587E+00    1.290953803413E+01
    2.433065882495E+00    1.462927803377E-01    1.316635023045E+00    3.657319508458E+00    7.168346236580E+00    1.184971520741E+01
    2.536953409690E+00    1.345567994336E-01    1.211011194906E+00    3.363919985850E+00    6.593283172268E+00    1.089910075416E+01
    2.642691573389E+00    1.240045646268E-01    1.116041081645E+00    3.100114115680E+00    6.076223666733E+00    1.004436973480E+01
    2.750254153346E+00    1.144945918513E-01    1.030451326666E+00    2.862364796293E+00    5.610235000736E+00    9.274061939992E+00
    2.859614476911E+00    1.059048032266E-01    9.531432290436E-01    2.647620080676E+00    5.189335358126E+00    8.578289061392E+00
    2.970745425641E+00    9.812953876651E-02    8.831658489017E-01    2.453238469171E+00    4.808347399576E+00    7.948492640115E+00
    3.083619442023E+00    9.107707641905E-02    8.196936877738E-01    2.276926910482E+00    4.462776744546E+00    7.377243189964E+00
    3.198208536312E+00    8.466756609601E-02    7.620080948673E-01    2.116689152409E+00    4.148710738722E+00    6.858072853805E+00
    3.314484293469E+00    7.883130226437E-02    7.094817203814E-01    1.970782556615E+00    3.862733810965E+00    6.385335483432E+00
    3.432417880207E+00    7.350727452064E-02    6.615654706883E-01    1.837681863023E+00    3.601856451525E+00    5.954089236194E+00
    3.551980052142E+00    6.864194729270E-02    6.177775256365E-01    1.716048682323E+00    3.363455417354E+00    5.559997730729E+00
    3.673141161045E+00    6.418822909054E-02    5.776940618170E-01    1.604705727269E+00    3.145223225448E+00    5.199246556353E+00
    3.795871162192E+00    6.010459912978E-02    5.409413921702E-01    1.502614978250E+00    2.945125357371E+00    4.868472529532E+00
    3.920139621815E+00    5.635436505754E-02    5.071892855201E-01    1.408859126444E+00    2.761363887831E+00    4.564703569681E+00
    4.045915724651E+00    5.290503025850E-02    4.761452723281E-01    1.322625756467E+00    2.592346482675E+00    4.285307450953E+00
    4.173168281582E+00    4.972775304382E-02    4.475497773956E-01    1.243193826099E+00    2.436659899154E+00    4.027947996560E+00
    4.301865737367E+00    4.679688312162E-02    4.211719480959E-01    1.169922078044E+00    2.293047272967E+00    3.790547532863E+00
    4.431976178470E+00    4.408956326025E-02    3.968060693439E-01    1.102239081511E+00    2.160388599761E+00    3.571254624095E+00
    4.563467340971E+00    4.158538610533E-02    3.742684749494E-01    1.039634652637E+00    2.037683919169E+00    3.368416274545E+00
    4.696306618570E+00    3.926609778668E-02    3.533948800815E-01    9.816524446707E-01    1.924038791555E+00    3.180553920733E+00
    4.830461070668E+00    3.711534132727E-02    3.340380719465E-01    9.278835331844E-01    1.818651725042E+00    3.006342647518E+00
    4.965897430540E+00    3.511843399630E-02    3.160659059679E-01    8.779608499107E-01    1.720803265825E+00    2.844593153711E+00
    5.102582113580E+00    3.326217368575E-02    2.993595631728E-01    8.315543421465E-01    1.629846510607E+00    2.694236068555E+00
    5.240481225633E+00    3.153467016136E-02    2.838120314532E-01    7.883667540366E-01    1.545198837912E+00    2.554308283079E+00
    5.379560571397E+00    2.992519768495E-02    2.693267791653E-01    7.481299421258E-01    1.466334686567E+00    2.423941012488E+00
    5.519785662904E+00    2.842406603844E-02    2.558165943471E-01    7.106016509639E-01    1.392779235889E+00    2.302349349124E+00
    5.661121728071E+00    2.702250742966E-02    2.432025668678E-01    6.755626857438E-01    1.324102864058E+00    2.188823101810E+00
    5.803533719323E+00    2.571257713284E-02    2.314131941963E-01    6.428144283229E-01    1.259916279513E+00    2.082718747767E+00
    5.946986322286E+00    2.448706603412E-02    2.203835943080E-01    6.121766508555E-01    1.199866235677E+00    1.983452348772E+00
    6.091443964539E+00    2.333942351548E-02    2.100548116402E-01    5.834855878893E-01    1.143631752263E+00    1.890493304762E+00
    6.236870824440E+00    2.226368933493E-02    2.003732040151E-01    5.565922333753E-01    1.090920777416E+00    1.803358836136E+00
    6.383230840008E+00    2.125443335083E-02    1.912899001581E-01    5.313608337725E-01    1.041467234194E+00    1.721609101423E+00
    6.530487717861E+00    2.030670209770E-02    1.827603188799E-01    5.076675524441E-01    9.950284027906E-01    1.644842869919E+00
    6.678604942222E+00    1.941597135794E-02    1.747437422222E-01    4.853992839506E-01    9.513825965433E-01    1.572693680000E+00
    6.827545783969E+00    1.857810399001E-02    1.672029359107E-01    4.644525997519E-01    9.103270955139E-01    1.504826423197E+00
    6.977273309746E+00    1.778931237240E-02    1.601038113522E-01    4.447328093115E-01    8.716763062507E-01    1.440934302170E+00
    7.127750391121E+00    1.704612490849E-02    1.534151241769E-01    4.261531227136E-01    8.352601205188E-01    1.380736117592E+00
    7.278939713791E+00    1.634535610901E-02    1.471082049817E-01    4.086339027269E-01    8.009224493448E-01    1.323973844835E+00
    7.430803786836E+00    1.568407983218E-02    1.411567184900E-01    3.921019958055E-01    7.685199117789E-01    1.270410466410E+00
    7.583304952016E+00    1.505960531450E-02    1.355364478310E-01    3.764901328637E-01    7.379206604130E-01    1.219828030479E+00
    7.736405393111E+00    1.446945567269E-02    1.302251010546E-01    3.617363918183E-01    7.090033279639E-01    1.172025909491E+00
    7.890067145294E+00    1.391134859565E-02    1.252021373613E-01    3.477837148924E-01    6.816560811893E-01    1.126819236252E+00
    8.044252104549E+00    1.338317898157E-02    1.204486108345E-01    3.345794745402E-01    6.557757700990E-01    1.084037497511E+00
    8.198922037118E+00    1.288300330399E-02    1.159470297364E-01    3.220750826011E-01    6.312671618983E-01    1.043523267628E+00
    8.354038588984E+00    1.240902551773E-02    1.116812296600E-01    3.102256379443E-01    6.080422503709E-01    1.005131066940E+00
    8.509563295379E+00    1.195958433714E-02    1.076362590347E-01    2.989896084296E-01    5.860196325221E-01    9.687263313121E-01
    8.665457590324E+00    1.153314174012E-02    1.037982756613E-01    2.883285435036E-01    5.651239452672E-01    9.341844809519E-01
    8.821682816192E+00    1.112827256722E-02    1.001544531053E-01    2.782068141814E-01    5.452853557957E-01    9.013900779480E-01
    8.978200233294E+00    1.074365510150E-02    9.669289591392E-02    2.685913775386E-01    5.264390999758E-01    8.702360632253E-01
    9.134971029485E+00    1.037806252668E-02    9.340256274053E-02    2.594515631681E-01    5.085250638095E-01    8.406230646647E-01
    9.291956329788E+00    1.003035517374E-02    9.027319656400E-02    2.507588793444E-01    4.914874035151E-01    8.124587690760E-01
    9.449117206036E+00    9.699473475596E-03    8.729526128072E-02    2.424868368908E-01    4.752742003061E-01    7.856573515265E-01
    9.606414686525E+00    9.384431558648E-03    8.445988402814E-02    2.346107889670E-01    4.598371463754E-01    7.601389562533E-01
    9.763809765673E+00    9.084311407597E-03    8.175880266869E-02    2.271077851908E-01    4.451312589740E-01    7.358292240182E-01
    9.921263413700E+00    8.798257547163E-03    7.918431792477E-02    2.199564386799E-01    4.311146198126E-01    7.126588613230E-01
    1.007873658630E+01    8.525472190059E-03    7.672924971080E-02    2.131368047522E-01    4.177481373143E-01    6.905632473972E-01
    1.023619023433E+01    8.265210806209E-03    7.438689725619E-02    2.066302701560E-01    4.049953295059E-01    6.694820753057E-01
    1.039358531348E+01    8.016778072913E-03    7.215100265642E-02    2.004194518233E-01    3.928221255738E-01    6.493590239077E-01
    1.055088279396E+01    7.779524169637E-03    7.001571752694E-02    1.944881042415E-01    3.811966843133E-01    6.301414577424E-01
    1.070804367021E+01    7.552841385376E-03    6.797557246858E-02    1.888210346349E-01    3.700892278845E-01    6.117801522172E-01
    1.086502897052E+01    7.336161009171E-03    6.602544908279E-02    1.834040252299E-01    3.594718894507E-01    5.942290417451E-01
    1.102179976671E+01    7.128950477951E-03    6.416055430174E-02    1.782237619493E-01    3.493185734206E-01    5.774449887157E-01
    1.117831718381E+01    6.930710757969E-03    6.237639682202E-02    1.732677689500E-01    3.396048271421E-01    5.613875713981E-01
    1.133454240968E+01    6.740973939022E-03    6.066876545144E-02    1.685243484762E-01    3.303077230134E-01    5.460188890629E-01
    1.149043670462E+01    6.559301021945E-03    5.903370919774E-02    1.639825255492E-01    3.214057500765E-01    5.313033827796E-01
    1.164596141102E+01    6.385279882660E-03    5.746751894422E-02    1.596319970672E-01    3.128787142518E-01    5.172076704980E-01
    1.180107796288E+01    6.218523396967E-03    5.596671057285E-02    1.554630849246E-01    3.047076464522E-01    5.037003951556E-01
    1.195574789545E+01    6.058667712026E-03    5.452800940841E-02    1.514666928011E-01    2.968747178902E-01    4.907520846756E-01
    1.210993285471E+01    5.905370652156E-03    5.314833586960E-02    1.476342663044E-01    2.893631619567E-01    4.783350228264E-01
    1.226359460689E+01    5.758310247047E-03    5.182479222359E-02    1.439577561766E-01    2.821572021062E-01    4.664231300123E-01
    1.241669504798E+01    5.617183372231E-03    5.055465035030E-02    1.404295843064E-01    2.752419852405E-01    4.549918531527E-01
    1.256919621316E+01    5.481704492352E-03    4.933534043140E-02    1.370426123094E-01    2.686035201265E-01    4.440180638826E-01
    1.272106028621E+01    5.351604498516E-03    4.816444048676E-02    1.337901124632E-01    2.622286204279E-01    4.334799643809E-01
    1.287224960888E+01    5.226629632010E-03    4.703966668828E-02    1.306657408007E-01    2.561048519695E-01    4.233570001945E-01
    1.302272669025E+01    5.106540487446E-03    4.595886438720E-02    1.276635121866E-01    2.502204838858E-01    4.136297794848E-01
    1.317245421603E+01    4.991111088526E-03    4.491999979692E-02    1.247777772136E-01    2.445644433388E-01    4.042799981722E-01
    1.332139505778E+01    4.880128030906E-03    4.392115227829E-02    1.220032007730E-01    2.391262735151E-01    3.952903705046E-01
    1.346951228214E+01    4.773389686572E-03    4.296050717928E-02    1.193347421647E-01    2.338960946428E-01    3.866445646135E-01
    1.361676915999E+01    4.670705464967E-03    4.203634918487E-02    1.167676366246E-01    2.288645677843E-01    3.783271426638E-01
    1.376312917556E+01    4.571895126331E-03    4.114705613711E-02    1.142973781586E-01    2.240228611909E-01    3.703235052340E-01
    1.390855603546E+01    4.476788143154E-03    4.029109328857E-02    1.119197035793E-01    2.193626190155E-01    3.626198395971E-01
    1.405301367771E+01    4.385223106158E-03    3.946700795553E-02    1.096305776542E-01    2.148759322023E-01    3.552030715998E-01
    1.419646628068E+01    4.297047171136E-03    3.867342454038E-02    1.074261792788E-01    2.105553113865E-01    3.480608208635E-01
    1.433887827193E+01    4.212115543853E-03    3.790903989479E-02    1.053028885966E-01    2.063936616494E-01    3.411813590531E-01
    1.448021433710E+01    4.130290999782E-03    3.717261899814E-02    1.032572749948E-01    2.023842589899E-01    3.345535709832E-01
    1.462043942860E+01    4.051443436358E-03    3.646299092737E-02    1.012860859093E-01    1.985207283823E-01    3.281669183463E-01
    1.475951877437E+01    3.975449455166E-03    3.577904509663E-02    9.938623637951E-02    1.947970233039E-01    3.220114058697E-01
    1.489741788642E+01    3.902191971850E-03    3.511972774677E-02    9.755479929656E-02    1.912074066213E-01    3.160775497209E-01
    1.503410256946E+01    3.831559851796E-03    3.448403866630E-02    9.578899629525E-02    1.877464327387E-01    3.103563479967E-01
    1.516953892933E+01    3.763447569657E-03    3.387102812705E-02    9.408618924178E-02    1.844089309139E-01    3.048392531434E-01
    1.530369338143E+01    3.697754890987E-03    3.327979401900E-02    9.244387227499E-02    1.811899896590E-01    2.995181461710E-01
    1.543653265903E+01    3.634386574430E-03    3.270947916999E-02    9.085966436106E-02    1.780849421477E-01    2.943853125299E-01
    1.556802382153E+01    3.573252092996E-03    3.215926883711E-02    8.933130232528E-02    1.750893525576E-01    2.894334195340E-01
    1.569813426263E+01    3.514265373079E-03    3.162838835781E-02    8.785663432723E-02    1.721990032814E-01    2.846554952203E-01
    1.582683171842E+01    3.457344549916E-03    3.111610094936E-02    8.643361374821E-02    1.694098829465E-01    2.800449085442E-01
    1.595408427535E+01    3.402411738479E-03    3.062170564644E-02    8.506029346232E-02    1.667181751862E-01    2.755953508180E-01
    1.607986037819E+01    3.349392818579E-03    3.014453536731E-02    8.373482046474E-02    1.641202481109E-01    2.713008183058E-01
    1.620412883781E+01    3.298217233290E-03    2.968395509975E-02    8.245543083263E-02    1.616126444320E-01    2.671555958978E-01
    1.632685883895E+01    3.248817799837E-03    2.923936019863E-02    8.122044499616E-02    1.591920721925E-01    2.631542417876E-01
    1.644801994786E+01    3.201130531929E-03    2.881017478751E-02    8.002826329862E-02    1.568553960653E-01    2.592915730876E-01
    1.656758211979E+01    3.155094473047E-03    2.839585025749E-02    7.887736182636E-02    1.545996291797E-01    2.555626523174E-01
    1.668551570653E+01    3.110651539610E-03    2.799586385659E-02    7.776628849050E-02    1.524219254414E-01    2.519627747093E-01
    1.680179146369E+01    3.067746373747E-03    2.760971736383E-02    7.669365934395E-02    1.503195723142E-01    2.484874562745E-01
    1.691638055798E+01    3.026326204716E-03    2.723693584254E-02    7.565815511815E-02    1.482899840316E-01    2.451324225828E-01
    1.702925457436E+01    2.986340718599E-03    2.687706646752E-02    7.465851796532E-02    1.463306952121E-01    2.418935982077E-01
    1.714038552309E+01    2.947741935715E-03    2.652967742153E-02    7.369354839311E-02    1.444393548505E-01    2.387670967937E-01
    1.724974584665E+01    2.910484095151E-03    2.619435685645E-02    7.276210237902E-02    1.426137206629E-01    2.357492117081E-01
    1.735730842661E+01    2.874523546127E-03    2.587071191524E-02    7.186308865344E-02    1.408516537608E-01    2.328364072372E-01
    1.746304659031E+01    2.839818645616E-03    2.555836781062E-02    7.099546614060E-02    1.391511136356E-01    2.300253102956E-01
    1.756693411750E+01    2.806329661888E-03    2.525696695709E-02    7.015824154745E-02    1.375101534330E-01    2.273127026138E-01
    1.766894524686E+01    2.774018683649E-03    2.496616815293E-02    6.935046709146E-02    1.359269154993E-01    2.246955133764E-01
    1.776905468234E+01    2.742849534337E-03    2.468564580911E-02    6.857123835864E-02    1.343996271830E-01    2.221708122820E-01
    1.786723759946E+01    2.712787691350E-03    2.441508922222E-02    6.781969228394E-02    1.329265968765E-01    2.197358030000E-01
    1.796346965149E+01    2.683800209849E-03    2.415420188875E-02    6.709500524651E-02    1.315062102832E-01    2.173878169987E-01
    1.805772697545E+01    2.655855650911E-03    2.390270085830E-02    6.639639127305E-02    1.301369268952E-01    2.151243077247E-01
    1.814998619802E+01    2.628924013700E-03    2.366031612338E-02    6.572310034270E-02    1.288172766717E-01    2.129428451104E-01
    1.824022444139E+01    2.602976671491E-03    2.342679004352E-02    6.507441678753E-02    1.275458569036E-01    2.108411103916E-01
    1.832841932887E+01    2.577986311313E-03    2.320187680191E-02    6.444965778307E-02    1.263213292548E-01    2.088168912172E-01
    1.841454899049E+01    2.553926876933E-03    2.298534189250E-02    6.384817192361E-02    1.251424169703E-01    2.068680770325E-01
    1.849859206838E+01    2.530773515087E-03    2.277696163588E-02    6.326933787743E-02    1.240079022398E-01    2.049926547229E-01
    1.858052772210E+01    2.508502524688E-03    2.257652272228E-02    6.271256311744E-02    1.229166237102E-01    2.031887045005E-01
    1.866033563379E+01    2.487091308911E-03    2.238382178027E-02    6.217728272296E-02    1.218674741370E-01    2.014543960224E-01
    1.873799601323E+01    2.466518329938E-03    2.219866496954E-02    6.166295824871E-02    1.208593981675E-01    1.997879847258E-01
    1.881348960270E+01    2.446763066281E-03    2.202086759663E-02    6.116907665729E-02    1.198913902483E-01    1.981878083697E-01
    1.888679768180E+01    2.427805972466E-03    2.185025375225E-02    6.069514931178E-02    1.189624926511E-01    1.966522837702E-01
    1.895790207209E+01    2.409628440995E-03    2.168665596904E-02    6.024071102509E-02    1.180717936092E-01    1.951799037213E-01
    1.902678514157E+01    2.392212766520E-03    2.152991489875E-02    5.980531916319E-02    1.172184255599E-01    1.937692340888E-01
    1.909342980908E+01    2.375542111967E-03    2.137987900778E-02    5.938855279938E-02    1.164015634868E-01    1.924189110700E-01
    1.915781954850E+01    2.359600476669E-03    2.123640429010E-02    5.899001191694E-02    1.156204233572E-01    1.911276386109E-01
    1.921993839291E+01    2.344372666300E-03    2.109935399676E-02    5.860931665767E-02    1.148742606490E-01    1.898941859709E-01
    1.927977093847E+01    2.329844264560E-03    2.096859838111E-02    5.824610661419E-02    1.141623689638E-01    1.887173854300E-01
    1.933730234830E+01    2.316001606541E-03    2.084401445893E-02    5.790004016370E-02    1.134840787209E-01    1.875961301304E-01
    1.939251835615E+01    2.302831753643E-03    2.072548578287E-02    5.757079384128E-02    1.128387559289E-01    1.865293720458E-01
    1.944540526990E+01    2.290322470029E-03    2.061290223033E-02    5.725806175091E-02    1.122258010318E-01    1.855161200730E-01
    1.949594997500E+01    2.278462200485E-03    2.050615980444E-02    5.696155501233E-02    1.116446478242E-01    1.845554382400E-01
    1.954413993770E+01    2.267240049686E-03    2.040516044726E-02    5.668100124236E-02    1.110947624351E-01    1.836464440253E-01
    1.958996320814E+01    2.256645762750E-03    2.030981186484E-02    5.641614406900E-02    1.105756423752E-01    1.827883067836E-01
    1.963340842337E+01    2.246669707066E-03    2.022002736368E-02    5.616674267688E-02    1.100868156467E-01    1.819802462731E-01
    1.967446481008E+01    2.237302855314E-03    2.013572569789E-02    5.593257138301E-02    1.096278399107E-01    1.812215312810E-01
    1.971312218734E+01    2.228536769646E-03    2.005683092689E-02    5.571341924135E-02    1.091983017131E-01    1.805114783420E-01
    1.974937096911E+01    2.220363587004E-03    1.998327228310E-02    5.550908967528E-02    1.087978157636E-01    1.798494505479E-01
    1.978320216656E+01    2.212776005465E-03    1.991498404926E-02    5.531940013683E-02    1.084260242682E-01    1.792348564434E-01
    1.981460739034E+01    2.205767271668E-03    1.985190544507E-02    5.514418179186E-02    1.080825963121E-01    1.786671490056E-01
    1.984357885261E+01    2.199331169197E-03    1.979398052285E-02    5.498327923013E-02    1.077672272911E-01    1.781458247056E-01
    1.987010936898E+01    2.193462007983E-03    1.974115807193E-02    5.483655019980E-02    1.074796383916E-01    1.776704226474E-01
    1.989419236016E+01    2.188154614607E-03    1.969339153155E-02    5.470386536542E-02    1.072195761162E-01    1.772405237840E-01
    1.991582185356E+01    2.183404323551E-03    1.965063891203E-02    5.458510808897E-02    1.069868118544E-01    1.768557502083E-01
    1.993499248447E+01    2.179206969346E-03    1.961286272419E-02    5.448017423386E-02    1.067811414984E-01    1.765157645177E-01
    1.995169949696E+01    2.175558879668E-03    1.958002991709E-02    5.438897199191E-02    1.066023851042E-01    1.762202692538E-01
    1.996593874380E+01    2.172456869410E-03    1.955211182476E-02    5.431142173544E-02    1.064503866015E-01    1.759690064229E-01
    1.997770668421E+01    2.169898236058E-03    1.952908412460E-02    5.424745590166E-02    1.063250135673E-01    1.757617571214E-01
    1.998700037351E+01    2.167880757589E-03    1.951092681837E-02    5.419701893990E-02    1.062261571222E-01    1.755983413653E-01
    1.999381741402E+01    2.166402699528E-03    1.949762429581E-02    5.416006748834E-02    1.061537322772E-01    1.754786186622E-01
    1.999815558803E+01    2.165462891605E-03    1.948916602452E-02    5.413657229033E-02    1.061076816891E-01    1.754024942207E-01
