           5         400  0.50000000000000000        2.0000000000000000     
  1  1       0.00       2.00       3.00 **VQfit parameters
  -9.999912392740E-01  -2.258199940362E-01   7.903880965114E+00      1.201E-09
  1  2       2.00       3.00       4.00 **VQfit parameters
   1.100478467595E-03  -3.725871195065E-02  -1.391058402849E+01      2.663E-10
  1  2       1.00       2.00       3.00 **PmatFit parameters
  -3.853204553218E-03   1.072334608759E+00   3.178187294769E+01      9.034E-09
  1  3       2.00       3.00       4.00 **VQfit parameters
  -7.884054426968E-03   7.139771338532E-01   1.402646382689E+01      1.233E-09
  1  3       1.00       2.00       3.00 **PmatFit parameters
   2.267958154918E-02  -4.601732092057E+00  -4.456838816269E+01      8.567E-08
  1  4       2.00       3.00       4.00 **VQfit parameters
  -1.412835261488E-02   1.563516784301E+00  -2.148857103486E+01      1.521E-09
  1  4       1.00       2.00       3.00 **PmatFit parameters
   5.806247183450E-02  -1.043985932578E+01   4.172440991517E+01      2.049E-07
  1  5       2.00       3.00       4.00 **VQfit parameters
  -7.161753961479E-03   5.850603229262E-01   2.374253880066E+01      1.244E-09
  1  5       1.00       2.00       3.00 **PmatFit parameters
  -8.993182212813E-02   1.657017253060E+01  -1.849571504735E+02      2.073E-07
  2  2       0.00       2.00       3.00 **VQfit parameters
   7.265054612365E-06   7.708979549820E+00   3.264348101920E+01      6.157E-09
  2  3       2.00       3.00       4.00 **VQfit parameters
  -2.608921154921E-03   3.643377882036E-01  -2.027003516889E+01      2.156E-10
  2  3       1.00       2.00       3.00 **PmatFit parameters
  -6.601026466808E-04   1.422290221965E+00  -1.617548523885E+00      2.756E-09
  2  4       2.00       3.00       4.00 **VQfit parameters
  -2.086579040654E-03   3.510148070873E-01  -1.936624474100E+01      1.563E-11
  2  4       1.00       2.00       3.00 **PmatFit parameters
  -4.509204285062E-04   8.123125189359E-01  -2.672379736749E+00      5.296E-10
  2  5       2.00       3.00       4.00 **VQfit parameters
   3.659538001928E-04  -1.986002921160E-01   1.487016064993E+01      3.073E-10
  2  5       1.00       2.00       3.00 **PmatFit parameters
   2.081510604753E-05  -5.457835458061E-01   2.224819454110E+00      2.376E-09
  3  3       0.00       2.00       3.00 **VQfit parameters
   2.256434181887E-05   6.979631902444E+01   2.757642087221E+02      8.995E-09
  3  4       2.00       3.00       4.00 **VQfit parameters
   8.434847351702E-04  -4.309543036736E-01   5.294416253504E+01      7.306E-10
  3  4       1.00       2.00       3.00 **PmatFit parameters
   3.936508163099E-03  -3.898127748993E+00   2.178353821280E+01      1.246E-08
  3  5       2.00       3.00       4.00 **VQfit parameters
   2.121764197499E-03   2.204007389365E-01  -3.499089189361E+01      1.312E-09
  3  5       1.00       2.00       3.00 **PmatFit parameters
  -1.385312412667E-03   2.129121415468E+00  -1.436924496293E+01      1.688E-09
  4  4       0.00       2.00       3.00 **VQfit parameters
  -1.259383807243E-04   1.957684397497E+02   6.819346096254E+02      1.626E-07
  4  5       2.00       3.00       4.00 **VQfit parameters
   1.728914935239E-02  -1.324695556315E+00  -3.089031317823E+01      3.451E-09
  4  5       1.00       2.00       3.00 **PmatFit parameters
  -7.683004942899E-03   6.440643936667E+00  -6.372090508460E+01      9.083E-09
  5  5       0.00       2.00       3.00 **VQfit parameters
  -6.363175663064E-04   3.878582620453E+02   1.141727199582E+03      6.488E-07
