#        5      400
    1.000000000000E-06    1.559068710917E+02    3.117691453657E+13    1.247076581453E+14    2.805922308265E+14    4.988306325802E+14
    3.150683726861E-04   -5.998371543324E+00    3.140678666127E+08    1.256271484441E+09    2.826610847488E+09    5.025085955753E+09
    1.257273490744E-03   -5.999888856926E+00    1.972302308307E+07    7.889211033161E+07    1.775072557459E+08    3.155684593258E+08
    2.827615354175E-03   -5.999951853561E+00    3.899346257150E+06    1.559740302839E+07    3.509416431379E+07    6.238963011335E+07
    5.026093962978E-03   -5.999905866232E+00    1.234155304431E+06    4.936639217423E+06    1.110744573907E+07    1.974657486939E+07
    7.852709317153E-03   -5.999783791692E+00    5.055788941261E+05    2.022333575847E+06    4.550258045383E+06    8.089352302733E+06
    1.130746141670E-02   -5.999555841329E+00    2.438328515617E+05    9.753494049104E+05    2.194543660492E+06    3.901415618305E+06
    1.539035026162E-02   -5.999178889328E+00    1.316183160440E+05    5.264912617103E+05    1.184612837821E+06    2.105983044376E+06
    2.010137585191E-02   -5.998600213873E+00    7.715210846043E+04    3.086264296411E+05    6.944169649421E+05    1.234523714364E+06
    2.544053818757E-02   -5.997758543481E+00    4.816443450824E+04    1.926757313078E+05    4.335278926404E+05    7.707209185060E+05
    3.140783726861E-02   -5.996584610244E+00    3.159909610252E+04    1.264143741634E+05    2.844398375982E+05    5.056754864069E+05
    3.800327309502E-02   -5.995001031573E+00    2.158094713233E+04    8.634177353207E+04    1.942764841983E+05    3.453850791310E+05
    4.522684566680E-02   -5.992922569931E+00    1.523595713784E+04    6.096180731883E+04    1.371715576205E+05    2.438652080428E+05
    5.307855498395E-02   -5.990256262655E+00    1.106011891345E+04    4.425844642241E+04    9.958899227068E+04    1.770517564582E+05
    6.155840104648E-02   -5.986901622013E+00    8.221334645210E+03    3.290329928557E+04    7.403990701950E+04    1.316311578470E+05
    7.066638385437E-02   -5.982750892033E+00    6.237219383664E+03    2.496682578723E+04    5.618283645984E+04    9.988525140149E+04
    8.040250340764E-02   -5.977689360756E+00    4.816763876668E+03    1.928498857468E+04    4.339869640469E+04    7.715788736670E+04
    9.076675970628E-02   -5.971595758702E+00    3.778275348278E+03    1.513101618033E+04    3.405225090041E+04    6.054197950852E+04
    1.017591527503E-01   -5.964342715330E+00    3.004865192913E+03    1.203735379975E+04    2.709150147780E+04    4.816730822708E+04
    1.133796825397E-01   -5.955797324205E+00    2.419328523866E+03    9.695181487398E+03    2.182160309328E+04    3.879859334152E+04
    1.256283490744E-01   -5.945821789636E+00    1.969466813328E+03    7.895704718648E+03    1.777276789418E+04    3.160065633993E+04
    1.385051523546E-01   -5.934274188808E+00    1.619244994865E+03    6.494782802001E+03    1.462067914723E+04    2.599693403054E+04
    1.520100923801E-01   -5.921009340621E+00    1.343316128243E+03    5.391027540971E+03    1.213721322885E+04    2.158187319188E+04
    1.661431691509E-01   -5.905879786299E+00    1.123547090470E+03    4.511906001221E+03    1.015917085247E+04    1.806534164423E+04
    1.809043826672E-01   -5.888736892065E+00    9.467647374625E+02    3.804725160510E+03    8.567992532257E+03    1.523656685270E+04
    1.962937329288E-01   -5.869432067453E+00    8.032642205691E+02    3.230665178465E+03    7.276333441626E+03    1.294026901005E+04
    2.123112199358E-01   -5.847818101014E+00    6.858035509362E+02    2.760757658036E+03    6.219014503203E+03    1.106057408644E+04
    2.289568436882E-01   -5.823750603849E+00    5.889145034665E+02    2.373129265668E+03    5.346820536003E+03    9.509988314473E+03
    2.462306041859E-01   -5.797089558381E+00    5.084230370979E+02    2.051083417058E+03    4.622184050326E+03    8.221724936900E+03
    2.641325014290E-01   -5.767700951579E+00    4.411107818150E+02    1.781746230107E+03    4.016138643928E+03    7.144288023277E+03
    2.826625354175E-01   -5.735458484056E+00    3.844729576407E+02    1.555098206009E+03    3.506140286622E+03    6.237599199480E+03
    3.018207061513E-01   -5.700245327201E+00    3.365431460150E+02    1.363273320036E+03    3.074490276739E+03    5.470194016121E+03
    3.216070136306E-01   -5.661955909084E+00    2.957650154038E+02    1.200045929338E+03    2.707180785895E+03    4.817169585074E+03
    3.420214578552E-01   -5.620497695541E+00    2.608974281960E+02    1.060451205867E+03    2.393040835319E+03    4.258666316551E+03
    3.630640388251E-01   -5.575792938075E+00    2.309435497364E+02    9.405015777578E+02    2.123098291126E+03    3.778733689841E+03
    3.847347565405E-01   -5.527780351023E+00    2.050973994126E+02    8.369729387040E+02    1.890098837521E+03    3.364475095865E+03
    4.070336110012E-01   -5.476416680376E+00    1.827032031817E+02    7.472420627719E+02    1.688140162085E+03    3.005397501124E+03
    4.299606022073E-01   -5.421678127407E+00    1.632242296709E+02    6.691619530757E+02    1.512391492077E+03    2.692912846679E+03
    4.535157301587E-01   -5.363561586524E+00    1.462187138920E+02    6.009655403475E+02    1.358876917761E+03    2.419952846141E+03
    4.776989948556E-01   -5.302085660611E+00    1.313211219842E+02    5.411907449542E+02    1.224306783217E+03    2.180669236784E+03
    5.025103962978E-01   -5.237291418868E+00    1.182274724246E+02    4.886217640157E+02    1.105945583298E+03    1.970198930294E+03
    5.279499344853E-01   -5.169242866062E+00    1.066837609897E+02    4.422427726568E+02    1.001507792042E+03    1.784478819181E+03
    5.540176094183E-01   -5.098027097358E+00    9.647677722916E+01    4.012011903675E+02    9.090752121643E+02    1.620098842681E+03
    5.807134210966E-01   -5.023754120014E+00    8.742677596663E+01    3.647783664717E+02    8.270310171502E+02    1.474184728102E+03
    6.080373695203E-01   -4.946556330564E+00    7.938159682553E+01    3.323660566614E+02    7.540068227930E+02    1.344303895380E+03
    6.359894546894E-01   -4.866587645023E+00    7.221192089761E+01    3.034474470598E+02    6.888399902523E+02    1.228389550727E+03
    6.645696766038E-01   -4.784022288658E+00    6.580742555048E+01    2.775817698187E+02    6.305390096301E+02    1.124679145376E+03
    6.937780352636E-01   -4.699053261134E+00    6.007365248729E+01    2.543917707474E+02    5.782553002146E+02    1.031664241485E+03
    7.236145306688E-01   -4.611890502769E+00    5.492944518828E+01    2.335534535697E+02    5.312601327602E+02    9.480494836536E+02
    7.540791628193E-01   -4.522758795033E+00    5.030484314726E+01    2.147876505583E+02    4.889256607834E+02    8.727188751419E+02
    7.851719317153E-01   -4.431895437435E+00    4.613934431756E+01    1.978530653298E+02    4.507092639366E+02    8.047079420557E+02
    8.168928373565E-01   -4.339547748178E+00    4.238046570620E+01    1.825405076946E+02    4.161405732827E+02    7.431806652163E+02
    8.492418797432E-01   -4.245970441397E+00    3.898254642832E+01    1.686680979661E+02    3.848106776947E+02    6.874102894860E+02
    8.822190588753E-01   -4.151422936512E+00    3.590574874806E+01    1.560772629974E+02    3.563631115504E+02    6.367632997872E+02
    9.158243747527E-01   -4.056166656401E+00    3.311522142504E+01    1.446293813887E+02    3.304863030433E+02    5.906859937568E+02
    9.500578273755E-01   -3.960462369849E+00    3.058039661559E+01    1.342029630249E+02    3.069072247841E+02    5.486931918391E+02
    9.849194167436E-01   -3.864567631669E+00    2.827439706408E+01    1.246912700423E+02    2.853860377317E+02    5.103587133682E+02
    1.020409142857E+00   -3.768734368617E+00    2.617353468520E+01    1.160003037687E+02    2.657115587399E+02    4.753073169647E+02
    1.056527005716E+00   -3.673206654069E+00    2.425688512497E+01    1.080470961162E+02    2.476974133477E+02    4.432078592860E+02
    1.093273005320E+00   -3.578218706859E+00    2.250592568751E+01    1.007582550772E+02    2.311787605780E+02    4.137674708488E+02
    1.130647141670E+00   -3.483993142040E+00    2.090422626932E+01    9.406872297876E+01    2.160094967455E+02    3.867265836152E+02
    1.168649414765E+00   -3.390739492985E+00    1.943718476747E+01    8.792071341706E+01    2.020598616303E+02    3.618546741039E+02
    1.207279824605E+00   -3.298653015842E+00    1.809179990934E+01    8.226279870230E+01    1.892143836476E+02    3.389466093761E+02
    1.246538371191E+00   -3.207913779136E+00    1.685647565888E+01    7.704912444737E+01    1.773701114434E+02    3.178195024450E+02
    1.286425054522E+00   -3.118686033712E+00    1.572085234140E+01    7.223873186224E+01    1.664350881803E+02    2.983099993507E+02
    1.326939874599E+00   -3.031117851543E+00    1.467566043852E+01    6.779497153570E+01    1.563270320069E+02    2.802719329964E+02
    1.368082831421E+00   -2.945341015855E+00    1.371259367095E+01    6.368499513414E+01    1.469721921628E+02    2.635742894237E+02
    1.409853924988E+00   -2.861471140456E+00    1.282419853630E+01    5.987931363206E+01    1.383043550756E+02    2.480994409248E+02
    1.452253155301E+00   -2.779607992705E+00    1.200377792316E+01    5.635141249562E+01    1.302639788710E+02    2.337416076111E+02
    1.495280522359E+00   -2.699835991986E+00    1.124530679983E+01    5.307741574091E+01    1.227974380869E+02    2.204055150476E+02
    1.538936026162E+00   -2.622224854607E+00    1.054335828844E+01    5.003579203535E+01    1.158563631887E+02    2.080052205471E+02
    1.583219666711E+00   -2.546830355709E+00    9.893038696373E+00    4.720709705148E+01    1.093970618213E+02    1.964630848801E+02
    1.628131444005E+00   -2.473695179668E+00    9.289930293674E+00    4.457374715213E+01    1.033800106921E+02    1.857088696338E+02
    1.673671358044E+00   -2.402849831984E+00    8.730040807318E+00    4.211982021519E+01    9.776940862197E+01    1.756789433779E+02
    1.719839408829E+00   -2.334313587804E+00    8.209758755262E+00    3.983088001887E+01    9.253278267915E+01    1.663155822442E+02
    1.766635596359E+00   -2.268095454898E+00    7.725813870926E+00    3.769382112426E+01    8.764064047661E+01    1.575663526012E+02
    1.814059920635E+00   -2.204195131783E+00    7.275241976320E+00    3.569673162750E+01    8.306616269489E+01    1.493835652526E+02
    1.862112381656E+00   -2.142603944775E+00    6.855353752513E+00    3.382877152227E+01    7.878493072466E+01    1.417237920662E+02
    1.910792979422E+00   -2.083305750775E+00    6.463706932697E+00    3.208006472593E+01    7.477468502927E+01    1.345474372032E+02
    1.960101713934E+00   -2.026277795610E+00    6.098081507808E+00    3.044160308785E+01    7.101511042823E+01    1.278183561807E+02
    2.010038585191E+00   -1.971491520502E+00    5.756457589646E+00    2.890516092496E+01    6.748764501415E+01    1.215035169166E+02
    2.060603593194E+00   -1.918913311761E+00    5.436995623161E+00    2.746321882235E+01    6.417530985315E+01    1.155726976837E+02
    2.111796737941E+00   -1.868505191091E+00    5.138018679379E+00    2.610889560194E+01    6.106255699268E+01    1.099982175663E+02
    2.163618019435E+00   -1.820225445675E+00    4.857996594643E+00    2.483588750423E+01    5.813513362216E+01    1.047546955845E+02
    2.216067437673E+00   -1.774029198938E+00    4.595531750888E+00    2.363841374930E+01    5.537996050740E+01    9.981883514640E+01
    2.269144992657E+00   -1.729868924029E+00    4.349346316925E+00    2.251116774851E+01    5.278502305772E+01    9.516923090642E+01
    2.322850684386E+00   -1.687694903059E+00    4.118270792267E+00    2.144927332851E+01    5.033927358975E+01    9.078619548026E+01
    2.377184512861E+00   -1.647455635813E+00    3.901233713794E+00    2.044824540777E+01    4.803254352918E+01    8.665160377729E+01
    2.432146478081E+00   -1.609098202063E+00    3.697252401760E+00    1.950395463316E+01    4.585546444544E+01    8.274875298880E+01
    2.487736580047E+00   -1.572568581826E+00    3.505424635781E+00    1.861259554352E+01    4.379939694783E+01    7.906223650634E+01
    2.543954818757E+00   -1.537811937974E+00    3.324921163719E+00    1.777065787806E+01    4.185636658708E+01    7.557783025162E+01
    2.600801194214E+00   -1.504772865484E+00    3.154978957187E+00    1.697490069230E+01    4.001900600810E+01    7.228239007880E+01
    2.658275706415E+00   -1.473395611414E+00    2.994895136789E+00    1.622232898309E+01    3.828050268685E+01    6.916375906731E+01
    2.716378355362E+00   -1.443624269426E+00    2.844021498562E+00    1.551017255875E+01    3.663455166229E+01    6.621068366000E+01
    2.775109141054E+00   -1.415402952309E+00    2.701759580355E+00    1.483586691985E+01    3.507531274086E+01    6.341273772137E+01
    2.834468063492E+00   -1.388675945633E+00    2.567556213391E+00    1.419703594280E+01    3.359737171069E+01    6.076025369582E+01
    2.894455122675E+00   -1.363387845243E+00    2.440899509961E+00    1.359147618146E+01    3.219570515440E+01    5.824426013787E+01
    2.955070318604E+00   -1.339483680962E+00    2.321315243276E+00    1.301714262207E+01    3.086564849490E+01    5.585642496735E+01
    3.016313651277E+00   -1.316909028514E+00    2.208363580038E+00    1.247213574520E+01    2.960286694892E+01    5.358900387394E+01
    3.078185120696E+00   -1.295610111317E+00    2.101636130309E+00    1.195468976386E+01    2.840332909835E+01    5.143479335810E+01
    3.140684726861E+00   -1.275533893496E+00    2.000753282842E+00    1.146316192119E+01    2.726328282094E+01    4.938708795111E+01
    3.203812469771E+00   -1.256628165255E+00    1.905361797220E+00    1.099602274354E+01    2.617923334905E+01    4.743964120560E+01
    3.267568349426E+00   -1.238841621256E+00    1.815132627199E+00    1.055184715567E+01    2.514792325056E+01    4.558663009178E+01
    3.331952365827E+00   -1.222123933013E+00    1.729758951705E+00    1.012930637442E+01    2.416631414636E+01    4.382262247222E+01
    3.396964518973E+00   -1.206425815248E+00    1.648954393079E+00    9.727160506546E+00    2.323156999975E+01    4.214254736293E+01
    3.462604808864E+00   -1.191699086977E+00    1.572451403317E+00    9.344251783083E+00    2.234104182854E+01    4.054166771805E+01
    3.528873235501E+00   -1.177896727097E+00    1.499999801720E+00    8.979498370631E+00    2.149225370723E+01    3.901555550270E+01
    3.595769798883E+00   -1.164972924886E+00    1.431365448369E+00    8.631888705061E+00    2.068288993914E+01    3.756006884214E+01
    3.663294499011E+00   -1.152883125257E+00    1.366329039843E+00    8.300476299300E+00    1.991078329101E+01    3.617133105710E+01
    3.731447335884E+00   -1.141584068855E+00    1.304685014624E+00    7.984374981330E+00    1.917390419302E+01    3.484571141346E+01
    3.800228309502E+00   -1.131033826858E+00    1.246240557158E+00    7.682754523188E+00    1.847035081716E+01    3.357980743229E+01
    3.869637419865E+00   -1.121191830228E+00    1.190814690596E+00    7.394836625662E+00    1.779833995521E+01    3.237042862086E+01
    3.939674666974E+00   -1.112018894123E+00    1.138237448595E+00    7.119891225967E+00    1.715619862470E+01    3.121458149820E+01
    4.010340050829E+00   -1.103477236340E+00    1.088349118909E+00    6.857233100661E+00    1.654235633967E+01    3.010945580258E+01
    4.081633571429E+00   -1.095530490658E+00    1.040999550759E+00    6.606218736842E+00    1.595533798733E+01    2.905241177736E+01
    4.153555228774E+00   -1.088143714741E+00    9.960475197479E-01    6.366243448495E+00    1.539375725851E+01    2.804096844248E+01
    4.226105022864E+00   -1.081283392600E+00    9.533601444841E-01    6.136738716713E+00    1.485631058447E+01    2.707279276730E+01
    4.299282953700E+00   -1.074917432259E+00    9.128123493534E-01    5.917169734081E+00    1.434177153631E+01    2.614568966803E+01
    4.373089021281E+00   -1.069015157816E+00    8.742863693424E-01    5.707033136585E+00    1.384898564901E+01    2.525759276114E+01
    4.447523225608E+00   -1.063547297146E+00    8.376712921482E-01    5.505854906334E+00    1.337686563351E+01    2.440655580887E+01
    4.522585566680E+00   -1.058485964822E+00    8.028626342498E-01    5.313188431302E+00    1.292438694521E+01    2.359074480020E+01
    4.598276044497E+00   -1.053804640794E+00    7.697619475292E-01    5.128612708843E+00    1.249058367935E+01    2.280843061488E+01
    4.674594659060E+00   -1.049478144930E+00    7.382764536278E-01    4.951730681277E+00    1.207454476688E+01    2.205798222343E+01
    4.751541410368E+00   -1.045482608400E+00    7.083187031723E-01    4.782167692332E+00    1.167541044577E+01    2.133786037920E+01
    4.829116298421E+00   -1.041795440988E+00    6.798062581945E-01    4.619570055549E+00    1.129236898689E+01    2.064661176428E+01
    4.907319323220E+00   -1.038395296452E+00    6.526613949371E-01    4.463603724464E+00    1.092465365272E+01    1.998286355175E+01
    4.986150484765E+00   -1.035262034592E+00    6.268108260536E-01    4.313953057681E+00    1.057153987186E+01    1.934531835306E+01
    5.065609783054E+00   -1.032376681564E+00    6.021854401227E-01    4.170319670557E+00    1.023234261163E+01    1.873274951927E+01
    5.145697218089E+00   -1.029721388681E+00    5.787200571846E-01    4.032421366870E+00    9.906413933395E+00    1.814399676919E+01
    5.226412789869E+00   -1.027279389437E+00    5.563531993069E-01    3.899991144674E+00    9.593140717160E+00    1.757796211956E+01
    5.307756498395E+00   -1.025034955631E+00    5.350268748882E-01    3.772776270316E+00    9.291942541933E+00    1.703360609388E+01
    5.389728343666E+00   -1.022973353241E+00    5.146863756370E-01    3.650537415274E+00    9.002269710032E+00    1.650994418874E+01
    5.472328325683E+00   -1.021080797454E+00    4.952800856663E-01    3.533047851598E+00    8.723601405022E+00    1.600604357875E+01
    5.555556444444E+00   -1.019344407988E+00    4.767593016422E-01    3.420092701098E+00    8.455443972797E+00    1.552102004192E+01
    5.639412699952E+00   -1.017752164838E+00    4.590780633408E-01    3.311468234382E+00    8.197329316794E+00    1.505403508917E+01
    5.723897092204E+00   -1.016292864008E+00    4.421929941657E-01    3.206981216441E+00    7.948813399351E+00    1.460429328346E+01
    5.809009621202E+00   -1.014956074074E+00    4.260631508400E-01    3.106448295042E+00    7.709474841120E+00    1.417103973439E+01
    5.894750286945E+00   -1.013732094541E+00    4.106498815670E-01    3.009695428442E+00    7.478913610975E+00    1.375355775497E+01
    5.981119089434E+00   -1.012611913641E+00    3.959166927885E-01    2.916557350891E+00    7.256749801377E+00    1.335116667067E+01
    6.068116028668E+00   -1.011587168900E+00    3.818291232751E-01    2.826877071605E+00    7.042622481298E+00    1.296321976777E+01
    6.155741104648E+00   -1.010650108015E+00    3.683546257555E-01    2.740505406135E+00    6.836188622638E+00    1.258910237283E+01
    6.243994317372E+00   -1.009793551727E+00    3.554624552950E-01    2.657300537070E+00    6.637122094132E+00    1.222823005309E+01
    6.332875666843E+00   -1.009010857633E+00    3.431235642927E-01    2.577127602572E+00    6.445112718606E+00    1.188004693002E+01
    6.422385153058E+00   -1.008295885995E+00    3.313105035221E-01    2.499858310334E+00    6.259865388695E+00    1.154402409759E+01
    6.512522776019E+00   -1.007642966681E+00    3.199973290578E-01    2.425370575644E+00    6.081099237459E+00    1.121965813864E+01
    6.603288535725E+00   -1.007046868243E+00    3.091595145745E-01    2.353548181445E+00    5.908546859645E+00    1.090646973202E+01
    6.694682432177E+00   -1.006502767807E+00    2.987738689588E-01    2.284280459505E+00    5.741953580833E+00    1.060400234513E+01
    6.786704465374E+00   -1.006006222967E+00    2.888184587150E-01    2.217461990734E+00    5.581076770639E+00    1.031182100541E+01
    6.879354635316E+00   -1.005553145333E+00    2.792725349619E-01    2.152992323525E+00    5.425685197199E+00    1.002951114575E+01
    6.972632942004E+00   -1.005139775306E+00    2.701164648191E-01    2.090775709092E+00    5.275558420397E+00    9.756677519048E+00
    7.066539385437E+00   -1.004762657857E+00    2.613316669422E-01    2.030720852714E+00    5.130486221313E+00    9.492943177477E+00
    7.161073965616E+00   -1.004418621119E+00    2.529005507190E-01    1.972740679180E+00    4.990268064745E+00    9.237948511280E+00
    7.256236682540E+00   -1.004104754627E+00    2.448064593364E-01    1.916752112650E+00    4.854712593996E+00    8.991350344775E+00
    7.352027536209E+00   -1.003818390250E+00    2.370336160745E-01    1.862675868869E+00    4.723637154496E+00    8.752821084339E+00
    7.448446526624E+00   -1.003557083555E+00    2.295670739283E-01    1.810436259735E+00    4.596867345368E+00    8.522047916116E+00
    7.545493653784E+00   -1.003318596752E+00    2.223926682026E-01    1.759961009010E+00    4.474236596623E+00    8.298732049670E+00
    7.643168917689E+00   -1.003100882247E+00    2.154969720079E-01    1.711181078759E+00    4.355585770757E+00    8.082588005104E+00
    7.741472318340E+00   -1.002902068500E+00    2.088672542966E-01    1.664030505281E+00    4.240762786485E+00    7.873342940153E+00
    7.840403855736E+00   -1.002720445413E+00    2.024914405726E-01    1.618446244817E+00    4.129622264327E+00    7.670736015873E+00
    7.939963529877E+00   -1.002554451874E+00    1.963580758312E-01    1.574368027548E+00    4.022025191617E+00    7.474517797424E+00
    8.040151340764E+00   -1.002402663252E+00    1.904562898099E-01    1.531738220063E+00    3.917838606570E+00    7.284449688656E+00
    8.140967288396E+00   -1.002263780864E+00    1.847757642129E-01    1.490501695132E+00    3.816935299446E+00    7.100303397562E+00
    8.242411372774E+00   -1.002136621048E+00    1.793067019971E-01    1.450605709024E+00    3.719193530638E+00    6.921860431664E+00
    8.344483593897E+00   -1.002020105919E+00    1.740397984055E-01    1.411999785290E+00    3.624496763855E+00    6.748911620644E+00
    8.447183951765E+00   -1.001913254548E+00    1.689662137475E-01    1.374635604970E+00    3.532733413953E+00    6.581256665075E+00
    8.550512446379E+00   -1.001815174789E+00    1.640775477924E-01    1.338466902761E+00    3.443796608414E+00    6.418703709554E+00
    8.654469077738E+00   -1.001725055570E+00    1.593658156885E-01    1.303449368814E+00    3.357583961725E+00    6.261068938852E+00
    8.759053845843E+00   -1.001642159893E+00    1.548234252901E-01    1.269540555761E+00    3.273997361770E+00    6.108176195602E+00
    8.864266750693E+00   -1.001565818830E+00    1.504431557870E-01    1.236699790574E+00    3.192942767453E+00    5.959856618137E+00
    8.970107792288E+00   -1.001495425129E+00    1.462181376474E-01    1.204888091312E+00    3.114330017304E+00    5.815948297775E+00
    9.076576970628E+00   -1.001430428301E+00    1.421418336638E-01    1.174068087997E+00    3.038072647823E+00    5.676295953758E+00
    9.183674285714E+00   -1.001370328725E+00    1.382080211911E-01    1.144203947965E+00    2.964087721773E+00    5.540750625639E+00
    9.291399737546E+00   -1.001314674341E+00    1.344107752850E-01    1.115261304582E+00    2.892295664718E+00    5.409169380918E+00
    9.399753326122E+00   -1.001263055309E+00    1.307444529539E-01    1.087207190201E+00    2.822620110751E+00    5.281415038559E+00
    9.508735051444E+00   -1.001215100773E+00    1.272036782184E-01    1.060009972154E+00    2.754987755612E+00    5.157355906135E+00
    9.618344913512E+00   -1.001170475281E+00    1.237833280666E-01    1.033639292169E+00    2.689328217523E+00    5.036865530596E+00
    9.728582912325E+00   -1.001128875178E+00    1.204785192254E-01    1.008066008920E+00    2.625573905178E+00    4.919822461796E+00
    9.839449047883E+00   -1.001090026201E+00    1.172845956411E-01    9.832621432857E-01    2.563659892152E+00    4.806110027662E+00
    9.950943320186E+00   -1.001053679976E+00    1.141971167331E-01    9.592008266195E-01    2.503523797986E+00    4.695616121071E+00
    1.006306572924E+01   -1.001019612772E+00    1.112118462187E-01    9.358562512060E-01    2.445105674679E+00    4.588232996741E+00
    1.017581627503E+01   -1.000987621989E+00    1.083247416776E-01    9.132036236472E-01    2.388347899475E+00    4.483857078962E+00
    1.028919495757E+01   -1.000957524873E+00    1.055319446118E-01    8.912191201598E-01    2.333195072426E+00    4.382388778213E+00
    1.040320177685E+01   -1.000929156137E+00    1.028297711132E-01    8.698798442957E-01    2.279593919313E+00    4.283732317155E+00
    1.051783673288E+01   -1.000902367092E+00    1.002147029981E-01    8.491637864867E-01    2.227493198986E+00    4.187795564743E+00
    1.063309982566E+01   -1.000877023214E+00    9.768337949709E-02    8.290497858439E-01    2.176843615632E+00    4.094489878884E+00
    1.074899105518E+01   -1.000853002871E+00    9.523258936278E-02    8.095174936191E-01    2.127597735040E+00    4.003729956410E+00
    1.086551042145E+01   -1.000830196765E+00    9.285926339228E-02    7.905473383209E-01    2.079709904758E+00    3.915433690101E+00
    1.098265792446E+01   -1.000808505851E+00    9.056046741338E-02    7.721204927592E-01    2.033136178457E+00    3.829522032994E+00
    1.110043356422E+01   -1.000787840850E+00    8.833339560228E-02    7.542188424097E-01    1.987834243558E+00    3.745918868746E+00
    1.121883734072E+01   -1.000768121093E+00    8.617536418804E-02    7.368249553892E-01    1.943763352457E+00    3.664550888333E+00
    1.133786925397E+01   -1.000749273996E+00    8.408380547990E-02    7.199220537552E-01    1.900884256874E+00    3.585347472414E+00
    1.145752930396E+01   -1.000731233429E+00    8.205626224990E-02    7.034939863154E-01    1.859159145540E+00    3.508240579508E+00
    1.157781749070E+01   -1.000713940147E+00    8.009038235790E-02    6.875252024096E-01    1.818551584364E+00    3.433164638873E+00
    1.169873381418E+01   -1.000697340372E+00    7.818391371769E-02    6.720007271733E-01    1.779026459778E+00    3.360056448843E+00
    1.182027827441E+01   -1.000681385424E+00    7.633469950072E-02    6.569061377953E-01    1.740549924503E+00    3.288855079588E+00
    1.194245087139E+01   -1.000666031141E+00    7.454067360036E-02    6.422275408923E-01    1.703089345842E+00    3.219501780421E+00
    1.206525160511E+01   -1.000651237490E+00    7.279985633087E-02    6.279515508949E-01    1.666613256328E+00    3.151939891290E+00
    1.218868047557E+01   -1.000636968534E+00    7.111035034359E-02    6.140652693684E-01    1.631091306543E+00    3.086114758225E+00
    1.231273748279E+01   -1.000623191126E+00    6.947033678598E-02    6.005562654259E-01    1.596494220332E+00    3.021973652908E+00
    1.243742262674E+01   -1.000609875499E+00    6.787807161696E-02    5.874125567877E-01    1.562793751674E+00    2.959465695435E+00
    1.256273590744E+01   -1.000596994352E+00    6.633188214640E-02    5.746225918688E-01    1.529962643778E+00    2.898541780883E+00
    1.268867732489E+01   -1.000584522729E+00    6.483016373506E-02    5.621752325665E-01    1.497974589855E+00    2.839154508973E+00
    1.281524687908E+01   -1.000572438192E+00    6.337137665858E-02    5.500597377795E-01    1.466804195593E+00    2.781258116802E+00
    1.294244457002E+01   -1.000560720004E+00    6.195404315068E-02    5.382657477603E-01    1.436426943456E+00    2.724808414750E+00
    1.307027039770E+01   -1.000549349005E+00    6.057674458192E-02    5.267832690739E-01    1.406819158441E+00    2.669762725060E+00
    1.319872436213E+01   -1.000538308055E+00    5.923811877190E-02    5.156026601562E-01    1.377957975232E+00    2.616079822990E+00
    1.332780646331E+01   -1.000527581145E+00    5.793685745972E-02    5.047146176341E-01    1.349821307021E+00    2.563719880800E+00
    1.345751670123E+01   -1.000517153481E+00    5.667170388369E-02    4.941101631356E-01    1.322387815506E+00    2.512644413959E+00
    1.358785507589E+01   -1.000507011369E+00    5.544145048492E-02    4.837806306864E-01    1.295636882221E+00    2.462816229724E+00
    1.371882158730E+01   -1.000497142342E+00    5.424493672098E-02    4.737176546227E-01    1.269548581064E+00    2.414199377870E+00
    1.385041623546E+01   -1.000487534985E+00    5.308104699227E-02    4.639131580475E-01    1.244103652039E+00    2.366759103581E+00
    1.398263902036E+01   -1.000478178385E+00    5.194870867536E-02    4.543593418074E-01    1.219283476176E+00    2.320461802420E+00
    1.411548994200E+01   -1.000469062334E+00    5.084689024075E-02    4.450486738658E-01    1.195070051391E+00    2.275274977053E+00
    1.424896900040E+01   -1.000460177638E+00    4.977459946136E-02    4.359738791154E-01    1.171445969357E+00    2.231167195786E+00
    1.438307619553E+01   -1.000451515566E+00    4.873088171937E-02    4.271279296894E-01    1.148394393462E+00    2.188108052984E+00
    1.451781152742E+01   -1.000443067888E+00    4.771481838659E-02    4.185040356256E-01    1.125899037605E+00    2.146068131043E+00
    1.465317499604E+01   -1.000434826928E+00    4.672552528174E-02    4.100956359153E-01    1.103944145866E+00    2.105018963935E+00
    1.478916660142E+01   -1.000426785450E+00    4.576215120395E-02    4.018963899370E-01    1.082514473044E+00    2.064933002287E+00
    1.492578634353E+01   -1.000418936589E+00    4.482387653490E-02    3.939001692362E-01    1.061595265985E+00    2.025783579891E+00
    1.506303422240E+01   -1.000411274295E+00    4.390991190135E-02    3.861010496057E-01    1.041172245608E+00    1.987544881493E+00
    1.520091023801E+01   -1.000403791958E+00    4.301949692084E-02    3.784933036196E-01    1.021231589895E+00    1.950191912206E+00
    1.533941439036E+01   -1.000396484037E+00    4.215189897240E-02    3.710713932541E-01    1.001759917195E+00    1.913700467657E+00
    1.547854667946E+01   -1.000389345141E+00    4.130641205320E-02    3.638299629902E-01    9.827442705113E-01    1.878047105769E+00
    1.561830710531E+01   -1.000382370049E+00    4.048235567716E-02    3.567638331253E-01    9.641721023147E-01    1.843209119515E+00
    1.575869566790E+01   -1.000375553846E+00    3.967907382366E-02    3.498679933474E-01    9.460312599404E-01    1.809164510747E+00
    1.589971236723E+01   -1.000368891478E+00    3.889593393996E-02    3.431375966022E-01    9.283099716384E-01    1.775891965157E+00
    1.604135720332E+01   -1.000362378934E+00    3.813232597390E-02    3.365679531033E-01    9.109968329898E-01    1.743370827990E+00
    1.618363017614E+01   -1.000356011697E+00    3.738766147622E-02    3.301545247507E-01    8.940807941685E-01    1.711581081116E+00
    1.632653128571E+01   -1.000349785235E+00    3.666137272398E-02    3.238929196397E-01    8.775511474698E-01    1.680503320704E+00
    1.647006053203E+01   -1.000343696257E+00    3.595291187804E-02    3.177788867493E-01    8.613975152516E-01    1.650118735670E+00
    1.661421791509E+01   -1.000337740676E+00    3.526175020604E-02    3.118083110254E-01    8.456098386943E-01    1.620409087420E+00
    1.675900343490E+01   -1.000331914597E+00    3.458737731426E-02    3.059772084836E-01    8.301783666741E-01    1.591356689962E+00
    1.690441709146E+01   -1.000326214549E+00    3.392930042038E-02    3.002817215472E-01    8.150936451470E-01    1.562944390890E+00
    1.705045888476E+01   -1.000320637341E+00    3.328704366140E-02    2.947181145869E-01    8.003465069804E-01    1.535155553152E+00
    1.719712881480E+01   -1.000315179664E+00    3.266014743380E-02    2.892827696463E-01    7.859280621965E-01    1.507974037549E+00
    1.734442688159E+01   -1.000309838436E+00    3.204816775701E-02    2.839721822924E-01    7.718296885141E-01    1.481384185804E+00
    1.749235308513E+01   -1.000304610354E+00    3.145067567029E-02    2.787829576663E-01    7.580430223250E-01    1.455370804371E+00
    1.764090742541E+01   -1.000299492720E+00    3.086725664706E-02    2.737118066229E-01    7.445599498915E-01    1.429919148707E+00
    1.779008990243E+01   -1.000294482493E+00    3.029751004660E-02    2.687555421035E-01    7.313725990396E-01    1.405014908348E+00
    1.793990051620E+01   -1.000289576930E+00    2.974104857863E-02    2.639110755708E-01    7.184733310172E-01    1.380644192350E+00
    1.809033926672E+01   -1.000284773479E+00    2.919749779599E-02    2.591754136149E-01    7.058547327241E-01    1.356793515370E+00
    1.824140615398E+01   -1.000280069593E+00    2.866649560914E-02    2.545456546903E-01    6.935096092367E-01    1.333449784271E+00
    1.839310117799E+01   -1.000275462528E+00    2.814769182141E-02    2.500189859761E-01    6.814309766095E-01    1.310600285219E+00
    1.854542433874E+01   -1.000270950328E+00    2.764074767686E-02    2.455926803042E-01    6.696120548419E-01    1.288232671131E+00
    1.869837563624E+01   -1.000266530268E+00    2.714533544207E-02    2.412640933090E-01    6.580462613153E-01    1.266334949865E+00
    1.885195507048E+01   -1.000262199969E+00    2.666113798975E-02    2.370306605717E-01    6.467272042476E-01    1.244895472542E+00
    1.900616264147E+01   -1.000257957578E+00    2.618784840562E-02    2.328898949123E-01    6.356486764659E-01    1.223902922399E+00
    1.916099834921E+01   -1.000253800672E+00    2.572516961797E-02    2.288393838288E-01    6.248046495021E-01    1.203346304189E+00
    1.931646219369E+01   -1.000249727404E+00    2.527281403094E-02    2.248767869468E-01    6.141892677294E-01    1.183214933717E+00
    1.947255417491E+01   -1.000245735565E+00    2.483050318344E-02    2.209998336400E-01    6.037968428659E-01    1.163498427978E+00
    1.962927429288E+01   -1.000241823144E+00    2.439796741457E-02    2.172063206836E-01    5.936218485649E-01    1.144186695486E+00
    1.978662254760E+01   -1.000237988549E+00    2.397494554444E-02    2.134941100066E-01    5.836589152233E-01    1.125269926994E+00
    1.994459893906E+01   -1.000234229670E+00    2.356118457338E-02    2.098611265657E-01    5.739028250559E-01    1.106738586649E+00
    2.010320346726E+01   -1.000230544938E+00    2.315643938401E-02    2.063053562284E-01    5.643485072042E-01    1.088583403272E+00
    2.026243613222E+01   -1.000226932422E+00    2.276047246409E-02    2.028248437987E-01    5.549910331528E-01    1.070795362130E+00
    2.042229693391E+01   -1.000223390158E+00    2.237305363517E-02    1.994176910729E-01    5.458256122221E-01    1.053365696878E+00
    2.058278587236E+01   -1.000219917005E+00    2.199395978976E-02    1.960820549506E-01    5.368475871869E-01    1.036285881744E+00
    2.074390294754E+01   -1.000216511374E+00    2.162297464800E-02    1.928161456794E-01    5.280524301846E-01    1.019547624176E+00
    2.090564815948E+01   -1.000213171101E+00    2.125988851881E-02    1.896182251255E-01    5.194357386891E-01    1.003142857636E+00
    2.106802150816E+01   -1.000209895201E+00    2.090449806336E-02    1.864866050519E-01    5.109932315107E-01    9.870637344795E-01
    2.123102299358E+01   -1.000206681799E+00    2.055660608257E-02    1.834196455697E-01    5.027207451663E-01    9.713026194240E-01
    2.139465261575E+01   -1.000203529985E+00    2.021602129798E-02    1.804157535310E-01    4.946142301390E-01    9.558520828883E-01
    2.155891037466E+01   -1.000200437769E+00    1.988255815555E-02    1.774733810889E-01    4.866697474953E-01    9.407048949027E-01
    2.172379627032E+01   -1.000197404327E+00    1.955603662156E-02    1.745910241893E-01    4.788834653677E-01    9.258540188598E-01
    2.188931030273E+01   -1.000194428037E+00    1.923628200127E-02    1.717672212305E-01    4.712516557994E-01    9.112926058308E-01
    2.205545247188E+01   -1.000191507707E+00    1.892312475338E-02    1.690005516840E-01    4.637706915134E-01    8.970139888090E-01
    2.222222277778E+01   -1.000188642082E+00    1.861640031756E-02    1.662896348093E-01    4.564370428884E-01    8.830116772890E-01
    2.238962122042E+01   -1.000185829577E+00    1.831594894762E-02    1.636331284067E-01    4.492472750217E-01    8.692793520076E-01
    2.255764779981E+01   -1.000183069468E+00    1.802161554643E-02    1.610297275781E-01    4.421980448146E-01    8.558108597481E-01
    2.272630251594E+01   -1.000180360632E+00    1.773324951489E-02    1.584781635905E-01    4.352860982836E-01    8.426002085076E-01
    2.289558536882E+01   -1.000177701430E+00    1.745070460252E-02    1.559772027495E-01    4.285082678987E-01    8.296415627330E-01
    2.306549635844E+01   -1.000175091206E+00    1.717383875949E-02    1.535256452766E-01    4.218614699325E-01    8.169292385989E-01
    2.323603548481E+01   -1.000172528923E+00    1.690251400207E-02    1.511223242885E-01    4.153427020368E-01    8.044576996497E-01
    2.340720274792E+01   -1.000170013209E+00    1.663659627920E-02    1.487661047806E-01    4.089490408301E-01    7.922215524821E-01
    2.357899814778E+01   -1.000167543357E+00    1.637595534122E-02    1.464558826234E-01    4.026776395190E-01    7.802155425009E-01
    2.375142168439E+01   -1.000165117790E+00    1.612046462048E-02    1.441905836486E-01    3.965257257157E-01    7.684345499915E-01
    2.392447335774E+01   -1.000162736386E+00    1.587000110598E-02    1.419691626846E-01    3.904905991509E-01    7.568735860530E-01
    2.409815316783E+01   -1.000160397495E+00    1.562444523635E-02    1.397906027332E-01    3.845696296982E-01    7.455277890248E-01
    2.427246111467E+01   -1.000158100665E+00    1.538368078219E-02    1.376539140599E-01    3.787602552105E-01    7.343924206433E-01
    2.444739719826E+01   -1.000155844712E+00    1.514759474439E-02    1.355581334058E-01    3.730599796295E-01    7.234628626327E-01
    2.462296141859E+01   -1.000153629119E+00    1.491607724777E-02    1.335023231627E-01    3.674663710117E-01    7.127346131856E-01
    2.479915377567E+01   -1.000151452566E+00    1.468902144554E-02    1.314855706279E-01    3.619770597398E-01    7.022032837400E-01
    2.497597426949E+01   -1.000149314269E+00    1.446632342053E-02    1.295069872339E-01    3.565897366742E-01    6.918645956829E-01
    2.515342290006E+01   -1.000147213785E+00    1.424788209359E-02    1.275657078312E-01    3.513021514275E-01    6.817143772531E-01
    2.533149966737E+01   -1.000145150290E+00    1.403359913623E-02    1.256608900031E-01    3.461121107127E-01    6.717485605742E-01
    2.551020457143E+01   -1.000143122612E+00    1.382337888474E-02    1.237917133903E-01    3.410174767145E-01    6.619631787329E-01
    2.568953761223E+01   -1.000141130324E+00    1.361712825507E-02    1.219573790198E-01    3.360161654713E-01    6.523543628886E-01
    2.586949878978E+01   -1.000139172474E+00    1.341475666571E-02    1.201571086961E-01    3.311061453982E-01    6.429183396113E-01
    2.605008810408E+01   -1.000137248746E+00    1.321617595819E-02    1.183901443709E-01    3.262854357651E-01    6.336514281614E-01
    2.623130555512E+01   -1.000135357955E+00    1.302130032567E-02    1.166557475772E-01    3.215521053197E-01    6.245500380046E-01
    2.641315114290E+01   -1.000133499660E+00    1.283004623795E-02    1.149531988323E-01    3.169042708415E-01    6.156106662303E-01
    2.659562486743E+01   -1.000131672937E+00    1.264233237444E-02    1.132817971039E-01    3.123400958413E-01    6.068298952060E-01
    2.677872672871E+01   -1.000129877564E+00    1.245807955503E-02    1.116408592578E-01    3.078577892173E-01    5.982043901725E-01
    2.696245672673E+01   -1.000128112620E+00    1.227721067795E-02    1.100297195602E-01    3.034556040404E-01    5.897308970507E-01
    2.714681486150E+01   -1.000126377610E+00    1.209965065519E-02    1.084477291607E-01    2.991318362921E-01    5.814062401825E-01
    2.733180113301E+01   -1.000124671927E+00    1.192532635315E-02    1.068942556142E-01    2.948848236965E-01    5.732273202260E-01
    2.751741554127E+01   -1.000122995056E+00    1.175416653396E-02    1.053686824094E-01    2.907129445638E-01    5.651911120784E-01
    2.770365808627E+01   -1.000121345873E+00    1.158610180016E-02    1.038704085220E-01    2.866146166963E-01    5.572946629025E-01
    2.789052876802E+01   -1.000119724538E+00    1.142106453727E-02    1.023988479506E-01    2.825882962501E-01    5.495350900919E-01
    2.807802758651E+01   -1.000118130291E+00    1.125898886463E-02    1.009534293189E-01    2.786324767541E-01    5.419095794899E-01
    2.826615454175E+01   -1.000116562450E+00    1.109981058286E-02    9.953359544905E-02    2.747456880623E-01    5.344153835102E-01
    2.845490963373E+01   -1.000115020261E+00    1.094346712486E-02    9.813880296410E-02    2.709264953724E-01    5.270498193684E-01
    2.864429286246E+01   -1.000113503483E+00    1.078989750740E-02    9.676852189315E-02    2.671734982529E-01    5.198102673321E-01
    2.883430422794E+01   -1.000112012110E+00    1.063904228551E-02    9.542223529988E-02    2.634853297243E-01    5.126941690631E-01
    2.902494373016E+01   -1.000110544781E+00    1.049084351018E-02    9.409943893693E-02    2.598606554020E-01    5.056990260633E-01
    2.921621136912E+01   -1.000109101396E+00    1.034524468155E-02    9.279964086301E-02    2.562981725510E-01    4.988223979844E-01
    2.940810714484E+01   -1.000107681635E+00    1.020219070941E-02    9.152236111896E-02    2.527966092800E-01    4.920619011651E-01
    2.960063105729E+01   -1.000106285162E+00    1.006162787252E-02    9.026713139410E-02    2.493547237133E-01    4.854152071375E-01
    2.979378310649E+01   -1.000104910742E+00    9.923503780739E-03    8.903349471458E-02    2.459713032145E-01    4.788800412214E-01
    2.998756329244E+01   -1.000103558830E+00    9.787767333941E-03    8.782100510534E-02    2.426451635473E-01    4.724541810205E-01
    3.018197161513E+01   -1.000102228338E+00    9.654368689528E-03    8.662922732218E-02    2.393751482045E-01    4.661354551940E-01
    3.037700807457E+01   -1.000100919511E+00    9.523259223517E-03    8.545773653019E-02    2.361601276075E-01    4.599217420234E-01
    3.057267267076E+01   -1.000099631149E+00    9.394391499570E-03    8.430611804797E-02    2.329989984648E-01    4.538109682391E-01
    3.076896540368E+01   -1.000098363662E+00    9.267719232221E-03    8.317396704275E-02    2.298906830114E-01    4.478011076577E-01
    3.096588627336E+01   -1.000097116276E+00    9.143197258018E-03    8.206088829124E-02    2.268341284073E-01    4.418901800811E-01
    3.116343527978E+01   -1.000095888155E+00    9.020781503026E-03    8.096649590958E-02    2.238283060609E-01    4.360762500767E-01
    3.136161242294E+01   -1.000094679998E+00    8.900428951000E-03    7.989041308872E-02    2.208722109658E-01    4.303574257802E-01
    3.156041770285E+01   -1.000093490463E+00    8.782097618029E-03    7.883227188335E-02    2.179648611668E-01    4.247318579161E-01
    3.175985111951E+01   -1.000092319548E+00    8.665746520592E-03    7.779171294536E-02    2.151052970921E-01    4.191977385974E-01
    3.195991267291E+01   -1.000091166694E+00    8.551335650161E-03    7.676838531192E-02    2.122925810170E-01    4.137533003476E-01
    3.216060236306E+01   -1.000090032328E+00    8.438825945041E-03    7.576194617008E-02    2.095257964713E-01    4.083968150287E-01
    3.236192018995E+01   -1.000088915427E+00    8.328179267077E-03    7.477206066164E-02    2.068040477448E-01    4.031265929358E-01
    3.256386615359E+01   -1.000087815461E+00    8.219358374667E-03    7.379840165730E-02    2.041264593171E-01    3.979409817683E-01
    3.276644025397E+01   -1.000086732612E+00    8.112326898441E-03    7.284064955231E-02    2.014921753404E-01    3.928383656894E-01
    3.296964249110E+01   -1.000085666611E+00    8.007049318876E-03    7.189849207861E-02    1.989003591626E-01    3.878171644554E-01
    3.317347286497E+01   -1.000084616754E+00    7.903490943507E-03    7.097162411309E-02    1.963501928407E-01    3.828758325310E-01
    3.337793137559E+01   -1.000083582711E+00    7.801617884081E-03    7.005974748541E-02    1.938408766530E-01    3.780128582039E-01
    3.358301802295E+01   -1.000082564707E+00    7.701397035061E-03    6.916257079661E-02    1.913716286377E-01    3.732267627445E-01
    3.378873280706E+01   -1.000081561980E+00    7.602796054170E-03    6.827980925512E-02    1.889416841752E-01    3.685160996405E-01
    3.399507572792E+01   -1.000080574826E+00    7.505783340505E-03    6.741118449180E-02    1.865502955169E-01    3.638794537442E-01
    3.420204678552E+01   -1.000079602410E+00    7.410328016825E-03    6.655642441032E-02    1.841967314028E-01    3.593154405691E-01
    3.440964597986E+01   -1.000078644309E+00    7.316399909305E-03    6.571526301557E-02    1.818802766242E-01    3.548227054955E-01
    3.461787331095E+01   -1.000077700885E+00    7.223969528847E-03    6.488744025560E-02    1.796002316195E-01    3.503999230341E-01
    3.482672877879E+01   -1.000076771096E+00    7.133008054965E-03    6.407270188476E-02    1.773559121227E-01    3.460457961790E-01
    3.503621238337E+01   -1.000075855636E+00    7.043487315992E-03    6.327079929575E-02    1.751466487350E-01    3.417590556312E-01
    3.524632412470E+01   -1.000074953743E+00    6.955379774720E-03    6.248148939756E-02    1.729717866104E-01    3.375384592168E-01
    3.545706400277E+01   -1.000074065014E+00    6.868658510674E-03    6.170453446473E-02    1.708306850689E-01    3.333827911848E-01
    3.566843201759E+01   -1.000073189905E+00    6.783297203889E-03    6.093970199928E-02    1.687227172427E-01    3.292908615589E-01
    3.588042816915E+01   -1.000072326987E+00    6.699270121496E-03    6.018676461640E-02    1.666472697806E-01    3.252615055920E-01
    3.609305245746E+01   -1.000071477341E+00    6.616552099654E-03    5.944549989030E-02    1.646037424532E-01    3.212935830505E-01
    3.630630488251E+01   -1.000070640083E+00    6.535118532152E-03    5.871569025704E-02    1.625915479004E-01    3.173859777439E-01
    3.652018544431E+01   -1.000069814725E+00    6.454945354663E-03    5.799712287984E-02    1.606101112852E-01    3.135375968943E-01
    3.673469414286E+01   -1.000069001529E+00    6.376009030804E-03    5.728958953015E-02    1.586588699869E-01    3.097473705730E-01
    3.694983097815E+01   -1.000068199856E+00    6.298286539935E-03    5.659288648298E-02    1.567372733296E-01    3.060142512008E-01
    3.716559595018E+01   -1.000067410319E+00    6.221755362821E-03    5.590681439435E-02    1.548447822663E-01    3.023372129703E-01
    3.738198905896E+01   -1.000066631883E+00    6.146393470920E-03    5.523117820917E-02    1.529808691394E-01    2.987152514017E-01
    3.759901030449E+01   -1.000065864949E+00    6.072179312215E-03    5.456578704003E-02    1.511450173676E-01    2.951473827718E-01
    3.781665968676E+01   -1.000065108609E+00    5.999091801037E-03    5.391045407967E-02    1.493367212182E-01    2.916326436910E-01
    3.803493720578E+01   -1.000064363430E+00    5.927110304859E-03    5.326499648762E-02    1.475554855133E-01    2.881700905673E-01
    3.825384286154E+01   -1.000063628575E+00    5.856214634784E-03    5.262923530836E-02    1.458008254171E-01    2.847587992092E-01
    3.847337665405E+01   -1.000062904337E+00    5.786385033182E-03    5.200299536485E-02    1.440722661590E-01    2.813978643208E-01
    3.869353858330E+01   -1.000062190419E+00    5.717602164050E-03    5.138610517588E-02    1.423693428185E-01    2.780863991018E-01
    3.891432864930E+01   -1.000061486748E+00    5.649847102269E-03    5.077839686309E-02    1.406916000834E-01    2.748235348031E-01
    3.913574685204E+01   -1.000060792758E+00    5.583101323963E-03    5.017970606821E-02    1.390385920335E-01    2.716084203267E-01
    3.935779319153E+01   -1.000060108319E+00    5.517346696250E-03    4.958987186439E-02    1.374098819098E-01    2.684402218014E-01
    3.958046766777E+01   -1.000059433857E+00    5.452565467727E-03    4.900873667421E-02    1.358050419005E-01    2.653181221870E-01
    3.980377028075E+01   -1.000058768637E+00    5.388740260124E-03    4.843614619748E-02    1.342236529519E-01    2.622413209228E-01
    4.002770103047E+01   -1.000058112695E+00    5.325854058340E-03    4.787194932520E-02    1.326653045438E-01    2.592090335155E-01
    4.025225991694E+01   -1.000057465805E+00    5.263890202263E-03    4.731599806871E-02    1.311295945041E-01    2.562204911942E-01
    4.047744694016E+01   -1.000056828027E+00    5.202832377981E-03    4.676814748377E-02    1.296161288100E-01    2.532749405435E-01
    4.070326210012E+01   -1.000056199630E+00    5.142664609610E-03    4.622825559959E-02    1.281245214018E-01    2.503716431587E-01
    4.092970539683E+01   -1.000055579074E+00    5.083371252151E-03    4.569618335708E-02    1.266543940207E-01    2.475098753436E-01
    4.115677683028E+01   -1.000054967094E+00    5.024936981791E-03    4.517179452467E-02    1.252053759891E-01    2.446889277062E-01
    4.138447640047E+01   -1.000054363886E+00    4.967346789591E-03    4.465495564372E-02    1.237771040659E-01    2.419081048895E-01
    4.161280410742E+01   -1.000053769181E+00    4.910585974063E-03    4.414553596378E-02    1.223692222769E-01    2.391667252553E-01
    4.184175995111E+01   -1.000053181613E+00    4.854640134178E-03    4.364340738210E-02    1.209813817554E-01    2.364641205887E-01
    4.207134393154E+01   -1.000052602896E+00    4.799495160561E-03    4.314844436714E-02    1.196132405419E-01    2.337996357293E-01
    4.230155604872E+01   -1.000052032037E+00    4.745137231147E-03    4.266052392062E-02    1.182644634826E-01    2.311726283785E-01
    4.253239630264E+01   -1.000051468628E+00    4.691552803121E-03    4.217952550746E-02    1.169347220458E-01    2.285824687600E-01
    4.276386469331E+01   -1.000050913019E+00    4.638728606351E-03    4.170533099878E-02    1.156236941714E-01    2.260285393408E-01
    4.299596122073E+01   -1.000050364504E+00    4.586651637831E-03    4.123782462324E-02    1.143310641424E-01    2.235102345901E-01
    4.322868588489E+01   -1.000049823617E+00    4.535309154620E-03    4.077689290575E-02    1.130565224230E-01    2.210269606803E-01
    4.346203868579E+01   -1.000049290076E+00    4.484688668655E-03    4.032242462219E-02    1.117997655390E-01    2.185781352624E-01
    4.369601962344E+01   -1.000048763473E+00    4.434777940658E-03    3.987431074617E-02    1.105604959370E-01    2.161631872043E-01
    4.393062869784E+01   -1.000048243830E+00    4.385564974230E-03    3.943244439763E-02    1.093384218486E-01    2.137815563376E-01
    4.416586590898E+01   -1.000047730832E+00    4.337038010610E-03    3.899672079699E-02    1.081332571685E-01    2.114326932309E-01
    4.440173125687E+01   -1.000047225380E+00    4.289185522721E-03    3.856703721325E-02    1.069447213180E-01    2.091160589346E-01
    4.463822474150E+01   -1.000046725763E+00    4.241996211294E-03    3.814329293002E-02    1.057725391535E-01    2.068311248089E-01
    4.487534636288E+01   -1.000046233737E+00    4.195458997565E-03    3.772538918180E-02    1.046164407990E-01    2.045773722145E-01
    4.511309612100E+01   -1.000045747742E+00    4.149563020717E-03    3.731322913139E-02    1.034761615851E-01    2.023542923937E-01
    4.535147401587E+01   -1.000045267346E+00    4.104297631379E-03    3.690671781334E-02    1.023514418992E-01    2.001613861943E-01
    4.559048004749E+01   -1.000044794008E+00    4.059652386739E-03    3.650576209092E-02    1.012420270716E-01    1.979981638562E-01
    4.583011421585E+01   -1.000044326919E+00    4.015617047262E-03    3.611027062741E-02    1.001476672984E-01    1.958641448650E-01
    4.607037652095E+01   -1.000043865823E+00    3.972181571261E-03    3.572015383867E-02    9.906811751562E-02    1.937588577182E-01
    4.631126696280E+01   -1.000043410209E+00    3.929336110748E-03    3.533532385665E-02    9.800313730237E-02    1.916818397430E-01
    4.655278554140E+01   -1.000042960917E+00    3.887071006673E-03    3.495569448777E-02    9.695249076992E-02    1.896326368899E-01
    4.679493225674E+01   -1.000042517752E+00    3.845376785506E-03    3.458118118277E-02    9.591594648112E-02    1.876108035797E-01
    4.703770710882E+01   -1.000042079838E+00    3.804244155006E-03    3.421170099977E-02    9.489327735201E-02    1.856159025201E-01
    4.728111009766E+01   -1.000041647561E+00    3.763663999701E-03    3.384717256449E-02    9.388426054602E-02    1.836475045075E-01
    4.752514122323E+01   -1.000041220924E+00    3.723627377495E-03    3.348751604055E-02    9.288867739444E-02    1.817051882773E-01
    4.776980048556E+01   -1.000040799614E+00    3.684125515881E-03    3.313265309608E-02    9.190631330728E-02    1.797885403363E-01
    4.801508788462E+01   -1.000040383588E+00    3.645149808075E-03    3.278250686981E-02    9.093695768282E-02    1.778971547937E-01
    4.826100342044E+01   -1.000039973243E+00    3.606691809387E-03    3.243700193928E-02    8.998040382259E-02    1.760306332007E-01
    4.850754709300E+01   -1.000039567810E+00    3.568743234164E-03    3.209606429372E-02    8.903644885881E-02    1.741885844137E-01
    4.875471890230E+01   -1.000039167573E+00    3.531295951734E-03    3.175962129865E-02    8.810489365976E-02    1.723706244175E-01
    4.900251884835E+01   -1.000038772631E+00    3.494341983449E-03    3.142760166965E-02    8.718554275963E-02    1.705763761927E-01
    4.925094693114E+01   -1.000038382418E+00    3.457873499520E-03    3.109993544459E-02    8.627820428396E-02    1.688054695748E-01
    4.950000315068E+01   -1.000037997267E+00    3.421882815440E-03    3.077655395217E-02    8.538268986561E-02    1.670575410973E-01
    4.974968750697E+01   -1.000037616203E+00    3.386362389464E-03    3.045738978961E-02    8.449881458476E-02    1.653322338771E-01
    5.000000000000E+01   -1.000037240229E+00    3.351304818720E-03    3.014237678858E-02    8.362639687779E-02    1.636291974449E-01
