    1.000000000000E-06
    0.000000000000E+00
    5.105003727477E-05
    0.000000000000E+00
    2.012001490991E-04
    0.000000000000E+00
    4.514503354729E-04
    0.000000000000E+00
    8.018005963962E-04
    0.000000000000E+00
    1.252250931869E-03
    0.000000000000E+00
    1.802801341892E-03
    0.000000000000E+00
    2.453451826464E-03
    0.000000000000E+00
    3.204202385585E-03
    0.000000000000E+00
    4.055053019256E-03
    0.000000000000E+00
    5.006003727477E-03
    0.000000000000E+00
    6.057054510247E-03
    0.000000000000E+00
    7.208205367566E-03
    0.000000000000E+00
    8.459456299435E-03
    0.000000000000E+00
    9.810807305854E-03
    0.000000000000E+00
    1.126225838682E-02
    0.000000000000E+00
    1.281380954234E-02
    0.000000000000E+00
    1.446546077241E-02
    0.000000000000E+00
    1.621721207702E-02
    0.000000000000E+00
    1.806906345619E-02
    0.000000000000E+00
    2.002101490991E-02
    0.000000000000E+00
    2.207306643817E-02
    0.000000000000E+00
    2.422521804099E-02
    0.000000000000E+00
    2.647746971835E-02
    0.000000000000E+00
    2.882982147026E-02
    0.000000000000E+00
    3.128227329673E-02
    0.000000000000E+00
    3.383482519774E-02
    0.000000000000E+00
    3.648747717330E-02
    0.000000000000E+00
    3.924022922342E-02
    0.000000000000E+00
    4.209308134808E-02
    0.000000000000E+00
    4.504603354729E-02
    0.000000000000E+00
    4.809908582105E-02
    0.000000000000E+00
    5.125223816936E-02
    0.000000000000E+00
    5.450549059222E-02
    0.000000000000E+00
    5.785884308963E-02
    0.000000000000E+00
    6.131229566159E-02
    0.000000000000E+00
    6.486584830810E-02
    0.000000000000E+00
    6.851950102915E-02
    0.000000000000E+00
    7.227325382476E-02
    0.000000000000E+00
    7.612710669492E-02
    0.000000000000E+00
    8.008105963962E-02
    0.000000000000E+00
    8.413511265888E-02
    0.000000000000E+00
    8.828926575269E-02
    0.000000000000E+00
    9.254351892104E-02
    0.000000000000E+00
    9.689787216395E-02
    0.000000000000E+00
    1.013523254814E-01
    0.000000000000E+00
    1.059068788734E-01
    0.000000000000E+00
    1.105615323400E-01
    0.000000000000E+00
    1.153162858811E-01
    0.000000000000E+00
    1.201711394967E-01
    0.000000000000E+00
    1.251260931869E-01
    0.000000000000E+00
    1.301811469517E-01
    0.000000000000E+00
    1.353363007910E-01
    0.000000000000E+00
    1.405915547048E-01
    0.000000000000E+00
    1.459469086932E-01
    0.000000000000E+00
    1.514023627562E-01
    0.000000000000E+00
    1.569579168937E-01
    0.000000000000E+00
    1.626135711057E-01
    0.000000000000E+00
    1.683693253923E-01
    0.000000000000E+00
    1.742251797535E-01
    0.000000000000E+00
    1.801811341892E-01
    0.000000000000E+00
    1.862371886994E-01
    0.000000000000E+00
    1.923933432842E-01
    0.000000000000E+00
    1.986495979435E-01
    0.000000000000E+00
    2.050059526774E-01
    0.000000000000E+00
    2.114624074859E-01
    0.000000000000E+00
    2.180189623689E-01
    0.000000000000E+00
    2.246756173264E-01
    0.000000000000E+00
    2.314323723585E-01
    0.000000000000E+00
    2.382892274652E-01
    0.000000000000E+00
    2.452461826464E-01
    0.000000000000E+00
    2.523032379021E-01
    0.000000000000E+00
    2.594603932324E-01
    0.000000000000E+00
    2.667176486372E-01
    0.000000000000E+00
    2.740750041166E-01
    0.000000000000E+00
    2.815324596706E-01
    0.000000000000E+00
    2.890900152990E-01
    0.000000000000E+00
    2.967476710021E-01
    0.000000000000E+00
    3.045054267797E-01
    0.000000000000E+00
    3.123632826318E-01
    0.000000000000E+00
    3.203212385585E-01
    0.000000000000E+00
    3.283792945597E-01
    0.000000000000E+00
    3.365374506355E-01
    0.000000000000E+00
    3.447957067859E-01
    0.000000000000E+00
    3.531540630107E-01
    0.000000000000E+00
    3.616125193102E-01
    0.000000000000E+00
    3.701710756842E-01
    0.000000000000E+00
    3.788297321327E-01
    0.000000000000E+00
    3.875884886558E-01
    0.000000000000E+00
    3.964473452534E-01
    0.000000000000E+00
    4.054063019256E-01
    0.000000000000E+00
    4.144653586723E-01
    0.000000000000E+00
    4.236245154936E-01
    0.000000000000E+00
    4.328837723894E-01
    0.000000000000E+00
    4.422431293598E-01
    0.000000000000E+00
    4.517025864048E-01
    0.000000000000E+00
    4.612621435242E-01
    0.000000000000E+00
    4.709218007183E-01
    0.000000000000E+00
    4.806815579868E-01
    0.000000000000E+00
    4.905414153300E-01
    0.000000000000E+00
    5.005013727477E-01
    0.000000000000E+00
    5.105614302399E-01
    0.000000000000E+00
    5.207215878067E-01
    0.000000000000E+00
    5.309818454480E-01
    0.000000000000E+00
    5.413422031639E-01
    0.000000000000E+00
    5.518026609543E-01
    0.000000000000E+00
    5.623632188193E-01
    0.000000000000E+00
    5.730238767588E-01
    0.000000000000E+00
    5.837846347729E-01
    0.000000000000E+00
    5.946454928615E-01
    0.000000000000E+00
    6.056064510247E-01
    0.000000000000E+00
    6.166675092624E-01
    0.000000000000E+00
    6.278286675747E-01
    0.000000000000E+00
    6.390899259615E-01
    0.000000000000E+00
    6.504512844229E-01
    0.000000000000E+00
    6.619127429588E-01
    0.000000000000E+00
    6.734743015692E-01
    0.000000000000E+00
    6.851359602543E-01
    0.000000000000E+00
    6.968977190138E-01
    0.000000000000E+00
    7.087595778480E-01
    0.000000000000E+00
    7.207215367566E-01
    0.000000000000E+00
    7.327835957398E-01
    0.000000000000E+00
    7.449457547976E-01
    0.000000000000E+00
    7.572080139299E-01
    0.000000000000E+00
    7.695703731368E-01
    0.000000000000E+00
    7.820328324182E-01
    0.000000000000E+00
    7.945953917742E-01
    0.000000000000E+00
    8.072580512047E-01
    0.000000000000E+00
    8.200208107098E-01
    0.000000000000E+00
    8.328836702894E-01
    0.000000000000E+00
    8.458466299435E-01
    0.000000000000E+00
    8.589096896722E-01
    0.000000000000E+00
    8.720728494755E-01
    0.000000000000E+00
    8.853361093533E-01
    0.000000000000E+00
    8.986994693057E-01
    0.000000000000E+00
    9.121629293326E-01
    0.000000000000E+00
    9.257264894341E-01
    0.000000000000E+00
    9.393901496101E-01
    0.000000000000E+00
    9.531539098606E-01
    0.000000000000E+00
    9.670177701857E-01
    0.000000000000E+00
    9.809817305854E-01
    0.000000000000E+00
    9.950457910596E-01
    0.000000000000E+00
    1.009209951608E+00
    0.000000000000E+00
    1.023474212232E+00
    0.000000000000E+00
    1.037838572930E+00
    0.000000000000E+00
    1.052303033702E+00
    0.000000000000E+00
    1.066867594549E+00
    0.000000000000E+00
    1.081532255470E+00
    0.000000000000E+00
    1.096297016466E+00
    0.000000000000E+00
    1.111161877537E+00
    0.000000000000E+00
    1.126126838682E+00
    0.000000000000E+00
    1.141191899902E+00
    0.000000000000E+00
    1.156357061196E+00
    0.000000000000E+00
    1.171622322565E+00
    0.000000000000E+00
    1.186987684008E+00
    0.000000000000E+00
    1.202453145526E+00
    0.000000000000E+00
    1.218018707119E+00
    0.000000000000E+00
    1.233684368786E+00
    0.000000000000E+00
    1.249450130527E+00
    0.000000000000E+00
    1.265315992343E+00
    0.000000000000E+00
    1.281281954234E+00
    0.000000000000E+00
    1.297348016199E+00
    0.000000000000E+00
    1.313514178239E+00
    0.000000000000E+00
    1.329780440353E+00
    0.000000000000E+00
    1.346146802542E+00
    0.000000000000E+00
    1.362613264805E+00
    0.000000000000E+00
    1.379179827143E+00
    0.000000000000E+00
    1.395846489556E+00
    0.000000000000E+00
    1.412613252043E+00
    0.000000000000E+00
    1.429480114605E+00
    0.000000000000E+00
    1.446447077241E+00
    0.000000000000E+00
    1.463514139951E+00
    0.000000000000E+00
    1.480681302737E+00
    0.000000000000E+00
    1.497948565596E+00
    0.000000000000E+00
    1.515315928531E+00
    0.000000000000E+00
    1.532783391540E+00
    0.000000000000E+00
    1.550350954623E+00
    0.000000000000E+00
    1.568018617781E+00
    0.000000000000E+00
    1.585786381014E+00
    0.000000000000E+00
    1.603654244321E+00
    0.000000000000E+00
    1.621622207702E+00
    0.000000000000E+00
    1.639690271159E+00
    0.000000000000E+00
    1.657858434689E+00
    0.000000000000E+00
    1.676126698295E+00
    0.000000000000E+00
    1.694495061974E+00
    0.000000000000E+00
    1.712963525729E+00
    0.000000000000E+00
    1.731532089558E+00
    0.000000000000E+00
    1.750200753461E+00
    0.000000000000E+00
    1.768969517439E+00
    0.000000000000E+00
    1.787838381492E+00
    0.000000000000E+00
    1.806807345619E+00
    0.000000000000E+00
    1.825876409821E+00
    0.000000000000E+00
    1.845045574097E+00
    0.000000000000E+00
    1.864314838448E+00
    0.000000000000E+00
    1.883684202873E+00
    0.000000000000E+00
    1.903153667373E+00
    0.000000000000E+00
    1.922723231947E+00
    0.000000000000E+00
    1.942392896596E+00
    0.000000000000E+00
    1.962162661320E+00
    0.000000000000E+00
    1.982032526118E+00
    0.000000000000E+00
    2.002002490991E+00
    0.000000000000E+00
    2.022072555938E+00
    0.000000000000E+00
    2.042242720960E+00
    0.000000000000E+00
    2.062512986056E+00
    0.000000000000E+00
    2.082883351227E+00
    0.000000000000E+00
    2.103353816472E+00
    0.000000000000E+00
    2.123924381792E+00
    0.000000000000E+00
    2.144595047186E+00
    0.000000000000E+00
    2.165365812655E+00
    0.000000000000E+00
    2.186236678199E+00
    0.000000000000E+00
    2.207207643817E+00
    0.000000000000E+00
    2.228278709510E+00
    0.000000000000E+00
    2.249449875277E+00
    0.000000000000E+00
    2.270721141119E+00
    0.000000000000E+00
    2.292092507035E+00
    0.000000000000E+00
    2.313563973026E+00
    0.000000000000E+00
    2.335135539091E+00
    0.000000000000E+00
    2.356807205231E+00
    0.000000000000E+00
    2.378578971446E+00
    0.000000000000E+00
    2.400450837735E+00
    0.000000000000E+00
    2.422422804099E+00
    0.000000000000E+00
    2.444494870537E+00
    0.000000000000E+00
    2.466667037050E+00
    0.000000000000E+00
    2.488939303637E+00
    0.000000000000E+00
    2.511311670299E+00
    0.000000000000E+00
    2.533784137035E+00
    0.000000000000E+00
    2.556356703846E+00
    0.000000000000E+00
    2.579029370731E+00
    0.000000000000E+00
    2.601802137691E+00
    0.000000000000E+00
    2.624675004726E+00
    0.000000000000E+00
    2.647647971835E+00
    0.000000000000E+00
    2.670721039019E+00
    0.000000000000E+00
    2.693894206277E+00
    0.000000000000E+00
    2.717167473610E+00
    0.000000000000E+00
    2.740540841017E+00
    0.000000000000E+00
    2.764014308499E+00
    0.000000000000E+00
    2.787587876055E+00
    0.000000000000E+00
    2.811261543686E+00
    0.000000000000E+00
    2.835035311392E+00
    0.000000000000E+00
    2.858909179172E+00
    0.000000000000E+00
    2.882883147026E+00
    0.000000000000E+00
    2.906957214956E+00
    0.000000000000E+00
    2.931131382959E+00
    0.000000000000E+00
    2.955405651038E+00
    0.000000000000E+00
    2.979780019190E+00
    0.000000000000E+00
    3.004254487418E+00
    0.000000000000E+00
    3.028829055720E+00
    0.000000000000E+00
    3.053503724096E+00
    0.000000000000E+00
    3.078278492547E+00
    0.000000000000E+00
    3.103153361073E+00
    0.000000000000E+00
    3.128128329673E+00
    0.000000000000E+00
    3.153203398347E+00
    0.000000000000E+00
    3.178378567097E+00
    0.000000000000E+00
    3.203653835920E+00
    0.000000000000E+00
    3.229029204819E+00
    0.000000000000E+00
    3.254504673792E+00
    0.000000000000E+00
    3.280080242839E+00
    0.000000000000E+00
    3.305755911961E+00
    0.000000000000E+00
    3.331531681157E+00
    0.000000000000E+00
    3.357407550429E+00
    0.000000000000E+00
    3.383383519774E+00
    0.000000000000E+00
    3.409459589194E+00
    0.000000000000E+00
    3.435635758689E+00
    0.000000000000E+00
    3.461912028258E+00
    0.000000000000E+00
    3.488288397902E+00
    0.000000000000E+00
    3.514764867620E+00
    0.000000000000E+00
    3.541341437413E+00
    0.000000000000E+00
    3.568018107281E+00
    0.000000000000E+00
    3.594794877223E+00
    0.000000000000E+00
    3.621671747239E+00
    0.000000000000E+00
    3.648648717330E+00
    0.000000000000E+00
    3.675725787496E+00
    0.000000000000E+00
    3.702902957736E+00
    0.000000000000E+00
    3.730180228051E+00
    0.000000000000E+00
    3.757557598440E+00
    0.000000000000E+00
    3.785035068904E+00
    0.000000000000E+00
    3.812612639443E+00
    0.000000000000E+00
    3.840290310055E+00
    0.000000000000E+00
    3.868068080743E+00
    0.000000000000E+00
    3.895945951505E+00
    0.000000000000E+00
    3.923923922342E+00
    0.000000000000E+00
    3.952001993253E+00
    0.000000000000E+00
    3.980180164238E+00
    0.000000000000E+00
    4.008458435299E+00
    0.000000000000E+00
    4.036836806433E+00
    0.000000000000E+00
    4.065315277643E+00
    0.000000000000E+00
    4.093893848927E+00
    0.000000000000E+00
    4.122572520285E+00
    0.000000000000E+00
    4.151351291718E+00
    0.000000000000E+00
    4.180230163226E+00
    0.000000000000E+00
    4.209209134808E+00
    0.000000000000E+00
    4.238288206464E+00
    0.000000000000E+00
    4.267467378196E+00
    0.000000000000E+00
    4.296746650001E+00
    0.000000000000E+00
    4.326126021882E+00
    0.000000000000E+00
    4.355605493836E+00
    0.000000000000E+00
    4.385185065866E+00
    0.000000000000E+00
    4.414864737970E+00
    0.000000000000E+00
    4.444644510148E+00
    0.000000000000E+00
    4.474524382401E+00
    0.000000000000E+00
    4.504504354729E+00
    0.000000000000E+00
    4.534584427131E+00
    0.000000000000E+00
    4.564764599608E+00
    0.000000000000E+00
    4.595044872159E+00
    0.000000000000E+00
    4.625425244785E+00
    0.000000000000E+00
    4.655905717485E+00
    0.000000000000E+00
    4.686486290260E+00
    0.000000000000E+00
    4.717166963109E+00
    0.000000000000E+00
    4.747947736033E+00
    0.000000000000E+00
    4.778828609032E+00
    0.000000000000E+00
    4.809809582105E+00
    0.000000000000E+00
    4.840890655253E+00
    0.000000000000E+00
    4.872071828475E+00
    0.000000000000E+00
    4.903353101771E+00
    0.000000000000E+00
    4.934734475143E+00
    0.000000000000E+00
    4.966215948589E+00
    0.000000000000E+00
    4.997797522109E+00
    0.000000000000E+00
    5.029479195704E+00
    0.000000000000E+00
    5.061260969373E+00
    0.000000000000E+00
    5.093142843117E+00
    0.000000000000E+00
    5.125124816936E+00
    0.000000000000E+00
    5.157206890829E+00
    0.000000000000E+00
    5.189389064797E+00
    0.000000000000E+00
    5.221671338839E+00
    0.000000000000E+00
    5.254053712956E+00
    0.000000000000E+00
    5.286536187147E+00
    0.000000000000E+00
    5.319118761413E+00
    0.000000000000E+00
    5.351801435753E+00
    0.000000000000E+00
    5.384584210168E+00
    0.000000000000E+00
    5.417467084658E+00
    0.000000000000E+00
    5.450450059222E+00
    0.000000000000E+00
    5.483533133861E+00
    0.000000000000E+00
    5.516716308574E+00
    0.000000000000E+00
    5.549999583361E+00
    0.000000000000E+00
    5.583382958224E+00
    0.000000000000E+00
    5.616866433161E+00
    0.000000000000E+00
    5.650450008172E+00
    0.000000000000E+00
    5.684133683258E+00
    0.000000000000E+00
    5.717917458418E+00
    0.000000000000E+00
    5.751801333653E+00
    0.000000000000E+00
    5.785785308963E+00
    0.000000000000E+00
    5.819869384347E+00
    0.000000000000E+00
    5.854053559806E+00
    0.000000000000E+00
    5.888337835339E+00
    0.000000000000E+00
    5.922722210947E+00
    0.000000000000E+00
    5.957206686629E+00
    0.000000000000E+00
    5.991791262386E+00
    0.000000000000E+00
    6.026475938217E+00
    0.000000000000E+00
    6.061260714123E+00
    0.000000000000E+00
    6.096145590104E+00
    0.000000000000E+00
    6.131130566159E+00
    0.000000000000E+00
    6.166215642288E+00
    0.000000000000E+00
    6.201400818493E+00
    0.000000000000E+00
    6.236686094771E+00
    0.000000000000E+00
    6.272071471125E+00
    0.000000000000E+00
    6.307556947552E+00
    0.000000000000E+00
    6.343142524055E+00
    0.000000000000E+00
    6.378828200632E+00
    0.000000000000E+00
    6.414613977283E+00
    0.000000000000E+00
    6.450499854009E+00
    0.000000000000E+00
    6.486485830810E+00
    0.000000000000E+00
    6.522571907685E+00
    0.000000000000E+00
    6.558758084634E+00
    0.000000000000E+00
    6.595044361659E+00
    0.000000000000E+00
    6.631430738757E+00
    0.000000000000E+00
    6.667917215931E+00
    0.000000000000E+00
    6.704503793178E+00
    0.000000000000E+00
    6.741190470501E+00
    0.000000000000E+00
    6.777977247898E+00
    0.000000000000E+00
    6.814864125369E+00
    0.000000000000E+00
    6.851851102915E+00
    0.000000000000E+00
    6.888938180536E+00
    0.000000000000E+00
    6.926125358231E+00
    0.000000000000E+00
    6.963412636001E+00
    0.000000000000E+00
    7.000800013845E+00
    0.000000000000E+00
    7.038287491764E+00
    0.000000000000E+00
    7.075875069757E+00
    0.000000000000E+00
    7.113562747825E+00
    0.000000000000E+00
    7.151350525968E+00
    0.000000000000E+00
    7.189238404185E+00
    0.000000000000E+00
    7.227226382476E+00
    0.000000000000E+00
    7.265314460842E+00
    0.000000000000E+00
    7.303502639283E+00
    0.000000000000E+00
    7.341790917798E+00
    0.000000000000E+00
    7.380179296388E+00
    0.000000000000E+00
    7.418667775052E+00
    0.000000000000E+00
    7.457256353791E+00
    0.000000000000E+00
    7.495945032604E+00
    0.000000000000E+00
    7.534733811492E+00
    0.000000000000E+00
    7.573622690455E+00
    0.000000000000E+00
    7.612611669492E+00
    0.000000000000E+00
    7.651700748603E+00
    0.000000000000E+00
    7.690889927790E+00
    0.000000000000E+00
    7.730179207050E+00
    0.000000000000E+00
    7.769568586385E+00
    0.000000000000E+00
    7.809058065795E+00
    0.000000000000E+00
    7.848647645280E+00
    0.000000000000E+00
    7.888337324839E+00
    0.000000000000E+00
    7.928127104472E+00
    0.000000000000E+00
    7.968016984180E+00
    0.000000000000E+00
    8.008006963962E+00
    0.000000000000E+00
    8.048097043820E+00
    0.000000000000E+00
    8.088287223751E+00
    0.000000000000E+00
    8.128577503757E+00
    0.000000000000E+00
    8.168967883838E+00
    0.000000000000E+00
    8.209458363993E+00
    0.000000000000E+00
    8.250048944223E+00
    0.000000000000E+00
    8.290739624528E+00
    0.000000000000E+00
    8.331530404907E+00
    0.000000000000E+00
    8.372421285360E+00
    0.000000000000E+00
    8.413412265888E+00
    0.000000000000E+00
    8.454503346491E+00
    0.000000000000E+00
    8.495694527168E+00
    0.000000000000E+00
    8.536985807919E+00
    0.000000000000E+00
    8.578377188746E+00
    0.000000000000E+00
    8.619868669646E+00
    0.000000000000E+00
    8.661460250622E+00
    0.000000000000E+00
    8.703151931672E+00
    0.000000000000E+00
    8.744943712796E+00
    0.000000000000E+00
    8.786835593995E+00
    0.000000000000E+00
    8.828827575269E+00
    0.000000000000E+00
    8.870919656617E+00
    0.000000000000E+00
    8.913111838039E+00
    0.000000000000E+00
    8.955404119537E+00
    0.000000000000E+00
    8.997796501108E+00
    0.000000000000E+00
    9.040288982755E+00
    0.000000000000E+00
    9.082881564475E+00
    0.000000000000E+00
    9.125574246271E+00
    0.000000000000E+00
    9.168367028141E+00
    0.000000000000E+00
    9.211259910085E+00
    0.000000000000E+00
    9.254252892104E+00
    0.000000000000E+00
    9.297345974198E+00
    0.000000000000E+00
    9.340539156366E+00
    0.000000000000E+00
    9.383832438609E+00
    0.000000000000E+00
    9.427225820926E+00
    0.000000000000E+00
    9.470719303317E+00
    0.000000000000E+00
    9.514312885784E+00
    0.000000000000E+00
    9.558006568325E+00
    0.000000000000E+00
    9.601800350940E+00
    0.000000000000E+00
    9.645694233630E+00
    0.000000000000E+00
    9.689688216395E+00
    0.000000000000E+00
    9.733782299234E+00
    0.000000000000E+00
    9.777976482147E+00
    0.000000000000E+00
    9.822270765135E+00
    0.000000000000E+00
    9.866665148198E+00
    0.000000000000E+00
    9.911159631335E+00
    0.000000000000E+00
    9.955754214547E+00
    0.000000000000E+00
    1.000044889783E+01
    0.000000000000E+00
    1.004524368119E+01
    0.000000000000E+00
    1.009013856463E+01
    0.000000000000E+00
    1.013513354814E+01
    0.000000000000E+00
    1.018022863172E+01
    0.000000000000E+00
    1.022542381538E+01
    0.000000000000E+00
    1.027071909912E+01
    0.000000000000E+00
    1.031611448293E+01
    0.000000000000E+00
    1.036160996681E+01
    0.000000000000E+00
    1.040720555077E+01
    0.000000000000E+00
    1.045290123480E+01
    0.000000000000E+00
    1.049869701890E+01
    0.000000000000E+00
    1.054459290308E+01
    0.000000000000E+00
    1.059058888734E+01
    0.000000000000E+00
    1.063668497167E+01
    0.000000000000E+00
    1.068288115608E+01
    0.000000000000E+00
    1.072917744055E+01
    0.000000000000E+00
    1.077557382511E+01
    0.000000000000E+00
    1.082207030974E+01
    0.000000000000E+00
    1.086866689444E+01
    0.000000000000E+00
    1.091536357922E+01
    0.000000000000E+00
    1.096216036407E+01
    0.000000000000E+00
    1.100905724899E+01
    0.000000000000E+00
    1.105605423400E+01
    0.000000000000E+00
    1.110315131907E+01
    0.000000000000E+00
    1.115034850422E+01
    0.000000000000E+00
    1.119764578945E+01
    0.000000000000E+00
    1.124504317475E+01
    0.000000000000E+00
    1.129254066012E+01
    0.000000000000E+00
    1.134013824557E+01
    0.000000000000E+00
    1.138783593109E+01
    0.000000000000E+00
    1.143563371669E+01
    0.000000000000E+00
    1.148353160236E+01
    0.000000000000E+00
    1.153152958811E+01
    0.000000000000E+00
    1.157962767393E+01
    0.000000000000E+00
    1.162782585982E+01
    0.000000000000E+00
    1.167612414579E+01
    0.000000000000E+00
    1.172452253184E+01
    0.000000000000E+00
    1.177302101796E+01
    0.000000000000E+00
    1.182161960415E+01
    0.000000000000E+00
    1.187031829042E+01
    0.000000000000E+00
    1.191911707676E+01
    0.000000000000E+00
    1.196801596318E+01
    0.000000000000E+00
    1.201701494967E+01
    0.000000000000E+00
    1.206611403624E+01
    0.000000000000E+00
    1.211531322288E+01
    0.000000000000E+00
    1.216461250959E+01
    0.000000000000E+00
    1.221401189638E+01
    0.000000000000E+00
    1.226351138325E+01
    0.000000000000E+00
    1.231311097019E+01
    0.000000000000E+00
    1.236281065720E+01
    0.000000000000E+00
    1.241261044429E+01
    0.000000000000E+00
    1.246251033145E+01
    0.000000000000E+00
    1.251251031869E+01
    0.000000000000E+00
    1.256261040600E+01
    0.000000000000E+00
    1.261281059339E+01
    0.000000000000E+00
    1.266311088085E+01
    0.000000000000E+00
    1.271351126839E+01
    0.000000000000E+00
    1.276401175600E+01
    0.000000000000E+00
    1.281461234368E+01
    0.000000000000E+00
    1.286531303144E+01
    0.000000000000E+00
    1.291611381928E+01
    0.000000000000E+00
    1.296701470718E+01
    0.000000000000E+00
    1.301801569517E+01
    0.000000000000E+00
    1.306911678322E+01
    0.000000000000E+00
    1.312031797136E+01
    0.000000000000E+00
    1.317161925956E+01
    0.000000000000E+00
    1.322302064784E+01
    0.000000000000E+00
    1.327452213620E+01
    0.000000000000E+00
    1.332612372463E+01
    0.000000000000E+00
    1.337782541313E+01
    0.000000000000E+00
    1.342962720171E+01
    0.000000000000E+00
    1.348152909037E+01
    0.000000000000E+00
    1.353353107910E+01
    0.000000000000E+00
    1.358563316790E+01
    0.000000000000E+00
    1.363783535678E+01
    0.000000000000E+00
    1.369013764573E+01
    0.000000000000E+00
    1.374254003476E+01
    0.000000000000E+00
    1.379504252386E+01
    0.000000000000E+00
    1.384764511303E+01
    0.000000000000E+00
    1.390034780228E+01
    0.000000000000E+00
    1.395315059161E+01
    0.000000000000E+00
    1.400605348101E+01
    0.000000000000E+00
    1.405905647048E+01
    0.000000000000E+00
    1.411215956003E+01
    0.000000000000E+00
    1.416536274965E+01
    0.000000000000E+00
    1.421866603935E+01
    0.000000000000E+00
    1.427206942912E+01
    0.000000000000E+00
    1.432557291897E+01
    0.000000000000E+00
    1.437917650889E+01
    0.000000000000E+00
    1.443288019889E+01
    0.000000000000E+00
    1.448668398896E+01
    0.000000000000E+00
    1.454058787910E+01
    0.000000000000E+00
    1.459459186932E+01
    0.000000000000E+00
    1.464869595962E+01
    0.000000000000E+00
    1.470290014998E+01
    0.000000000000E+00
    1.475720444043E+01
    0.000000000000E+00
    1.481160883094E+01
    0.000000000000E+00
    1.486611332154E+01
    0.000000000000E+00
    1.492071791220E+01
    0.000000000000E+00
    1.497542260295E+01
    0.000000000000E+00
    1.503022739376E+01
    0.000000000000E+00
    1.508513228465E+01
    0.000000000000E+00
    1.514013727562E+01
    0.000000000000E+00
    1.519524236666E+01
    0.000000000000E+00
    1.525044755777E+01
    0.000000000000E+00
    1.530575284896E+01
    0.000000000000E+00
    1.536115824022E+01
    0.000000000000E+00
    1.541666373156E+01
    0.000000000000E+00
    1.547226932297E+01
    0.000000000000E+00
    1.552797501446E+01
    0.000000000000E+00
    1.558378080602E+01
    0.000000000000E+00
    1.563968669766E+01
    0.000000000000E+00
    1.569569268937E+01
    0.000000000000E+00
    1.575179878115E+01
    0.000000000000E+00
    1.580800497301E+01
    0.000000000000E+00
    1.586431126495E+01
    0.000000000000E+00
    1.592071765695E+01
    0.000000000000E+00
    1.597722414904E+01
    0.000000000000E+00
    1.603383074119E+01
    0.000000000000E+00
    1.609053743343E+01
    0.000000000000E+00
    1.614734422573E+01
    0.000000000000E+00
    1.620425111812E+01
    0.000000000000E+00
    1.626125811057E+01
    0.000000000000E+00
    1.631836520310E+01
    0.000000000000E+00
    1.637557239571E+01
    0.000000000000E+00
    1.643287968839E+01
    0.000000000000E+00
    1.649028708114E+01
    0.000000000000E+00
    1.654779457397E+01
    0.000000000000E+00
    1.660540216687E+01
    0.000000000000E+00
    1.666310985985E+01
    0.000000000000E+00
    1.672091765290E+01
    0.000000000000E+00
    1.677882554603E+01
    0.000000000000E+00
    1.683683353923E+01
    0.000000000000E+00
    1.689494163251E+01
    0.000000000000E+00
    1.695314982586E+01
    0.000000000000E+00
    1.701145811928E+01
    0.000000000000E+00
    1.706986651278E+01
    0.000000000000E+00
    1.712837500636E+01
    0.000000000000E+00
    1.718698360001E+01
    0.000000000000E+00
    1.724569229373E+01
    0.000000000000E+00
    1.730450108753E+01
    0.000000000000E+00
    1.736340998140E+01
    0.000000000000E+00
    1.742241897535E+01
    0.000000000000E+00
    1.748152806937E+01
    0.000000000000E+00
    1.754073726346E+01
    0.000000000000E+00
    1.760004655763E+01
    0.000000000000E+00
    1.765945595188E+01
    0.000000000000E+00
    1.771896544620E+01
    0.000000000000E+00
    1.777857504059E+01
    0.000000000000E+00
    1.783828473506E+01
    0.000000000000E+00
    1.789809452961E+01
    0.000000000000E+00
    1.795800442422E+01
    0.000000000000E+00
    1.801801441892E+01
    0.000000000000E+00
    1.807812451368E+01
    0.000000000000E+00
    1.813833470852E+01
    0.000000000000E+00
    1.819864500344E+01
    0.000000000000E+00
    1.825905539843E+01
    0.000000000000E+00
    1.831956589350E+01
    0.000000000000E+00
    1.838017648864E+01
    0.000000000000E+00
    1.844088718385E+01
    0.000000000000E+00
    1.850169797914E+01
    0.000000000000E+00
    1.856260887450E+01
    0.000000000000E+00
    1.862361986994E+01
    0.000000000000E+00
    1.868473096545E+01
    0.000000000000E+00
    1.874594216104E+01
    0.000000000000E+00
    1.880725345670E+01
    0.000000000000E+00
    1.886866485244E+01
    0.000000000000E+00
    1.893017634825E+01
    0.000000000000E+00
    1.899178794413E+01
    0.000000000000E+00
    1.905349964009E+01
    0.000000000000E+00
    1.911531143613E+01
    0.000000000000E+00
    1.917722333224E+01
    0.000000000000E+00
    1.923923532842E+01
    0.000000000000E+00
    1.930134742468E+01
    0.000000000000E+00
    1.936355962101E+01
    0.000000000000E+00
    1.942587191742E+01
    0.000000000000E+00
    1.948828431390E+01
    0.000000000000E+00
    1.955079681046E+01
    0.000000000000E+00
    1.961340940709E+01
    0.000000000000E+00
    1.967612210379E+01
    0.000000000000E+00
    1.973893490057E+01
    0.000000000000E+00
    1.980184779743E+01
    0.000000000000E+00
    1.986486079435E+01
    0.000000000000E+00
    1.992797389136E+01
    0.000000000000E+00
    1.999118708844E+01
    0.000000000000E+00
    2.005450038559E+01
    0.000000000000E+00
    2.011791378282E+01
    0.000000000000E+00
    2.018142728012E+01
    0.000000000000E+00
    2.024504087749E+01
    0.000000000000E+00
    2.030875457494E+01
    0.000000000000E+00
    2.037256837247E+01
    0.000000000000E+00
    2.043648227007E+01
    0.000000000000E+00
    2.050049626774E+01
    0.000000000000E+00
    2.056461036549E+01
    0.000000000000E+00
    2.062882456332E+01
    0.000000000000E+00
    2.069313886121E+01
    0.000000000000E+00
    2.075755325919E+01
    0.000000000000E+00
    2.082206775723E+01
    0.000000000000E+00
    2.088668235536E+01
    0.000000000000E+00
    2.095139705355E+01
    0.000000000000E+00
    2.101621185182E+01
    0.000000000000E+00
    2.108112675017E+01
    0.000000000000E+00
    2.114614174859E+01
    0.000000000000E+00
    2.121125684708E+01
    0.000000000000E+00
    2.127647204565E+01
    0.000000000000E+00
    2.134178734430E+01
    0.000000000000E+00
    2.140720274301E+01
    0.000000000000E+00
    2.147271824181E+01
    0.000000000000E+00
    2.153833384067E+01
    0.000000000000E+00
    2.160404953962E+01
    0.000000000000E+00
    2.166986533863E+01
    0.000000000000E+00
    2.173578123772E+01
    0.000000000000E+00
    2.180179723689E+01
    0.000000000000E+00
    2.186791333613E+01
    0.000000000000E+00
    2.193412953544E+01
    0.000000000000E+00
    2.200044583483E+01
    0.000000000000E+00
    2.206686223429E+01
    0.000000000000E+00
    2.213337873383E+01
    0.000000000000E+00
    2.219999533345E+01
    0.000000000000E+00
    2.226671203313E+01
    0.000000000000E+00
    2.233352883289E+01
    0.000000000000E+00
    2.240044573273E+01
    0.000000000000E+00
    2.246746273264E+01
    0.000000000000E+00
    2.253457983263E+01
    0.000000000000E+00
    2.260179703269E+01
    0.000000000000E+00
    2.266911433282E+01
    0.000000000000E+00
    2.273653173303E+01
    0.000000000000E+00
    2.280404923332E+01
    0.000000000000E+00
    2.287166683367E+01
    0.000000000000E+00
    2.293938453411E+01
    0.000000000000E+00
    2.300720233461E+01
    0.000000000000E+00
    2.307512023520E+01
    0.000000000000E+00
    2.314313823585E+01
    0.000000000000E+00
    2.321125633658E+01
    0.000000000000E+00
    2.327947453739E+01
    0.000000000000E+00
    2.334779283827E+01
    0.000000000000E+00
    2.341621123922E+01
    0.000000000000E+00
    2.348472974025E+01
    0.000000000000E+00
    2.355334834136E+01
    0.000000000000E+00
    2.362206704253E+01
    0.000000000000E+00
    2.369088584379E+01
    0.000000000000E+00
    2.375980474511E+01
    0.000000000000E+00
    2.382882374652E+01
    0.000000000000E+00
    2.389794284799E+01
    0.000000000000E+00
    2.396716204954E+01
    0.000000000000E+00
    2.403648135117E+01
    0.000000000000E+00
    2.410590075287E+01
    0.000000000000E+00
    2.417542025464E+01
    0.000000000000E+00
    2.424503985649E+01
    0.000000000000E+00
    2.431475955842E+01
    0.000000000000E+00
    2.438457936041E+01
    0.000000000000E+00
    2.445449926249E+01
    0.000000000000E+00
    2.452451926464E+01
    0.000000000000E+00
    2.459463936686E+01
    0.000000000000E+00
    2.466485956915E+01
    0.000000000000E+00
    2.473517987152E+01
    0.000000000000E+00
    2.480560027397E+01
    0.000000000000E+00
    2.487612077649E+01
    0.000000000000E+00
    2.494674137908E+01
    0.000000000000E+00
    2.501746208175E+01
    0.000000000000E+00
    2.508828288450E+01
    0.000000000000E+00
    2.515920378732E+01
    0.000000000000E+00
    2.523022479021E+01
    0.000000000000E+00
    2.530134589318E+01
    0.000000000000E+00
    2.537256709622E+01
    0.000000000000E+00
    2.544388839934E+01
    0.000000000000E+00
    2.551530980253E+01
    0.000000000000E+00
    2.558683130579E+01
    0.000000000000E+00
    2.565845290913E+01
    0.000000000000E+00
    2.573017461255E+01
    0.000000000000E+00
    2.580199641604E+01
    0.000000000000E+00
    2.587391831960E+01
    0.000000000000E+00
    2.594594032324E+01
    0.000000000000E+00
    2.601806242695E+01
    0.000000000000E+00
    2.609028463074E+01
    0.000000000000E+00
    2.616260693460E+01
    0.000000000000E+00
    2.623502933854E+01
    0.000000000000E+00
    2.630755184255E+01
    0.000000000000E+00
    2.638017444663E+01
    0.000000000000E+00
    2.645289715079E+01
    0.000000000000E+00
    2.652571995503E+01
    0.000000000000E+00
    2.659864285934E+01
    0.000000000000E+00
    2.667166586372E+01
    0.000000000000E+00
    2.674478896818E+01
    0.000000000000E+00
    2.681801217271E+01
    0.000000000000E+00
    2.689133547732E+01
    0.000000000000E+00
    2.696475888200E+01
    0.000000000000E+00
    2.703828238676E+01
    0.000000000000E+00
    2.711190599159E+01
    0.000000000000E+00
    2.718562969650E+01
    0.000000000000E+00
    2.725945350148E+01
    0.000000000000E+00
    2.733337740653E+01
    0.000000000000E+00
    2.740740141166E+01
    0.000000000000E+00
    2.748152551687E+01
    0.000000000000E+00
    2.755574972214E+01
    0.000000000000E+00
    2.763007402750E+01
    0.000000000000E+00
    2.770449843292E+01
    0.000000000000E+00
    2.777902293843E+01
    0.000000000000E+00
    2.785364754400E+01
    0.000000000000E+00
    2.792837224965E+01
    0.000000000000E+00
    2.800319705538E+01
    0.000000000000E+00
    2.807812196118E+01
    0.000000000000E+00
    2.815314696706E+01
    0.000000000000E+00
    2.822827207300E+01
    0.000000000000E+00
    2.830349727903E+01
    0.000000000000E+00
    2.837882258513E+01
    0.000000000000E+00
    2.845424799130E+01
    0.000000000000E+00
    2.852977349755E+01
    0.000000000000E+00
    2.860539910387E+01
    0.000000000000E+00
    2.868112481027E+01
    0.000000000000E+00
    2.875695061674E+01
    0.000000000000E+00
    2.883287652328E+01
    0.000000000000E+00
    2.890890252990E+01
    0.000000000000E+00
    2.898502863660E+01
    0.000000000000E+00
    2.906125484337E+01
    0.000000000000E+00
    2.913758115021E+01
    0.000000000000E+00
    2.921400755713E+01
    0.000000000000E+00
    2.929053406412E+01
    0.000000000000E+00
    2.936716067119E+01
    0.000000000000E+00
    2.944388737833E+01
    0.000000000000E+00
    2.952071418555E+01
    0.000000000000E+00
    2.959764109284E+01
    0.000000000000E+00
    2.967466810021E+01
    0.000000000000E+00
    2.975179520765E+01
    0.000000000000E+00
    2.982902241516E+01
    0.000000000000E+00
    2.990634972275E+01
    0.000000000000E+00
    2.998377713042E+01
    0.000000000000E+00
    3.006130463816E+01
    0.000000000000E+00
    3.013893224597E+01
    0.000000000000E+00
    3.021665995386E+01
    0.000000000000E+00
    3.029448776182E+01
    0.000000000000E+00
    3.037241566986E+01
    0.000000000000E+00
    3.045044367797E+01
    0.000000000000E+00
    3.052857178615E+01
    0.000000000000E+00
    3.060679999441E+01
    0.000000000000E+00
    3.068512830275E+01
    0.000000000000E+00
    3.076355671116E+01
    0.000000000000E+00
    3.084208521964E+01
    0.000000000000E+00
    3.092071382820E+01
    0.000000000000E+00
    3.099944253683E+01
    0.000000000000E+00
    3.107827134554E+01
    0.000000000000E+00
    3.115720025432E+01
    0.000000000000E+00
    3.123622926318E+01
    0.000000000000E+00
    3.131535837211E+01
    0.000000000000E+00
    3.139458758112E+01
    0.000000000000E+00
    3.147391689020E+01
    0.000000000000E+00
    3.155334629935E+01
    0.000000000000E+00
    3.163287580858E+01
    0.000000000000E+00
    3.171250541789E+01
    0.000000000000E+00
    3.179223512727E+01
    0.000000000000E+00
    3.187206493672E+01
    0.000000000000E+00
    3.195199484625E+01
    0.000000000000E+00
    3.203202485585E+01
    0.000000000000E+00
    3.211215496553E+01
    0.000000000000E+00
    3.219238517528E+01
    0.000000000000E+00
    3.227271548510E+01
    0.000000000000E+00
    3.235314589500E+01
    0.000000000000E+00
    3.243367640498E+01
    0.000000000000E+00
    3.251430701503E+01
    0.000000000000E+00
    3.259503772515E+01
    0.000000000000E+00
    3.267586853535E+01
    0.000000000000E+00
    3.275679944563E+01
    0.000000000000E+00
    3.283783045597E+01
    0.000000000000E+00
    3.291896156640E+01
    0.000000000000E+00
    3.300019277689E+01
    0.000000000000E+00
    3.308152408746E+01
    0.000000000000E+00
    3.316295549811E+01
    0.000000000000E+00
    3.324448700883E+01
    0.000000000000E+00
    3.332611861963E+01
    0.000000000000E+00
    3.340785033050E+01
    0.000000000000E+00
    3.348968214144E+01
    0.000000000000E+00
    3.357161405246E+01
    0.000000000000E+00
    3.365364606355E+01
    0.000000000000E+00
    3.373577817472E+01
    0.000000000000E+00
    3.381801038596E+01
    0.000000000000E+00
    3.390034269728E+01
    0.000000000000E+00
    3.398277510867E+01
    0.000000000000E+00
    3.406530762014E+01
    0.000000000000E+00
    3.414794023168E+01
    0.000000000000E+00
    3.423067294329E+01
    0.000000000000E+00
    3.431350575498E+01
    0.000000000000E+00
    3.439643866675E+01
    0.000000000000E+00
    3.447947167859E+01
    0.000000000000E+00
    3.456260479050E+01
    0.000000000000E+00
    3.464583800249E+01
    0.000000000000E+00
    3.472917131455E+01
    0.000000000000E+00
    3.481260472669E+01
    0.000000000000E+00
    3.489613823890E+01
    0.000000000000E+00
    3.497977185118E+01
    0.000000000000E+00
    3.506350556355E+01
    0.000000000000E+00
    3.514733937598E+01
    0.000000000000E+00
    3.523127328849E+01
    0.000000000000E+00
    3.531530730107E+01
    0.000000000000E+00
    3.539944141373E+01
    0.000000000000E+00
    3.548367562647E+01
    0.000000000000E+00
    3.556800993927E+01
    0.000000000000E+00
    3.565244435216E+01
    0.000000000000E+00
    3.573697886511E+01
    0.000000000000E+00
    3.582161347815E+01
    0.000000000000E+00
    3.590634819125E+01
    0.000000000000E+00
    3.599118300443E+01
    0.000000000000E+00
    3.607611791769E+01
    0.000000000000E+00
    3.616115293102E+01
    0.000000000000E+00
    3.624628804442E+01
    0.000000000000E+00
    3.633152325790E+01
    0.000000000000E+00
    3.641685857145E+01
    0.000000000000E+00
    3.650229398508E+01
    0.000000000000E+00
    3.658782949879E+01
    0.000000000000E+00
    3.667346511256E+01
    0.000000000000E+00
    3.675920082641E+01
    0.000000000000E+00
    3.684503664034E+01
    0.000000000000E+00
    3.693097255434E+01
    0.000000000000E+00
    3.701700856842E+01
    0.000000000000E+00
    3.710314468257E+01
    0.000000000000E+00
    3.718938089679E+01
    0.000000000000E+00
    3.727571721109E+01
    0.000000000000E+00
    3.736215362546E+01
    0.000000000000E+00
    3.744869013991E+01
    0.000000000000E+00
    3.753532675443E+01
    0.000000000000E+00
    3.762206346903E+01
    0.000000000000E+00
    3.770890028370E+01
    0.000000000000E+00
    3.779583719845E+01
    0.000000000000E+00
    3.788287421327E+01
    0.000000000000E+00
    3.797001132817E+01
    0.000000000000E+00
    3.805724854314E+01
    0.000000000000E+00
    3.814458585818E+01
    0.000000000000E+00
    3.823202327330E+01
    0.000000000000E+00
    3.831956078849E+01
    0.000000000000E+00
    3.840719840376E+01
    0.000000000000E+00
    3.849493611910E+01
    0.000000000000E+00
    3.858277393452E+01
    0.000000000000E+00
    3.867071185001E+01
    0.000000000000E+00
    3.875874986558E+01
    0.000000000000E+00
    3.884688798122E+01
    0.000000000000E+00
    3.893512619693E+01
    0.000000000000E+00
    3.902346451272E+01
    0.000000000000E+00
    3.911190292859E+01
    0.000000000000E+00
    3.920044144453E+01
    0.000000000000E+00
    3.928908006054E+01
    0.000000000000E+00
    3.937781877663E+01
    0.000000000000E+00
    3.946665759279E+01
    0.000000000000E+00
    3.955559650903E+01
    0.000000000000E+00
    3.964463552534E+01
    0.000000000000E+00
    3.973377464173E+01
    0.000000000000E+00
    3.982301385819E+01
    0.000000000000E+00
    3.991235317472E+01
    0.000000000000E+00
    4.000179259133E+01
    0.000000000000E+00
    4.009133210802E+01
    0.000000000000E+00
    4.018097172478E+01
    0.000000000000E+00
    4.027071144161E+01
    0.000000000000E+00
    4.036055125852E+01
    0.000000000000E+00
    4.045049117550E+01
    0.000000000000E+00
    4.054053119256E+01
    0.000000000000E+00
    4.063067130969E+01
    0.000000000000E+00
    4.072091152690E+01
    0.000000000000E+00
    4.081125184418E+01
    0.000000000000E+00
    4.090169226153E+01
    0.000000000000E+00
    4.099223277896E+01
    0.000000000000E+00
    4.108287339647E+01
    0.000000000000E+00
    4.117361411405E+01
    0.000000000000E+00
    4.126445493170E+01
    0.000000000000E+00
    4.135539584943E+01
    0.000000000000E+00
    4.144643686723E+01
    0.000000000000E+00
    4.153757798511E+01
    0.000000000000E+00
    4.162881920306E+01
    0.000000000000E+00
    4.172016052109E+01
    0.000000000000E+00
    4.181160193919E+01
    0.000000000000E+00
    4.190314345737E+01
    0.000000000000E+00
    4.199478507562E+01
    0.000000000000E+00
    4.208652679394E+01
    0.000000000000E+00
    4.217836861234E+01
    0.000000000000E+00
    4.227031053081E+01
    0.000000000000E+00
    4.236235254936E+01
    0.000000000000E+00
    4.245449466798E+01
    0.000000000000E+00
    4.254673688668E+01
    0.000000000000E+00
    4.263907920545E+01
    0.000000000000E+00
    4.273152162430E+01
    0.000000000000E+00
    4.282406414322E+01
    0.000000000000E+00
    4.291670676222E+01
    0.000000000000E+00
    4.300944948129E+01
    0.000000000000E+00
    4.310229230043E+01
    0.000000000000E+00
    4.319523521965E+01
    0.000000000000E+00
    4.328827823894E+01
    0.000000000000E+00
    4.338142135831E+01
    0.000000000000E+00
    4.347466457776E+01
    0.000000000000E+00
    4.356800789727E+01
    0.000000000000E+00
    4.366145131687E+01
    0.000000000000E+00
    4.375499483653E+01
    0.000000000000E+00
    4.384863845627E+01
    0.000000000000E+00
    4.394238217609E+01
    0.000000000000E+00
    4.403622599598E+01
    0.000000000000E+00
    4.413016991594E+01
    0.000000000000E+00
    4.422421393598E+01
    0.000000000000E+00
    4.431835805610E+01
    0.000000000000E+00
    4.441260227628E+01
    0.000000000000E+00
    4.450694659655E+01
    0.000000000000E+00
    4.460139101689E+01
    0.000000000000E+00
    4.469593553730E+01
    0.000000000000E+00
    4.479058015778E+01
    0.000000000000E+00
    4.488532487835E+01
    0.000000000000E+00
    4.498016969898E+01
    0.000000000000E+00
    4.507511461969E+01
    0.000000000000E+00
    4.517015964048E+01
    0.000000000000E+00
    4.526530476134E+01
    0.000000000000E+00
    4.536054998227E+01
    0.000000000000E+00
    4.545589530328E+01
    0.000000000000E+00
    4.555134072436E+01
    0.000000000000E+00
    4.564688624552E+01
    0.000000000000E+00
    4.574253186675E+01
    0.000000000000E+00
    4.583827758806E+01
    0.000000000000E+00
    4.593412340944E+01
    0.000000000000E+00
    4.603006933089E+01
    0.000000000000E+00
    4.612611535242E+01
    0.000000000000E+00
    4.622226147403E+01
    0.000000000000E+00
    4.631850769571E+01
    0.000000000000E+00
    4.641485401746E+01
    0.000000000000E+00
    4.651130043929E+01
    0.000000000000E+00
    4.660784696119E+01
    0.000000000000E+00
    4.670449358317E+01
    0.000000000000E+00
    4.680124030522E+01
    0.000000000000E+00
    4.689808712735E+01
    0.000000000000E+00
    4.699503404955E+01
    0.000000000000E+00
    4.709208107183E+01
    0.000000000000E+00
    4.718922819418E+01
    0.000000000000E+00
    4.728647541660E+01
    0.000000000000E+00
    4.738382273910E+01
    0.000000000000E+00
    4.748127016168E+01
    0.000000000000E+00
    4.757881768432E+01
    0.000000000000E+00
    4.767646530705E+01
    0.000000000000E+00
    4.777421302984E+01
    0.000000000000E+00
    4.787206085272E+01
    0.000000000000E+00
    4.797000877566E+01
    0.000000000000E+00
    4.806805679868E+01
    0.000000000000E+00
    4.816620492178E+01
    0.000000000000E+00
    4.826445314495E+01
    0.000000000000E+00
    4.836280146820E+01
    0.000000000000E+00
    4.846124989152E+01
    0.000000000000E+00
    4.855979841491E+01
    0.000000000000E+00
    4.865844703838E+01
    0.000000000000E+00
    4.875719576192E+01
    0.000000000000E+00
    4.885604458554E+01
    0.000000000000E+00
    4.895499350923E+01
    0.000000000000E+00
    4.905404253300E+01
    0.000000000000E+00
    4.915319165684E+01
    0.000000000000E+00
    4.925244088075E+01
    0.000000000000E+00
    4.935179020475E+01
    0.000000000000E+00
    4.945123962881E+01
    0.000000000000E+00
    4.955078915295E+01
    0.000000000000E+00
    4.965043877716E+01
    0.000000000000E+00
    4.975018850145E+01
    0.000000000000E+00
    4.985003832582E+01
    0.000000000000E+00
    4.994998825025E+01
    0.000000000000E+00
    5.005003827477E+01
    0.000000000000E+00
    5.015018839935E+01
    0.000000000000E+00
    5.025043862401E+01
    0.000000000000E+00
    5.035078894875E+01
    0.000000000000E+00
    5.045123937356E+01
    0.000000000000E+00
    5.055178989844E+01
    0.000000000000E+00
    5.065244052340E+01
    0.000000000000E+00
    5.075319124844E+01
    0.000000000000E+00
    5.085404207355E+01
    0.000000000000E+00
    5.095499299873E+01
    0.000000000000E+00
    5.105604402399E+01
    0.000000000000E+00
    5.115719514932E+01
    0.000000000000E+00
    5.125844637473E+01
    0.000000000000E+00
    5.135979770021E+01
    0.000000000000E+00
    5.146124912576E+01
    0.000000000000E+00
    5.156280065140E+01
    0.000000000000E+00
    5.166445227710E+01
    0.000000000000E+00
    5.176620400288E+01
    0.000000000000E+00
    5.186805582873E+01
    0.000000000000E+00
    5.197000775466E+01
    0.000000000000E+00
    5.207205978067E+01
    0.000000000000E+00
    5.217421190674E+01
    0.000000000000E+00
    5.227646413290E+01
    0.000000000000E+00
    5.237881645912E+01
    0.000000000000E+00
    5.248126888542E+01
    0.000000000000E+00
    5.258382141180E+01
    0.000000000000E+00
    5.268647403825E+01
    0.000000000000E+00
    5.278922676478E+01
    0.000000000000E+00
    5.289207959138E+01
    0.000000000000E+00
    5.299503251805E+01
    0.000000000000E+00
    5.309808554480E+01
    0.000000000000E+00
    5.320123867162E+01
    0.000000000000E+00
    5.330449189852E+01
    0.000000000000E+00
    5.340784522549E+01
    0.000000000000E+00
    5.351129865254E+01
    0.000000000000E+00
    5.361485217966E+01
    0.000000000000E+00
    5.371850580686E+01
    0.000000000000E+00
    5.382225953413E+01
    0.000000000000E+00
    5.392611336147E+01
    0.000000000000E+00
    5.403006728889E+01
    0.000000000000E+00
    5.413412131639E+01
    0.000000000000E+00
    5.423827544396E+01
    0.000000000000E+00
    5.434252967160E+01
    0.000000000000E+00
    5.444688399932E+01
    0.000000000000E+00
    5.455133842711E+01
    0.000000000000E+00
    5.465589295498E+01
    0.000000000000E+00
    5.476054758292E+01
    0.000000000000E+00
    5.486530231093E+01
    0.000000000000E+00
    5.497015713902E+01
    0.000000000000E+00
    5.507511206719E+01
    0.000000000000E+00
    5.518016709543E+01
    0.000000000000E+00
    5.528532222374E+01
    0.000000000000E+00
    5.539057745213E+01
    0.000000000000E+00
    5.549593278060E+01
    0.000000000000E+00
    5.560138820913E+01
    0.000000000000E+00
    5.570694373775E+01
    0.000000000000E+00
    5.581259936643E+01
    0.000000000000E+00
    5.591835509519E+01
    0.000000000000E+00
    5.602421092403E+01
    0.000000000000E+00
    5.613016685294E+01
    0.000000000000E+00
    5.623622288193E+01
    0.000000000000E+00
    5.634237901099E+01
    0.000000000000E+00
    5.644863524012E+01
    0.000000000000E+00
    5.655499156933E+01
    0.000000000000E+00
    5.666144799861E+01
    0.000000000000E+00
    5.676800452797E+01
    0.000000000000E+00
    5.687466115740E+01
    0.000000000000E+00
    5.698141788691E+01
    0.000000000000E+00
    5.708827471649E+01
    0.000000000000E+00
    5.719523164615E+01
    0.000000000000E+00
    5.730228867588E+01
    0.000000000000E+00
    5.740944580568E+01
    0.000000000000E+00
    5.751670303556E+01
    0.000000000000E+00
    5.762406036552E+01
    0.000000000000E+00
    5.773151779555E+01
    0.000000000000E+00
    5.783907532565E+01
    0.000000000000E+00
    5.794673295583E+01
    0.000000000000E+00
    5.805449068608E+01
    0.000000000000E+00
    5.816234851641E+01
    0.000000000000E+00
    5.827030644681E+01
    0.000000000000E+00
    5.837836447729E+01
    0.000000000000E+00
    5.848652260784E+01
    0.000000000000E+00
    5.859478083846E+01
    0.000000000000E+00
    5.870313916916E+01
    0.000000000000E+00
    5.881159759994E+01
    0.000000000000E+00
    5.892015613079E+01
    0.000000000000E+00
    5.902881476171E+01
    0.000000000000E+00
    5.913757349271E+01
    0.000000000000E+00
    5.924643232378E+01
    0.000000000000E+00
    5.935539125493E+01
    0.000000000000E+00
    5.946445028615E+01
    0.000000000000E+00
    5.957360941745E+01
    0.000000000000E+00
    5.968286864882E+01
    0.000000000000E+00
    5.979222798026E+01
    0.000000000000E+00
    5.990168741178E+01
    0.000000000000E+00
    6.001124694338E+01
    0.000000000000E+00
    6.012090657504E+01
    0.000000000000E+00
    6.023066630679E+01
    0.000000000000E+00
    6.034052613861E+01
    0.000000000000E+00
    6.045048607050E+01
    0.000000000000E+00
    6.056054610247E+01
    0.000000000000E+00
    6.067070623451E+01
    0.000000000000E+00
    6.078096646662E+01
    0.000000000000E+00
    6.089132679882E+01
    0.000000000000E+00
    6.100178723108E+01
    0.000000000000E+00
    6.111234776342E+01
    0.000000000000E+00
    6.122300839584E+01
    0.000000000000E+00
    6.133376912832E+01
    0.000000000000E+00
    6.144462996089E+01
    0.000000000000E+00
    6.155559089353E+01
    0.000000000000E+00
    6.166665192624E+01
    0.000000000000E+00
    6.177781305903E+01
    0.000000000000E+00
    6.188907429189E+01
    0.000000000000E+00
    6.200043562482E+01
    0.000000000000E+00
    6.211189705783E+01
    0.000000000000E+00
    6.222345859092E+01
    0.000000000000E+00
    6.233512022408E+01
    0.000000000000E+00
    6.244688195731E+01
    0.000000000000E+00
    6.255874379062E+01
    0.000000000000E+00
    6.267070572401E+01
    0.000000000000E+00
    6.278276775747E+01
    0.000000000000E+00
    6.289492989100E+01
    0.000000000000E+00
    6.300719212461E+01
    0.000000000000E+00
    6.311955445829E+01
    0.000000000000E+00
    6.323201689204E+01
    0.000000000000E+00
    6.334457942588E+01
    0.000000000000E+00
    6.345724205978E+01
    0.000000000000E+00
    6.357000479376E+01
    0.000000000000E+00
    6.368286762782E+01
    0.000000000000E+00
    6.379583056194E+01
    0.000000000000E+00
    6.390889359615E+01
    0.000000000000E+00
    6.402205673043E+01
    0.000000000000E+00
    6.413531996478E+01
    0.000000000000E+00
    6.424868329921E+01
    0.000000000000E+00
    6.436214673371E+01
    0.000000000000E+00
    6.447571026828E+01
    0.000000000000E+00
    6.458937390294E+01
    0.000000000000E+00
    6.470313763766E+01
    0.000000000000E+00
    6.481700147246E+01
    0.000000000000E+00
    6.493096540734E+01
    0.000000000000E+00
    6.504502944229E+01
    0.000000000000E+00
    6.515919357731E+01
    0.000000000000E+00
    6.527345781241E+01
    0.000000000000E+00
    6.538782214758E+01
    0.000000000000E+00
    6.550228658283E+01
    0.000000000000E+00
    6.561685111815E+01
    0.000000000000E+00
    6.573151575355E+01
    0.000000000000E+00
    6.584628048902E+01
    0.000000000000E+00
    6.596114532456E+01
    0.000000000000E+00
    6.607611026018E+01
    0.000000000000E+00
    6.619117529588E+01
    0.000000000000E+00
    6.630634043165E+01
    0.000000000000E+00
    6.642160566749E+01
    0.000000000000E+00
    6.653697100341E+01
    0.000000000000E+00
    6.665243643940E+01
    0.000000000000E+00
    6.676800197547E+01
    0.000000000000E+00
    6.688366761161E+01
    0.000000000000E+00
    6.699943334783E+01
    0.000000000000E+00
    6.711529918412E+01
    0.000000000000E+00
    6.723126512048E+01
    0.000000000000E+00
    6.734733115692E+01
    0.000000000000E+00
    6.746349729344E+01
    0.000000000000E+00
    6.757976353003E+01
    0.000000000000E+00
    6.769612986669E+01
    0.000000000000E+00
    6.781259630343E+01
    0.000000000000E+00
    6.792916284024E+01
    0.000000000000E+00
    6.804582947713E+01
    0.000000000000E+00
    6.816259621409E+01
    0.000000000000E+00
    6.827946305113E+01
    0.000000000000E+00
    6.839642998824E+01
    0.000000000000E+00
    6.851349702543E+01
    0.000000000000E+00
    6.863066416269E+01
    0.000000000000E+00
    6.874793140002E+01
    0.000000000000E+00
    6.886529873743E+01
    0.000000000000E+00
    6.898276617491E+01
    0.000000000000E+00
    6.910033371247E+01
    0.000000000000E+00
    6.921800135011E+01
    0.000000000000E+00
    6.933576908781E+01
    0.000000000000E+00
    6.945363692560E+01
    0.000000000000E+00
    6.957160486345E+01
    0.000000000000E+00
    6.968967290138E+01
    0.000000000000E+00
    6.980784103939E+01
    0.000000000000E+00
    6.992610927747E+01
    0.000000000000E+00
    7.004447761562E+01
    0.000000000000E+00
    7.016294605385E+01
    0.000000000000E+00
    7.028151459216E+01
    0.000000000000E+00
    7.040018323054E+01
    0.000000000000E+00
    7.051895196899E+01
    0.000000000000E+00
    7.063782080752E+01
    0.000000000000E+00
    7.075678974612E+01
    0.000000000000E+00
    7.087585878480E+01
    0.000000000000E+00
    7.099502792355E+01
    0.000000000000E+00
    7.111429716237E+01
    0.000000000000E+00
    7.123366650127E+01
    0.000000000000E+00
    7.135313594025E+01
    0.000000000000E+00
    7.147270547930E+01
    0.000000000000E+00
    7.159237511842E+01
    0.000000000000E+00
    7.171214485762E+01
    0.000000000000E+00
    7.183201469689E+01
    0.000000000000E+00
    7.195198463624E+01
    0.000000000000E+00
    7.207205467566E+01
    0.000000000000E+00
    7.219222481516E+01
    0.000000000000E+00
    7.231249505473E+01
    0.000000000000E+00
    7.243286539438E+01
    0.000000000000E+00
    7.255333583410E+01
    0.000000000000E+00
    7.267390637389E+01
    0.000000000000E+00
    7.279457701376E+01
    0.000000000000E+00
    7.291534775370E+01
    0.000000000000E+00
    7.303621859372E+01
    0.000000000000E+00
    7.315718953382E+01
    0.000000000000E+00
    7.327826057398E+01
    0.000000000000E+00
    7.339943171423E+01
    0.000000000000E+00
    7.352070295454E+01
    0.000000000000E+00
    7.364207429493E+01
    0.000000000000E+00
    7.376354573540E+01
    0.000000000000E+00
    7.388511727594E+01
    0.000000000000E+00
    7.400678891656E+01
    0.000000000000E+00
    7.412856065725E+01
    0.000000000000E+00
    7.425043249801E+01
    0.000000000000E+00
    7.437240443885E+01
    0.000000000000E+00
    7.449447647976E+01
    0.000000000000E+00
    7.461664862075E+01
    0.000000000000E+00
    7.473892086181E+01
    0.000000000000E+00
    7.486129320295E+01
    0.000000000000E+00
    7.498376564416E+01
    0.000000000000E+00
    7.510633818544E+01
    0.000000000000E+00
    7.522901082681E+01
    0.000000000000E+00
    7.535178356824E+01
    0.000000000000E+00
    7.547465640975E+01
    0.000000000000E+00
    7.559762935133E+01
    0.000000000000E+00
    7.572070239299E+01
    0.000000000000E+00
    7.584387553473E+01
    0.000000000000E+00
    7.596714877653E+01
    0.000000000000E+00
    7.609052211842E+01
    0.000000000000E+00
    7.621399556037E+01
    0.000000000000E+00
    7.633756910240E+01
    0.000000000000E+00
    7.646124274451E+01
    0.000000000000E+00
    7.658501648669E+01
    0.000000000000E+00
    7.670889032895E+01
    0.000000000000E+00
    7.683286427128E+01
    0.000000000000E+00
    7.695693831368E+01
    0.000000000000E+00
    7.708111245616E+01
    0.000000000000E+00
    7.720538669871E+01
    0.000000000000E+00
    7.732976104134E+01
    0.000000000000E+00
    7.745423548404E+01
    0.000000000000E+00
    7.757881002682E+01
    0.000000000000E+00
    7.770348466967E+01
    0.000000000000E+00
    7.782825941260E+01
    0.000000000000E+00
    7.795313425560E+01
    0.000000000000E+00
    7.807810919867E+01
    0.000000000000E+00
    7.820318424182E+01
    0.000000000000E+00
    7.832835938505E+01
    0.000000000000E+00
    7.845363462834E+01
    0.000000000000E+00
    7.857900997172E+01
    0.000000000000E+00
    7.870448541517E+01
    0.000000000000E+00
    7.883006095869E+01
    0.000000000000E+00
    7.895573660228E+01
    0.000000000000E+00
    7.908151234596E+01
    0.000000000000E+00
    7.920738818970E+01
    0.000000000000E+00
    7.933336413352E+01
    0.000000000000E+00
    7.945944017742E+01
    0.000000000000E+00
    7.958561632139E+01
    0.000000000000E+00
    7.971189256543E+01
    0.000000000000E+00
    7.983826890955E+01
    0.000000000000E+00
    7.996474535374E+01
    0.000000000000E+00
    8.009132189801E+01
    0.000000000000E+00
    8.021799854235E+01
    0.000000000000E+00
    8.034477528677E+01
    0.000000000000E+00
    8.047165213126E+01
    0.000000000000E+00
    8.059862907583E+01
    0.000000000000E+00
    8.072570612047E+01
    0.000000000000E+00
    8.085288326518E+01
    0.000000000000E+00
    8.098016050997E+01
    0.000000000000E+00
    8.110753785484E+01
    0.000000000000E+00
    8.123501529978E+01
    0.000000000000E+00
    8.136259284479E+01
    0.000000000000E+00
    8.149027048988E+01
    0.000000000000E+00
    8.161804823504E+01
    0.000000000000E+00
    8.174592608028E+01
    0.000000000000E+00
    8.187390402559E+01
    0.000000000000E+00
    8.200198207098E+01
    0.000000000000E+00
    8.213016021644E+01
    0.000000000000E+00
    8.225843846197E+01
    0.000000000000E+00
    8.238681680758E+01
    0.000000000000E+00
    8.251529525327E+01
    0.000000000000E+00
    8.264387379902E+01
    0.000000000000E+00
    8.277255244486E+01
    0.000000000000E+00
    8.290133119077E+01
    0.000000000000E+00
    8.303021003675E+01
    0.000000000000E+00
    8.315918898281E+01
    0.000000000000E+00
    8.328826802894E+01
    0.000000000000E+00
    8.341744717514E+01
    0.000000000000E+00
    8.354672642142E+01
    0.000000000000E+00
    8.367610576778E+01
    0.000000000000E+00
    8.380558521421E+01
    0.000000000000E+00
    8.393516476071E+01
    0.000000000000E+00
    8.406484440729E+01
    0.000000000000E+00
    8.419462415395E+01
    0.000000000000E+00
    8.432450400067E+01
    0.000000000000E+00
    8.445448394748E+01
    0.000000000000E+00
    8.458456399435E+01
    0.000000000000E+00
    8.471474414131E+01
    0.000000000000E+00
    8.484502438833E+01
    0.000000000000E+00
    8.497540473543E+01
    0.000000000000E+00
    8.510588518261E+01
    0.000000000000E+00
    8.523646572986E+01
    0.000000000000E+00
    8.536714637718E+01
    0.000000000000E+00
    8.549792712458E+01
    0.000000000000E+00
    8.562880797205E+01
    0.000000000000E+00
    8.575978891960E+01
    0.000000000000E+00
    8.589086996722E+01
    0.000000000000E+00
    8.602205111492E+01
    0.000000000000E+00
    8.615333236269E+01
    0.000000000000E+00
    8.628471371054E+01
    0.000000000000E+00
    8.641619515846E+01
    0.000000000000E+00
    8.654777670646E+01
    0.000000000000E+00
    8.667945835453E+01
    0.000000000000E+00
    8.681124010267E+01
    0.000000000000E+00
    8.694312195089E+01
    0.000000000000E+00
    8.707510389918E+01
    0.000000000000E+00
    8.720718594755E+01
    0.000000000000E+00
    8.733936809599E+01
    0.000000000000E+00
    8.747165034451E+01
    0.000000000000E+00
    8.760403269310E+01
    0.000000000000E+00
    8.773651514177E+01
    0.000000000000E+00
    8.786909769051E+01
    0.000000000000E+00
    8.800178033933E+01
    0.000000000000E+00
    8.813456308822E+01
    0.000000000000E+00
    8.826744593718E+01
    0.000000000000E+00
    8.840042888622E+01
    0.000000000000E+00
    8.853351193533E+01
    0.000000000000E+00
    8.866669508452E+01
    0.000000000000E+00
    8.879997833378E+01
    0.000000000000E+00
    8.893336168312E+01
    0.000000000000E+00
    8.906684513253E+01
    0.000000000000E+00
    8.920042868202E+01
    0.000000000000E+00
    8.933411233158E+01
    0.000000000000E+00
    8.946789608122E+01
    0.000000000000E+00
    8.960177993093E+01
    0.000000000000E+00
    8.973576388071E+01
    0.000000000000E+00
    8.986984793057E+01
    0.000000000000E+00
    9.000403208050E+01
    0.000000000000E+00
    9.013831633051E+01
    0.000000000000E+00
    9.027270068059E+01
    0.000000000000E+00
    9.040718513075E+01
    0.000000000000E+00
    9.054176968098E+01
    0.000000000000E+00
    9.067645433129E+01
    0.000000000000E+00
    9.081123908167E+01
    0.000000000000E+00
    9.094612393213E+01
    0.000000000000E+00
    9.108110888266E+01
    0.000000000000E+00
    9.121619393326E+01
    0.000000000000E+00
    9.135137908394E+01
    0.000000000000E+00
    9.148666433469E+01
    0.000000000000E+00
    9.162204968552E+01
    0.000000000000E+00
    9.175753513642E+01
    0.000000000000E+00
    9.189312068740E+01
    0.000000000000E+00
    9.202880633845E+01
    0.000000000000E+00
    9.216459208958E+01
    0.000000000000E+00
    9.230047794078E+01
    0.000000000000E+00
    9.243646389206E+01
    0.000000000000E+00
    9.257254994341E+01
    0.000000000000E+00
    9.270873609483E+01
    0.000000000000E+00
    9.284502234633E+01
    0.000000000000E+00
    9.298140869790E+01
    0.000000000000E+00
    9.311789514955E+01
    0.000000000000E+00
    9.325448170127E+01
    0.000000000000E+00
    9.339116835307E+01
    0.000000000000E+00
    9.352795510494E+01
    0.000000000000E+00
    9.366484195689E+01
    0.000000000000E+00
    9.380182890891E+01
    0.000000000000E+00
    9.393891596101E+01
    0.000000000000E+00
    9.407610311318E+01
    0.000000000000E+00
    9.421339036542E+01
    0.000000000000E+00
    9.435077771774E+01
    0.000000000000E+00
    9.448826517014E+01
    0.000000000000E+00
    9.462585272260E+01
    0.000000000000E+00
    9.476354037515E+01
    0.000000000000E+00
    9.490132812776E+01
    0.000000000000E+00
    9.503921598046E+01
    0.000000000000E+00
    9.517720393322E+01
    0.000000000000E+00
    9.531529198606E+01
    0.000000000000E+00
    9.545348013898E+01
    0.000000000000E+00
    9.559176839197E+01
    0.000000000000E+00
    9.573015674503E+01
    0.000000000000E+00
    9.586864519817E+01
    0.000000000000E+00
    9.600723375139E+01
    0.000000000000E+00
    9.614592240468E+01
    0.000000000000E+00
    9.628471115804E+01
    0.000000000000E+00
    9.642360001148E+01
    0.000000000000E+00
    9.656258896499E+01
    0.000000000000E+00
    9.670167801857E+01
    0.000000000000E+00
    9.684086717224E+01
    0.000000000000E+00
    9.698015642597E+01
    0.000000000000E+00
    9.711954577978E+01
    0.000000000000E+00
    9.725903523367E+01
    0.000000000000E+00
    9.739862478763E+01
    0.000000000000E+00
    9.753831444166E+01
    0.000000000000E+00
    9.767810419577E+01
    0.000000000000E+00
    9.781799404995E+01
    0.000000000000E+00
    9.795798400421E+01
    0.000000000000E+00
    9.809807405854E+01
    0.000000000000E+00
    9.823826421295E+01
    0.000000000000E+00
    9.837855446743E+01
    0.000000000000E+00
    9.851894482198E+01
    0.000000000000E+00
    9.865943527661E+01
    0.000000000000E+00
    9.880002583132E+01
    0.000000000000E+00
    9.894071648610E+01
    0.000000000000E+00
    9.908150724095E+01
    0.000000000000E+00
    9.922239809588E+01
    0.000000000000E+00
    9.936338905088E+01
    0.000000000000E+00
    9.950448010596E+01
    0.000000000000E+00
    9.964567126111E+01
    0.000000000000E+00
    9.978696251634E+01
    0.000000000000E+00
    9.992835387164E+01
    0.000000000000E+00
    1.000698453270E+02
    0.000000000000E+00
    1.002114368825E+02
    0.000000000000E+00
    1.003531285380E+02
    0.000000000000E+00
    1.004949202936E+02
    0.000000000000E+00
    1.006368121493E+02
    0.000000000000E+00
    1.007788041050E+02
    0.000000000000E+00
    1.009208961608E+02
    0.000000000000E+00
    1.010630883167E+02
    0.000000000000E+00
    1.012053805727E+02
    0.000000000000E+00
    1.013477729288E+02
    0.000000000000E+00
    1.014902653849E+02
    0.000000000000E+00
    1.016328579411E+02
    0.000000000000E+00
    1.017755505973E+02
    0.000000000000E+00
    1.019183433537E+02
    0.000000000000E+00
    1.020612362101E+02
    0.000000000000E+00
    1.022042291666E+02
    0.000000000000E+00
    1.023473222232E+02
    0.000000000000E+00
    1.024905153798E+02
    0.000000000000E+00
    1.026338086365E+02
    0.000000000000E+00
    1.027772019933E+02
    0.000000000000E+00
    1.029206954502E+02
    0.000000000000E+00
    1.030642890071E+02
    0.000000000000E+00
    1.032079826641E+02
    0.000000000000E+00
    1.033517764212E+02
    0.000000000000E+00
    1.034956702784E+02
    0.000000000000E+00
    1.036396642356E+02
    0.000000000000E+00
    1.037837582930E+02
    0.000000000000E+00
    1.039279524503E+02
    0.000000000000E+00
    1.040722467078E+02
    0.000000000000E+00
    1.042166410653E+02
    0.000000000000E+00
    1.043611355230E+02
    0.000000000000E+00
    1.045057300806E+02
    0.000000000000E+00
    1.046504247384E+02
    0.000000000000E+00
    1.047952194962E+02
    0.000000000000E+00
    1.049401143541E+02
    0.000000000000E+00
    1.050851093121E+02
    0.000000000000E+00
    1.052302043702E+02
    0.000000000000E+00
    1.053753995283E+02
    0.000000000000E+00
    1.055206947865E+02
    0.000000000000E+00
    1.056660901448E+02
    0.000000000000E+00
    1.058115856032E+02
    0.000000000000E+00
    1.059571811616E+02
    0.000000000000E+00
    1.061028768201E+02
    0.000000000000E+00
    1.062486725787E+02
    0.000000000000E+00
    1.063945684374E+02
    0.000000000000E+00
    1.065405643961E+02
    0.000000000000E+00
    1.066866604549E+02
    0.000000000000E+00
    1.068328566138E+02
    0.000000000000E+00
    1.069791528727E+02
    0.000000000000E+00
    1.071255492318E+02
    0.000000000000E+00
    1.072720456909E+02
    0.000000000000E+00
    1.074186422500E+02
    0.000000000000E+00
    1.075653389093E+02
    0.000000000000E+00
    1.077121356686E+02
    0.000000000000E+00
    1.078590325280E+02
    0.000000000000E+00
    1.080060294875E+02
    0.000000000000E+00
    1.081531265470E+02
    0.000000000000E+00
    1.083003237067E+02
    0.000000000000E+00
    1.084476209664E+02
    0.000000000000E+00
    1.085950183261E+02
    0.000000000000E+00
    1.087425157860E+02
    0.000000000000E+00
    1.088901133459E+02
    0.000000000000E+00
    1.090378110059E+02
    0.000000000000E+00
    1.091856087660E+02
    0.000000000000E+00
    1.093335066261E+02
    0.000000000000E+00
    1.094815045864E+02
    0.000000000000E+00
    1.096296026466E+02
    0.000000000000E+00
    1.097778008070E+02
    0.000000000000E+00
    1.099260990675E+02
    0.000000000000E+00
    1.100744974280E+02
    0.000000000000E+00
    1.102229958886E+02
    0.000000000000E+00
    1.103715944492E+02
    0.000000000000E+00
    1.105202931100E+02
    0.000000000000E+00
    1.106690918708E+02
    0.000000000000E+00
    1.108179907317E+02
    0.000000000000E+00
    1.109669896927E+02
    0.000000000000E+00
    1.111160887537E+02
    0.000000000000E+00
    1.112652879148E+02
    0.000000000000E+00
    1.114145871760E+02
    0.000000000000E+00
    1.115639865373E+02
    0.000000000000E+00
    1.117134859986E+02
    0.000000000000E+00
    1.118630855600E+02
    0.000000000000E+00
    1.120127852215E+02
    0.000000000000E+00
    1.121625849831E+02
    0.000000000000E+00
    1.123124848447E+02
    0.000000000000E+00
    1.124624848064E+02
    0.000000000000E+00
    1.126125848682E+02
    0.000000000000E+00
    1.127627850301E+02
    0.000000000000E+00
    1.129130852920E+02
    0.000000000000E+00
    1.130634856540E+02
    0.000000000000E+00
    1.132139861161E+02
    0.000000000000E+00
    1.133645866783E+02
    0.000000000000E+00
    1.135152873405E+02
    0.000000000000E+00
    1.136660881028E+02
    0.000000000000E+00
    1.138169889652E+02
    0.000000000000E+00
    1.139679899277E+02
    0.000000000000E+00
    1.141190909902E+02
    0.000000000000E+00
    1.142702921528E+02
    0.000000000000E+00
    1.144215934155E+02
    0.000000000000E+00
    1.145729947782E+02
    0.000000000000E+00
    1.147244962411E+02
    0.000000000000E+00
    1.148760978040E+02
    0.000000000000E+00
    1.150277994670E+02
    0.000000000000E+00
    1.151796012300E+02
    0.000000000000E+00
    1.153315030931E+02
    0.000000000000E+00
    1.154835050563E+02
    0.000000000000E+00
    1.156356071196E+02
    0.000000000000E+00
    1.157878092830E+02
    0.000000000000E+00
    1.159401115464E+02
    0.000000000000E+00
    1.160925139099E+02
    0.000000000000E+00
    1.162450163735E+02
    0.000000000000E+00
    1.163976189371E+02
    0.000000000000E+00
    1.165503216009E+02
    0.000000000000E+00
    1.167031243647E+02
    0.000000000000E+00
    1.168560272285E+02
    0.000000000000E+00
    1.170090301925E+02
    0.000000000000E+00
    1.171621332565E+02
    0.000000000000E+00
    1.173153364206E+02
    0.000000000000E+00
    1.174686396848E+02
    0.000000000000E+00
    1.176220430490E+02
    0.000000000000E+00
    1.177755465133E+02
    0.000000000000E+00
    1.179291500777E+02
    0.000000000000E+00
    1.180828537422E+02
    0.000000000000E+00
    1.182366575068E+02
    0.000000000000E+00
    1.183905613714E+02
    0.000000000000E+00
    1.185445653361E+02
    0.000000000000E+00
    1.186986694008E+02
    0.000000000000E+00
    1.188528735657E+02
    0.000000000000E+00
    1.190071778306E+02
    0.000000000000E+00
    1.191615821956E+02
    0.000000000000E+00
    1.193160866607E+02
    0.000000000000E+00
    1.194706912258E+02
    0.000000000000E+00
    1.196253958910E+02
    0.000000000000E+00
    1.197802006563E+02
    0.000000000000E+00
    1.199351055217E+02
    0.000000000000E+00
    1.200901104871E+02
    0.000000000000E+00
    1.202452155526E+02
    0.000000000000E+00
    1.204004207182E+02
    0.000000000000E+00
    1.205557259839E+02
    0.000000000000E+00
    1.207111313496E+02
    0.000000000000E+00
    1.208666368154E+02
    0.000000000000E+00
    1.210222423813E+02
    0.000000000000E+00
    1.211779480473E+02
    0.000000000000E+00
    1.213337538133E+02
    0.000000000000E+00
    1.214896596794E+02
    0.000000000000E+00
    1.216456656456E+02
    0.000000000000E+00
    1.218017717119E+02
    0.000000000000E+00
    1.219579778782E+02
    0.000000000000E+00
    1.221142841446E+02
    0.000000000000E+00
    1.222706905111E+02
    0.000000000000E+00
    1.224271969777E+02
    0.000000000000E+00
    1.225838035443E+02
    0.000000000000E+00
    1.227405102110E+02
    0.000000000000E+00
    1.228973169778E+02
    0.000000000000E+00
    1.230542238446E+02
    0.000000000000E+00
    1.232112308116E+02
    0.000000000000E+00
    1.233683378786E+02
    0.000000000000E+00
    1.235255450456E+02
    0.000000000000E+00
    1.236828523128E+02
    0.000000000000E+00
    1.238402596800E+02
    0.000000000000E+00
    1.239977671473E+02
    0.000000000000E+00
    1.241553747147E+02
    0.000000000000E+00
    1.243130823822E+02
    0.000000000000E+00
    1.244708901497E+02
    0.000000000000E+00
    1.246287980173E+02
    0.000000000000E+00
    1.247868059850E+02
    0.000000000000E+00
    1.249449140527E+02
    0.000000000000E+00
    1.251031222205E+02
    0.000000000000E+00
    1.252614304885E+02
    0.000000000000E+00
    1.254198388564E+02
    0.000000000000E+00
    1.255783473245E+02
    0.000000000000E+00
    1.257369558926E+02
    0.000000000000E+00
    1.258956645608E+02
    0.000000000000E+00
    1.260544733291E+02
    0.000000000000E+00
    1.262133821974E+02
    0.000000000000E+00
    1.263723911658E+02
    0.000000000000E+00
    1.265315002343E+02
    0.000000000000E+00
    1.266907094029E+02
    0.000000000000E+00
    1.268500186716E+02
    0.000000000000E+00
    1.270094280403E+02
    0.000000000000E+00
    1.271689375091E+02
    0.000000000000E+00
    1.273285470779E+02
    0.000000000000E+00
    1.274882567469E+02
    0.000000000000E+00
    1.276480665159E+02
    0.000000000000E+00
    1.278079763850E+02
    0.000000000000E+00
    1.279679863542E+02
    0.000000000000E+00
    1.281280964234E+02
    0.000000000000E+00
    1.282883065927E+02
    0.000000000000E+00
    1.284486168621E+02
    0.000000000000E+00
    1.286090272316E+02
    0.000000000000E+00
    1.287695377011E+02
    0.000000000000E+00
    1.289301482707E+02
    0.000000000000E+00
    1.290908589404E+02
    0.000000000000E+00
    1.292516697102E+02
    0.000000000000E+00
    1.294125805800E+02
    0.000000000000E+00
    1.295735915499E+02
    0.000000000000E+00
    1.297347026199E+02
    0.000000000000E+00
    1.298959137900E+02
    0.000000000000E+00
    1.300572250601E+02
    0.000000000000E+00
    1.302186364303E+02
    0.000000000000E+00
    1.303801479006E+02
    0.000000000000E+00
    1.305417594710E+02
    0.000000000000E+00
    1.307034711414E+02
    0.000000000000E+00
    1.308652829119E+02
    0.000000000000E+00
    1.310271947825E+02
    0.000000000000E+00
    1.311892067532E+02
    0.000000000000E+00
    1.313513188239E+02
    0.000000000000E+00
    1.315135309947E+02
    0.000000000000E+00
    1.316758432656E+02
    0.000000000000E+00
    1.318382556365E+02
    0.000000000000E+00
    1.320007681076E+02
    0.000000000000E+00
    1.321633806787E+02
    0.000000000000E+00
    1.323260933499E+02
    0.000000000000E+00
    1.324889061211E+02
    0.000000000000E+00
    1.326518189924E+02
    0.000000000000E+00
    1.328148319638E+02
    0.000000000000E+00
    1.329779450353E+02
    0.000000000000E+00
    1.331411582069E+02
    0.000000000000E+00
    1.333044714785E+02
    0.000000000000E+00
    1.334678848502E+02
    0.000000000000E+00
    1.336313983220E+02
    0.000000000000E+00
    1.337950118938E+02
    0.000000000000E+00
    1.339587255658E+02
    0.000000000000E+00
    1.341225393378E+02
    0.000000000000E+00
    1.342864532098E+02
    0.000000000000E+00
    1.344504671820E+02
    0.000000000000E+00
    1.346145812542E+02
    0.000000000000E+00
    1.347787954265E+02
    0.000000000000E+00
    1.349431096989E+02
    0.000000000000E+00
    1.351075240713E+02
    0.000000000000E+00
    1.352720385439E+02
    0.000000000000E+00
    1.354366531164E+02
    0.000000000000E+00
    1.356013677891E+02
    0.000000000000E+00
    1.357661825619E+02
    0.000000000000E+00
    1.359310974347E+02
    0.000000000000E+00
    1.360961124076E+02
    0.000000000000E+00
    1.362612274805E+02
    0.000000000000E+00
    1.364264426536E+02
    0.000000000000E+00
    1.365917579267E+02
    0.000000000000E+00
    1.367571732999E+02
    0.000000000000E+00
    1.369226887732E+02
    0.000000000000E+00
    1.370883043465E+02
    0.000000000000E+00
    1.372540200199E+02
    0.000000000000E+00
    1.374198357934E+02
    0.000000000000E+00
    1.375857516670E+02
    0.000000000000E+00
    1.377517676406E+02
    0.000000000000E+00
    1.379178837143E+02
    0.000000000000E+00
    1.380840998881E+02
    0.000000000000E+00
    1.382504161620E+02
    0.000000000000E+00
    1.384168325359E+02
    0.000000000000E+00
    1.385833490099E+02
    0.000000000000E+00
    1.387499655840E+02
    0.000000000000E+00
    1.389166822582E+02
    0.000000000000E+00
    1.390834990324E+02
    0.000000000000E+00
    1.392504159067E+02
    0.000000000000E+00
    1.394174328811E+02
    0.000000000000E+00
    1.395845499556E+02
    0.000000000000E+00
    1.397517671301E+02
    0.000000000000E+00
    1.399190844047E+02
    0.000000000000E+00
    1.400865017794E+02
    0.000000000000E+00
    1.402540192542E+02
    0.000000000000E+00
    1.404216368290E+02
    0.000000000000E+00
    1.405893545039E+02
    0.000000000000E+00
    1.407571722789E+02
    0.000000000000E+00
    1.409250901540E+02
    0.000000000000E+00
    1.410931081291E+02
    0.000000000000E+00
    1.412612262043E+02
    0.000000000000E+00
    1.414294443796E+02
    0.000000000000E+00
    1.415977626549E+02
    0.000000000000E+00
    1.417661810304E+02
    0.000000000000E+00
    1.419346995059E+02
    0.000000000000E+00
    1.421033180814E+02
    0.000000000000E+00
    1.422720367571E+02
    0.000000000000E+00
    1.424408555328E+02
    0.000000000000E+00
    1.426097744086E+02
    0.000000000000E+00
    1.427787933845E+02
    0.000000000000E+00
    1.429479124605E+02
    0.000000000000E+00
    1.431171316365E+02
    0.000000000000E+00
    1.432864509126E+02
    0.000000000000E+00
    1.434558702888E+02
    0.000000000000E+00
    1.436253897650E+02
    0.000000000000E+00
    1.437950093413E+02
    0.000000000000E+00
    1.439647290177E+02
    0.000000000000E+00
    1.441345487942E+02
    0.000000000000E+00
    1.443044686708E+02
    0.000000000000E+00
    1.444744886474E+02
    0.000000000000E+00
    1.446446087241E+02
    0.000000000000E+00
    1.448148289008E+02
    0.000000000000E+00
    1.449851491777E+02
    0.000000000000E+00
    1.451555695546E+02
    0.000000000000E+00
    1.453260900316E+02
    0.000000000000E+00
    1.454967106087E+02
    0.000000000000E+00
    1.456674312858E+02
    0.000000000000E+00
    1.458382520630E+02
    0.000000000000E+00
    1.460091729403E+02
    0.000000000000E+00
    1.461801939177E+02
    0.000000000000E+00
    1.463513149951E+02
    0.000000000000E+00
    1.465225361727E+02
    0.000000000000E+00
    1.466938574503E+02
    0.000000000000E+00
    1.468652788279E+02
    0.000000000000E+00
    1.470368003057E+02
    0.000000000000E+00
    1.472084218835E+02
    0.000000000000E+00
    1.473801435614E+02
    0.000000000000E+00
    1.475519653393E+02
    0.000000000000E+00
    1.477238872174E+02
    0.000000000000E+00
    1.478959091955E+02
    0.000000000000E+00
    1.480680312737E+02
    0.000000000000E+00
    1.482402534519E+02
    0.000000000000E+00
    1.484125757303E+02
    0.000000000000E+00
    1.485849981087E+02
    0.000000000000E+00
    1.487575205872E+02
    0.000000000000E+00
    1.489301431657E+02
    0.000000000000E+00
    1.491028658444E+02
    0.000000000000E+00
    1.492756886231E+02
    0.000000000000E+00
    1.494486115019E+02
    0.000000000000E+00
    1.496216344807E+02
    0.000000000000E+00
    1.497947575596E+02
    0.000000000000E+00
    1.499679807387E+02
    0.000000000000E+00
    1.501413040177E+02
    0.000000000000E+00
    1.503147273969E+02
    0.000000000000E+00
    1.504882508761E+02
    0.000000000000E+00
    1.506618744554E+02
    0.000000000000E+00
    1.508355981348E+02
    0.000000000000E+00
    1.510094219143E+02
    0.000000000000E+00
    1.511833457938E+02
    0.000000000000E+00
    1.513573697734E+02
    0.000000000000E+00
    1.515314938531E+02
    0.000000000000E+00
    1.517057180328E+02
    0.000000000000E+00
    1.518800423127E+02
    0.000000000000E+00
    1.520544666926E+02
    0.000000000000E+00
    1.522289911725E+02
    0.000000000000E+00
    1.524036157526E+02
    0.000000000000E+00
    1.525783404327E+02
    0.000000000000E+00
    1.527531652129E+02
    0.000000000000E+00
    1.529280900932E+02
    0.000000000000E+00
    1.531031150735E+02
    0.000000000000E+00
    1.532782401540E+02
    0.000000000000E+00
    1.534534653345E+02
    0.000000000000E+00
    1.536287906150E+02
    0.000000000000E+00
    1.538042159957E+02
    0.000000000000E+00
    1.539797414764E+02
    0.000000000000E+00
    1.541553670572E+02
    0.000000000000E+00
    1.543310927381E+02
    0.000000000000E+00
    1.545069185190E+02
    0.000000000000E+00
    1.546828444000E+02
    0.000000000000E+00
    1.548588703811E+02
    0.000000000000E+00
    1.550349964623E+02
    0.000000000000E+00
    1.552112226436E+02
    0.000000000000E+00
    1.553875489249E+02
    0.000000000000E+00
    1.555639753063E+02
    0.000000000000E+00
    1.557405017877E+02
    0.000000000000E+00
    1.559171283693E+02
    0.000000000000E+00
    1.560938550509E+02
    0.000000000000E+00
    1.562706818326E+02
    0.000000000000E+00
    1.564476087144E+02
    0.000000000000E+00
    1.566246356962E+02
    0.000000000000E+00
    1.568017627781E+02
    0.000000000000E+00
    1.569789899601E+02
    0.000000000000E+00
    1.571563172422E+02
    0.000000000000E+00
    1.573337446243E+02
    0.000000000000E+00
    1.575112721065E+02
    0.000000000000E+00
    1.576888996888E+02
    0.000000000000E+00
    1.578666273712E+02
    0.000000000000E+00
    1.580444551536E+02
    0.000000000000E+00
    1.582223830361E+02
    0.000000000000E+00
    1.584004110187E+02
    0.000000000000E+00
    1.585785391014E+02
    0.000000000000E+00
    1.587567672841E+02
    0.000000000000E+00
    1.589350955669E+02
    0.000000000000E+00
    1.591135239498E+02
    0.000000000000E+00
    1.592920524328E+02
    0.000000000000E+00
    1.594706810158E+02
    0.000000000000E+00
    1.596494096989E+02
    0.000000000000E+00
    1.598282384821E+02
    0.000000000000E+00
    1.600071673653E+02
    0.000000000000E+00
    1.601861963487E+02
    0.000000000000E+00
    1.603653254321E+02
    0.000000000000E+00
    1.605445546156E+02
    0.000000000000E+00
    1.607238838991E+02
    0.000000000000E+00
    1.609033132827E+02
    0.000000000000E+00
    1.610828427664E+02
    0.000000000000E+00
    1.612624723502E+02
    0.000000000000E+00
    1.614422020341E+02
    0.000000000000E+00
    1.616220318180E+02
    0.000000000000E+00
    1.618019617020E+02
    0.000000000000E+00
    1.619819916861E+02
    0.000000000000E+00
    1.621621217702E+02
    0.000000000000E+00
    1.623423519545E+02
    0.000000000000E+00
    1.625226822388E+02
    0.000000000000E+00
    1.627031126231E+02
    0.000000000000E+00
    1.628836431076E+02
    0.000000000000E+00
    1.630642736921E+02
    0.000000000000E+00
    1.632450043767E+02
    0.000000000000E+00
    1.634258351614E+02
    0.000000000000E+00
    1.636067660461E+02
    0.000000000000E+00
    1.637877970310E+02
    0.000000000000E+00
    1.639689281159E+02
    0.000000000000E+00
    1.641501593008E+02
    0.000000000000E+00
    1.643314905859E+02
    0.000000000000E+00
    1.645129219710E+02
    0.000000000000E+00
    1.646944534562E+02
    0.000000000000E+00
    1.648760850415E+02
    0.000000000000E+00
    1.650578167268E+02
    0.000000000000E+00
    1.652396485122E+02
    0.000000000000E+00
    1.654215803977E+02
    0.000000000000E+00
    1.656036123833E+02
    0.000000000000E+00
    1.657857444689E+02
    0.000000000000E+00
    1.659679766547E+02
    0.000000000000E+00
    1.661503089404E+02
    0.000000000000E+00
    1.663327413263E+02
    0.000000000000E+00
    1.665152738123E+02
    0.000000000000E+00
    1.666979063983E+02
    0.000000000000E+00
    1.668806390844E+02
    0.000000000000E+00
    1.670634718705E+02
    0.000000000000E+00
    1.672464047568E+02
    0.000000000000E+00
    1.674294377431E+02
    0.000000000000E+00
    1.676125708295E+02
    0.000000000000E+00
    1.677958040159E+02
    0.000000000000E+00
    1.679791373025E+02
    0.000000000000E+00
    1.681625706891E+02
    0.000000000000E+00
    1.683461041758E+02
    0.000000000000E+00
    1.685297377625E+02
    0.000000000000E+00
    1.687134714494E+02
    0.000000000000E+00
    1.688973052363E+02
    0.000000000000E+00
    1.690812391233E+02
    0.000000000000E+00
    1.692652731103E+02
    0.000000000000E+00
    1.694494071974E+02
    0.000000000000E+00
    1.696336413847E+02
    0.000000000000E+00
    1.698179756719E+02
    0.000000000000E+00
    1.700024100593E+02
    0.000000000000E+00
    1.701869445467E+02
    0.000000000000E+00
    1.703715791342E+02
    0.000000000000E+00
    1.705563138218E+02
    0.000000000000E+00
    1.707411486095E+02
    0.000000000000E+00
    1.709260834972E+02
    0.000000000000E+00
    1.711111184850E+02
    0.000000000000E+00
    1.712962535729E+02
    0.000000000000E+00
    1.714814887608E+02
    0.000000000000E+00
    1.716668240489E+02
    0.000000000000E+00
    1.718522594370E+02
    0.000000000000E+00
    1.720377949251E+02
    0.000000000000E+00
    1.722234305134E+02
    0.000000000000E+00
    1.724091662017E+02
    0.000000000000E+00
    1.725950019901E+02
    0.000000000000E+00
    1.727809378786E+02
    0.000000000000E+00
    1.729669738672E+02
    0.000000000000E+00
    1.731531099558E+02
    0.000000000000E+00
    1.733393461445E+02
    0.000000000000E+00
    1.735256824333E+02
    0.000000000000E+00
    1.737121188221E+02
    0.000000000000E+00
    1.738986553110E+02
    0.000000000000E+00
    1.740852919000E+02
    0.000000000000E+00
    1.742720285891E+02
    0.000000000000E+00
    1.744588653782E+02
    0.000000000000E+00
    1.746458022675E+02
    0.000000000000E+00
    1.748328392568E+02
    0.000000000000E+00
    1.750199763461E+02
    0.000000000000E+00
    1.752072135356E+02
    0.000000000000E+00
    1.753945508251E+02
    0.000000000000E+00
    1.755819882147E+02
    0.000000000000E+00
    1.757695257044E+02
    0.000000000000E+00
    1.759571632941E+02
    0.000000000000E+00
    1.761449009839E+02
    0.000000000000E+00
    1.763327387738E+02
    0.000000000000E+00
    1.765206766638E+02
    0.000000000000E+00
    1.767087146538E+02
    0.000000000000E+00
    1.768968527439E+02
    0.000000000000E+00
    1.770850909341E+02
    0.000000000000E+00
    1.772734292244E+02
    0.000000000000E+00
    1.774618676147E+02
    0.000000000000E+00
    1.776504061051E+02
    0.000000000000E+00
    1.778390446956E+02
    0.000000000000E+00
    1.780277833862E+02
    0.000000000000E+00
    1.782166221768E+02
    0.000000000000E+00
    1.784055610675E+02
    0.000000000000E+00
    1.785946000583E+02
    0.000000000000E+00
    1.787837391492E+02
    0.000000000000E+00
    1.789729783401E+02
    0.000000000000E+00
    1.791623176311E+02
    0.000000000000E+00
    1.793517570222E+02
    0.000000000000E+00
    1.795412965134E+02
    0.000000000000E+00
    1.797309361046E+02
    0.000000000000E+00
    1.799206757959E+02
    0.000000000000E+00
    1.801105155873E+02
    0.000000000000E+00
    1.803004554788E+02
    0.000000000000E+00
    1.804904954703E+02
    0.000000000000E+00
    1.806806355619E+02
    0.000000000000E+00
    1.808708757536E+02
    0.000000000000E+00
    1.810612160453E+02
    0.000000000000E+00
    1.812516564372E+02
    0.000000000000E+00
    1.814421969291E+02
    0.000000000000E+00
    1.816328375211E+02
    0.000000000000E+00
    1.818235782131E+02
    0.000000000000E+00
    1.820144190052E+02
    0.000000000000E+00
    1.822053598974E+02
    0.000000000000E+00
    1.823964008897E+02
    0.000000000000E+00
    1.825875419821E+02
    0.000000000000E+00
    1.827787831745E+02
    0.000000000000E+00
    1.829701244670E+02
    0.000000000000E+00
    1.831615658596E+02
    0.000000000000E+00
    1.833531073522E+02
    0.000000000000E+00
    1.835447489450E+02
    0.000000000000E+00
    1.837364906378E+02
    0.000000000000E+00
    1.839283324306E+02
    0.000000000000E+00
    1.841202743236E+02
    0.000000000000E+00
    1.843123163166E+02
    0.000000000000E+00
    1.845044584097E+02
    0.000000000000E+00
    1.846967006029E+02
    0.000000000000E+00
    1.848890428961E+02
    0.000000000000E+00
    1.850814852894E+02
    0.000000000000E+00
    1.852740277828E+02
    0.000000000000E+00
    1.854666703763E+02
    0.000000000000E+00
    1.856594130698E+02
    0.000000000000E+00
    1.858522558635E+02
    0.000000000000E+00
    1.860451987572E+02
    0.000000000000E+00
    1.862382417509E+02
    0.000000000000E+00
    1.864313848448E+02
    0.000000000000E+00
    1.866246280387E+02
    0.000000000000E+00
    1.868179713327E+02
    0.000000000000E+00
    1.870114147268E+02
    0.000000000000E+00
    1.872049582209E+02
    0.000000000000E+00
    1.873986018151E+02
    0.000000000000E+00
    1.875923455094E+02
    0.000000000000E+00
    1.877861893038E+02
    0.000000000000E+00
    1.879801331982E+02
    0.000000000000E+00
    1.881741771927E+02
    0.000000000000E+00
    1.883683212873E+02
    0.000000000000E+00
    1.885625654820E+02
    0.000000000000E+00
    1.887569097767E+02
    0.000000000000E+00
    1.889513541715E+02
    0.000000000000E+00
    1.891458986664E+02
    0.000000000000E+00
    1.893405432614E+02
    0.000000000000E+00
    1.895352879564E+02
    0.000000000000E+00
    1.897301327515E+02
    0.000000000000E+00
    1.899250776467E+02
    0.000000000000E+00
    1.901201226420E+02
    0.000000000000E+00
    1.903152677373E+02
    0.000000000000E+00
    1.905105129327E+02
    0.000000000000E+00
    1.907058582282E+02
    0.000000000000E+00
    1.909013036237E+02
    0.000000000000E+00
    1.910968491194E+02
    0.000000000000E+00
    1.912924947151E+02
    0.000000000000E+00
    1.914882404109E+02
    0.000000000000E+00
    1.916840862067E+02
    0.000000000000E+00
    1.918800321027E+02
    0.000000000000E+00
    1.920760780987E+02
    0.000000000000E+00
    1.922722241947E+02
    0.000000000000E+00
    1.924684703909E+02
    0.000000000000E+00
    1.926648166871E+02
    0.000000000000E+00
    1.928612630834E+02
    0.000000000000E+00
    1.930578095798E+02
    0.000000000000E+00
    1.932544561763E+02
    0.000000000000E+00
    1.934512028728E+02
    0.000000000000E+00
    1.936480496694E+02
    0.000000000000E+00
    1.938449965661E+02
    0.000000000000E+00
    1.940420435628E+02
    0.000000000000E+00
    1.942391906596E+02
    0.000000000000E+00
    1.944364378565E+02
    0.000000000000E+00
    1.946337851535E+02
    0.000000000000E+00
    1.948312325506E+02
    0.000000000000E+00
    1.950287800477E+02
    0.000000000000E+00
    1.952264276449E+02
    0.000000000000E+00
    1.954241753422E+02
    0.000000000000E+00
    1.956220231395E+02
    0.000000000000E+00
    1.958199710369E+02
    0.000000000000E+00
    1.960180190344E+02
    0.000000000000E+00
    1.962161671320E+02
    0.000000000000E+00
    1.964144153296E+02
    0.000000000000E+00
    1.966127636274E+02
    0.000000000000E+00
    1.968112120252E+02
    0.000000000000E+00
    1.970097605230E+02
    0.000000000000E+00
    1.972084091210E+02
    0.000000000000E+00
    1.974071578190E+02
    0.000000000000E+00
    1.976060066171E+02
    0.000000000000E+00
    1.978049555152E+02
    0.000000000000E+00
    1.980040045135E+02
    0.000000000000E+00
    1.982031536118E+02
    0.000000000000E+00
    1.984024028102E+02
    0.000000000000E+00
    1.986017521087E+02
    0.000000000000E+00
    1.988012015072E+02
    0.000000000000E+00
    1.990007510058E+02
    0.000000000000E+00
    1.992004006045E+02
    0.000000000000E+00
    1.994001503033E+02
    0.000000000000E+00
    1.996000001021E+02
    0.000000000000E+00
    1.997999500010E+02
    0.000000000000E+00
    2.000000000000E+02
    0.000000000000E+00
