    1.000000000000E-06
    1.739228986295E+03
    5.105003727477E-05
    6.744179859695E-01
    2.012001490991E-04
    5.000381319114E-02
    4.514503354729E-04
    1.557235747903E-02
    8.018005963962E-04
    9.744422905651E-03
    1.252250931869E-03
    8.149445141140E-03
    1.802801341892E-03
    7.577309601812E-03
    2.453451826464E-03
    7.333425825586E-03
    3.204202385585E-03
    7.216632031319E-03
    4.055053019256E-03
    7.156149977733E-03
    5.006003727477E-03
    7.123328689223E-03
    6.057054510247E-03
    7.105270797169E-03
    7.208205367566E-03
    7.095665408599E-03
    8.459456299435E-03
    7.091209377523E-03
    9.810807305854E-03
    7.090075089853E-03
    1.126225838682E-02
    7.091203119163E-03
    1.281380954234E-02
    7.093954530998E-03
    1.446546077241E-02
    7.097930654081E-03
    1.621721207702E-02
    7.102875297553E-03
    1.806906345619E-02
    7.108619556573E-03
    2.002101490991E-02
    7.115049559569E-03
    2.207306643817E-02
    7.122087032171E-03
    2.422521804099E-02
    7.129677261339E-03
    2.647746971835E-02
    7.137781456858E-03
    2.882982147026E-02
    7.146371795157E-03
    3.128227329673E-02
    7.155428139016E-03
    3.383482519774E-02
    7.164935825691E-03
    3.648747717330E-02
    7.174884151218E-03
    3.924022922342E-02
    7.185265314813E-03
    4.209308134808E-02
    7.196073674225E-03
    4.504603354729E-02
    7.207305212770E-03
    4.809908582105E-02
    7.218957153607E-03
    5.125223816936E-02
    7.231027677294E-03
    5.450549059222E-02
    7.243515712800E-03
    5.785884308963E-02
    7.256420781400E-03
    6.131229566159E-02
    7.269742878871E-03
    6.486584830810E-02
    7.283482385991E-03
    6.851950102915E-02
    7.297639999757E-03
    7.227325382476E-02
    7.312216680371E-03
    7.612710669492E-02
    7.327213609875E-03
    8.008105963962E-02
    7.342632159752E-03
    8.413511265888E-02
    7.358473865376E-03
    8.828926575269E-02
    7.374740405680E-03
    9.254351892104E-02
    7.391433586955E-03
    9.689787216395E-02
    7.408555329773E-03
    1.013523254814E-01
    7.426107658467E-03
    1.059068788734E-01
    7.444092692526E-03
    1.105615323400E-01
    7.462512639592E-03
    1.153162858811E-01
    7.481369789664E-03
    1.201711394967E-01
    7.500666510328E-03
    1.251260931869E-01
    7.520405242753E-03
    1.301811469517E-01
    7.540588498349E-03
    1.353363007910E-01
    7.561218855949E-03
    1.405915547048E-01
    7.582298959375E-03
    1.459469086932E-01
    7.603831515384E-03
    1.514023627562E-01
    7.625819291859E-03
    1.569579168937E-01
    7.648265116242E-03
    1.626135711057E-01
    7.671171874134E-03
    1.683693253923E-01
    7.694542508035E-03
    1.742251797535E-01
    7.718380016215E-03
    1.801811341892E-01
    7.742687451665E-03
    1.862371886994E-01
    7.767467921114E-03
    1.923933432842E-01
    7.792724584114E-03
    1.986495979435E-01
    7.818460652145E-03
    2.050059526774E-01
    7.844679387765E-03
    2.114624074859E-01
    7.871384103761E-03
    2.180189623689E-01
    7.898578162315E-03
    2.246756173264E-01
    7.926264974167E-03
    2.314323723585E-01
    7.954447997769E-03
    2.382892274652E-01
    7.983130738420E-03
    2.452461826464E-01
    8.012316747386E-03
    2.523032379021E-01
    8.042009620993E-03
    2.594603932324E-01
    8.072212999686E-03
    2.667176486372E-01
    8.102930567053E-03
    2.740750041166E-01
    8.134166048815E-03
    2.815324596706E-01
    8.165923211763E-03
    2.890900152990E-01
    8.198205862654E-03
    2.967476710021E-01
    8.231017847055E-03
    3.045054267797E-01
    8.264363048130E-03
    3.123632826318E-01
    8.298245385368E-03
    3.203212385585E-01
    8.332668813252E-03
    3.283792945597E-01
    8.367637319861E-03
    3.365374506355E-01
    8.403154925398E-03
    3.447957067859E-01
    8.439225680654E-03
    3.531540630107E-01
    8.475853665390E-03
    3.616125193102E-01
    8.513042986637E-03
    3.701710756842E-01
    8.550797776921E-03
    3.788297321327E-01
    8.589122192392E-03
    3.875884886558E-01
    8.628020410868E-03
    3.964473452534E-01
    8.667496629778E-03
    4.054063019256E-01
    8.707555064017E-03
    4.144653586723E-01
    8.748199943683E-03
    4.236245154936E-01
    8.789435511726E-03
    4.328837723894E-01
    8.831266021466E-03
    4.422431293598E-01
    8.873695734017E-03
    4.517025864048E-01
    8.916728915572E-03
    4.612621435242E-01
    8.960369834580E-03
    4.709218007183E-01
    9.004622758786E-03
    4.806815579868E-01
    9.049491952142E-03
    4.905414153300E-01
    9.094981671578E-03
    5.005013727477E-01
    9.141096163633E-03
    5.105614302399E-01
    9.187839660942E-03
    5.207215878067E-01
    9.235216378562E-03
    5.309818454480E-01
    9.283230510150E-03
    5.413422031639E-01
    9.331886223976E-03
    5.518026609543E-01
    9.381187658767E-03
    5.623632188193E-01
    9.431138919379E-03
    5.730238767588E-01
    9.481744072294E-03
    5.837846347729E-01
    9.533007140926E-03
    5.946454928615E-01
    9.584932100748E-03
    6.056064510247E-01
    9.637522874214E-03
    6.166675092624E-01
    9.690783325490E-03
    6.278286675747E-01
    9.744717254967E-03
    6.390899259615E-01
    9.799328393575E-03
    6.504512844229E-01
    9.854620396867E-03
    6.619127429588E-01
    9.910596838884E-03
    6.734743015692E-01
    9.967261205795E-03
    6.851359602543E-01
    1.002461688929E-02
    6.968977190138E-01
    1.008266717972E-02
    7.087595778480E-01
    1.014141525906E-02
    7.207215367566E-01
    1.020086419348E-02
    7.327835957398E-01
    1.026101692580E-02
    7.449457547976E-01
    1.032187626759E-02
    7.572080139299E-01
    1.038344489104E-02
    7.695703731368E-01
    1.044572532049E-02
    7.820328324182E-01
    1.050871992377E-02
    7.945953917742E-01
    1.057243090319E-02
    8.072580512047E-01
    1.063686028620E-02
    8.200208107098E-01
    1.070200991584E-02
    8.328836702894E-01
    1.076788144081E-02
    8.458466299435E-01
    1.083447630525E-02
    8.589096896722E-01
    1.090179573822E-02
    8.720728494755E-01
    1.096984074282E-02
    8.853361093533E-01
    1.103861208503E-02
    8.986994693057E-01
    1.110811028216E-02
    9.121629293326E-01
    1.117833559103E-02
    9.257264894341E-01
    1.124928799577E-02
    9.393901496101E-01
    1.132096719528E-02
    9.531539098606E-01
    1.139337259035E-02
    9.670177701857E-01
    1.146650327047E-02
    9.809817305854E-01
    1.154035800019E-02
    9.950457910596E-01
    1.161493520529E-02
    1.009209951608E+00
    1.169023295841E-02
    1.023474212232E+00
    1.176624896450E-02
    1.037838572930E+00
    1.184298054579E-02
    1.052303033702E+00
    1.192042462651E-02
    1.066867594549E+00
    1.199857771719E-02
    1.081532255470E+00
    1.207743589864E-02
    1.096297016466E+00
    1.215699480562E-02
    1.111161877537E+00
    1.223724961012E-02
    1.126126838682E+00
    1.231819500436E-02
    1.141191899902E+00
    1.239982518343E-02
    1.156357061196E+00
    1.248213382766E-02
    1.171622322565E+00
    1.256511408461E-02
    1.186987684008E+00
    1.264875855086E-02
    1.202453145526E+00
    1.273305925342E-02
    1.218018707119E+00
    1.281800763096E-02
    1.233684368786E+00
    1.290359451475E-02
    1.249450130527E+00
    1.298981010930E-02
    1.265315992343E+00
    1.307664397289E-02
    1.281281954234E+00
    1.316408499784E-02
    1.297348016199E+00
    1.325212139059E-02
    1.313514178239E+00
    1.334074065164E-02
    1.329780440353E+00
    1.342992955537E-02
    1.346146802542E+00
    1.351967412978E-02
    1.362613264805E+00
    1.360995963608E-02
    1.379179827143E+00
    1.370077054831E-02
    1.395846489556E+00
    1.379209053292E-02
    1.412613252043E+00
    1.388390242841E-02
    1.429480114605E+00
    1.397618822499E-02
    1.446447077241E+00
    1.406892904440E-02
    1.463514139951E+00
    1.416210511982E-02
    1.480681302737E+00
    1.425569577608E-02
    1.497948565596E+00
    1.434967940999E-02
    1.515315928531E+00
    1.444403347107E-02
    1.532783391540E+00
    1.453873444260E-02
    1.550350954623E+00
    1.463375782306E-02
    1.568018617781E+00
    1.472907810806E-02
    1.585786381014E+00
    1.482466877282E-02
    1.603654244321E+00
    1.492050225518E-02
    1.621622207702E+00
    1.501654993939E-02
    1.639690271159E+00
    1.511278214051E-02
    1.657858434689E+00
    1.520916808969E-02
    1.676126698295E+00
    1.530567592035E-02
    1.694495061974E+00
    1.540227265526E-02
    1.712963525729E+00
    1.549892419472E-02
    1.731532089558E+00
    1.559559530584E-02
    1.750200753461E+00
    1.569224961304E-02
    1.768969517439E+00
    1.578884958987E-02
    1.787838381492E+00
    1.588535655219E-02
    1.806807345619E+00
    1.598173065288E-02
    1.825876409821E+00
    1.607793087804E-02
    1.845045574097E+00
    1.617391504500E-02
    1.864314838448E+00
    1.626963980194E-02
    1.883684202873E+00
    1.636506062953E-02
    1.903153667373E+00
    1.646013184443E-02
    1.922723231947E+00
    1.655480660486E-02
    1.942392896596E+00
    1.664903691841E-02
    1.962162661320E+00
    1.674277365202E-02
    1.982032526118E+00
    1.683596654437E-02
    2.002002490991E+00
    1.692856422068E-02
    2.022072555938E+00
    1.702051421014E-02
    2.042242720960E+00
    1.711176296585E-02
    2.062512986056E+00
    1.720225588764E-02
    2.082883351227E+00
    1.729193734759E-02
    2.103353816472E+00
    1.738075071852E-02
    2.123924381792E+00
    1.746863840542E-02
    2.144595047186E+00
    1.755554187999E-02
    2.165365812655E+00
    1.764140171823E-02
    2.186236678199E+00
    1.772615764132E-02
    2.207207643817E+00
    1.780974855963E-02
    2.228278709510E+00
    1.789211262015E-02
    2.249449875277E+00
    1.797318725715E-02
    2.270721141119E+00
    1.805290924632E-02
    2.292092507035E+00
    1.813121476222E-02
    2.313563973026E+00
    1.820803943920E-02
    2.335135539091E+00
    1.828331843570E-02
    2.356807205231E+00
    1.835698650202E-02
    2.378578971446E+00
    1.842897805145E-02
    2.400450837735E+00
    1.849922723472E-02
    2.422422804099E+00
    1.856766801789E-02
    2.444494870537E+00
    1.863423426341E-02
    2.466667037050E+00
    1.869885981440E-02
    2.488939303637E+00
    1.876147858209E-02
    2.511311670299E+00
    1.882202463617E-02
    2.533784137035E+00
    1.888043229819E-02
    2.556356703846E+00
    1.893663623758E-02
    2.579029370731E+00
    1.899057157042E-02
    2.601802137691E+00
    1.904217396057E-02
    2.624675004726E+00
    1.909137972318E-02
    2.647647971835E+00
    1.913812593024E-02
    2.670721039019E+00
    1.918235051804E-02
    2.693894206277E+00
    1.922399239626E-02
    2.717167473610E+00
    1.926299155858E-02
    2.740540841017E+00
    1.929928919431E-02
    2.764014308499E+00
    1.933282780105E-02
    2.787587876055E+00
    1.936355129794E-02
    2.811261543686E+00
    1.939140513916E-02
    2.835035311392E+00
    1.941633642754E-02
    2.858909179172E+00
    1.943829402781E-02
    2.882883147026E+00
    1.945722867922E-02
    2.906957214956E+00
    1.947309310717E-02
    2.931131382959E+00
    1.948584213357E-02
    2.955405651038E+00
    1.949543278541E-02
    2.979780019190E+00
    1.950182440142E-02
    3.004254487418E+00
    1.950497873618E-02
    3.028829055720E+00
    1.950486006160E-02
    3.053503724096E+00
    1.950143526510E-02
    3.078278492547E+00
    1.949467394439E-02
    3.103153361073E+00
    1.948454849837E-02
    3.128128329673E+00
    1.947103421366E-02
    3.153203398347E+00
    1.945410934675E-02
    3.178378567097E+00
    1.943375520099E-02
    3.203653835920E+00
    1.940995619848E-02
    3.229029204819E+00
    1.938269994625E-02
    3.254504673792E+00
    1.935197729660E-02
    3.280080242839E+00
    1.931778240120E-02
    3.305755911961E+00
    1.928011275874E-02
    3.331531681157E+00
    1.923896925585E-02
    3.357407550429E+00
    1.919435620101E-02
    3.383383519774E+00
    1.914628135135E-02
    3.409459589194E+00
    1.909475593203E-02
    3.435635758689E+00
    1.903979464814E-02
    3.461912028258E+00
    1.898141568888E-02
    3.488288397902E+00
    1.891964072405E-02
    3.514764867620E+00
    1.885449489259E-02
    3.541341437413E+00
    1.878600678338E-02
    3.568018107281E+00
    1.871420840794E-02
    3.594794877223E+00
    1.863913516544E-02
    3.621671747239E+00
    1.856082579967E-02
    3.648648717330E+00
    1.847932234840E-02
    3.675725787496E+00
    1.839467008499E-02
    3.702902957736E+00
    1.830691745249E-02
    3.730180228051E+00
    1.821611599039E-02
    3.757557598440E+00
    1.812232025426E-02
    3.785035068904E+00
    1.802558772844E-02
    3.812612639443E+00
    1.792597873203E-02
    3.840290310055E+00
    1.782355631859E-02
    3.868068080743E+00
    1.771838616971E-02
    3.895945951505E+00
    1.761053648285E-02
    3.923923922342E+00
    1.750007785385E-02
    3.952001993253E+00
    1.738708315438E-02
    3.980180164238E+00
    1.727162740487E-02
    4.008458435299E+00
    1.715378764315E-02
    4.036836806433E+00
    1.703364278940E-02
    4.065315277643E+00
    1.691127350777E-02
    4.093893848927E+00
    1.678676206509E-02
    4.122572520285E+00
    1.666019218717E-02
    4.151351291718E+00
    1.653164891315E-02
    4.180230163226E+00
    1.640121844836E-02
    4.209209134808E+00
    1.626898801615E-02
    4.238288206464E+00
    1.613504570910E-02
    4.267467378196E+00
    1.599948034019E-02
    4.296746650001E+00
    1.586238129431E-02
    4.326126021882E+00
    1.572383838045E-02
    4.355605493836E+00
    1.558394168525E-02
    4.385185065866E+00
    1.544278142813E-02
    4.414864737970E+00
    1.530044781843E-02
    4.444644510148E+00
    1.515703091503E-02
    4.474524382401E+00
    1.501262048882E-02
    4.504504354729E+00
    1.486730588822E-02
    4.534584427131E+00
    1.472117590836E-02
    4.564764599608E+00
    1.457431866392E-02
    4.595044872159E+00
    1.442682146620E-02
    4.625425244785E+00
    1.427877070447E-02
    4.655905717485E+00
    1.413025173203E-02
    4.686486290260E+00
    1.398134875705E-02
    4.717166963109E+00
    1.383214473844E-02
    4.747947736033E+00
    1.368272128701E-02
    4.778828609032E+00
    1.353315857187E-02
    4.809809582105E+00
    1.338353523242E-02
    4.840890655253E+00
    1.323392829583E-02
    4.872071828475E+00
    1.308441310025E-02
    4.903353101771E+00
    1.293506322364E-02
    4.934734475143E+00
    1.278595041840E-02
    4.966215948589E+00
    1.263714455173E-02
    4.997797522109E+00
    1.248871355163E-02
    5.029479195704E+00
    1.234072335874E-02
    5.061260969373E+00
    1.219323788363E-02
    5.093142843117E+00
    1.204631896981E-02
    5.125124816936E+00
    1.190002636212E-02
    5.157206890829E+00
    1.175441768050E-02
    5.189389064797E+00
    1.160954839899E-02
    5.221671338839E+00
    1.146547182988E-02
    5.254053712956E+00
    1.132223911276E-02
    5.286536187147E+00
    1.117989920841E-02
    5.319118761413E+00
    1.103849889731E-02
    5.351801435753E+00
    1.089808278259E-02
    5.384584210168E+00
    1.075869329726E-02
    5.417467084658E+00
    1.062037071550E-02
    5.450450059222E+00
    1.048315316787E-02
    5.483533133861E+00
    1.034707666013E-02
    5.516716308574E+00
    1.021217509559E-02
    5.549999583361E+00
    1.007848030068E-02
    5.583382958224E+00
    9.946022053632E-03
    5.616866433161E+00
    9.814828115924E-03
    5.650450008172E+00
    9.684924266469E-03
    5.684133683258E+00
    9.556334338168E-03
    5.717917458418E+00
    9.429080256706E-03
    5.751801333653E+00
    9.303182081404E-03
    5.785785308963E+00
    9.178658047873E-03
    5.819869384347E+00
    9.055524612340E-03
    5.854053559806E+00
    8.933796497399E-03
    5.888337835339E+00
    8.813486739052E-03
    5.922722210947E+00
    8.694606734831E-03
    5.957206686629E+00
    8.577166292846E-03
    5.991791262386E+00
    8.461173681595E-03
    6.026475938217E+00
    8.346635680357E-03
    6.061260714123E+00
    8.233557630054E-03
    6.096145590104E+00
    8.121943484390E-03
    6.131130566159E+00
    8.011795861184E-03
    6.166215642288E+00
    7.903116093712E-03
    6.201400818493E+00
    7.795904281976E-03
    6.236686094771E+00
    7.690159343770E-03
    6.272071471125E+00
    7.585879065425E-03
    6.307556947552E+00
    7.483060152151E-03
    6.343142524055E+00
    7.381698277869E-03
    6.378828200632E+00
    7.281788134445E-03
    6.414613977283E+00
    7.183323480255E-03
    6.450499854009E+00
    7.086297187999E-03
    6.486485830810E+00
    6.990701291704E-03
    6.522571907685E+00
    6.896527032845E-03
    6.558758084634E+00
    6.803764905541E-03
    6.595044361659E+00
    6.712404700767E-03
    6.631430738757E+00
    6.622435549557E-03
    6.667917215931E+00
    6.533845965124E-03
    6.704503793178E+00
    6.446623883915E-03
    6.741190470501E+00
    6.360756705521E-03
    6.777977247898E+00
    6.276231331472E-03
    6.814864125369E+00
    6.193034202842E-03
    6.851851102915E+00
    6.111151336711E-03
    6.888938180536E+00
    6.030568361419E-03
    6.926125358231E+00
    5.951270550635E-03
    6.963412636001E+00
    5.873242856253E-03
    7.000800013845E+00
    5.796469940067E-03
    7.038287491764E+00
    5.720936204275E-03
    7.075875069757E+00
    5.646625820796E-03
    7.113562747825E+00
    5.573522759424E-03
    7.151350525968E+00
    5.501610814799E-03
    7.189238404185E+00
    5.430873632257E-03
    7.227226382476E+00
    5.361294732527E-03
    7.265314460842E+00
    5.292857535325E-03
    7.303502639283E+00
    5.225545381853E-03
    7.341790917798E+00
    5.159341556217E-03
    7.380179296388E+00
    5.094229305795E-03
    7.418667775052E+00
    5.030191860578E-03
    7.457256353791E+00
    4.967212451504E-03
    7.495945032604E+00
    4.905274327808E-03
    7.534733811492E+00
    4.844360773421E-03
    7.573622690455E+00
    4.784455122436E-03
    7.612611669492E+00
    4.725540773672E-03
    7.651700748603E+00
    4.667601204365E-03
    7.690889927790E+00
    4.610619982999E-03
    7.730179207050E+00
    4.554580781340E-03
    7.769568586385E+00
    4.499467385642E-03
    7.809058065795E+00
    4.445263707123E-03
    7.848647645280E+00
    4.391953791659E-03
    7.888337324839E+00
    4.339521828816E-03
    7.928127104472E+00
    4.287952160148E-03
    7.968016984180E+00
    4.237229286865E-03
    8.008006963962E+00
    4.187337876865E-03
    8.048097043820E+00
    4.138262771153E-03
    8.088287223751E+00
    4.089988989678E-03
    8.128577503757E+00
    4.042501736622E-03
    8.168967883838E+00
    3.995786405152E-03
    8.209458363993E+00
    3.949828581659E-03
    8.250048944223E+00
    3.904614049532E-03
    8.290739624528E+00
    3.860128792444E-03
    8.331530404907E+00
    3.816358997228E-03
    8.372421285360E+00
    3.773291056309E-03
    8.413412265888E+00
    3.730911569768E-03
    8.454503346491E+00
    3.689207347006E-03
    8.495694527168E+00
    3.648165408068E-03
    8.536985807919E+00
    3.607772984632E-03
    8.578377188746E+00
    3.568017520669E-03
    8.619868669646E+00
    3.528886672819E-03
    8.661460250622E+00
    3.490368310481E-03
    8.703151931672E+00
    3.452450515628E-03
    8.744943712796E+00
    3.415121582397E-03
    8.786835593995E+00
    3.378370016421E-03
    8.828827575269E+00
    3.342184533964E-03
    8.870919656617E+00
    3.306554060846E-03
    8.913111838039E+00
    3.271467731174E-03
    8.955404119537E+00
    3.236914885907E-03
    8.997796501108E+00
    3.202885071256E-03
    9.040288982755E+00
    3.169368036929E-03
    9.082881564475E+00
    3.136353734244E-03
    9.125574246271E+00
    3.103832314106E-03
    9.168367028141E+00
    3.071794124889E-03
    9.211259910085E+00
    3.040229710165E-03
    9.254252892104E+00
    3.009129806406E-03
    9.297345974198E+00
    2.978485340526E-03
    9.340539156366E+00
    2.948287427406E-03
    9.383832438609E+00
    2.918527367296E-03
    9.427225820926E+00
    2.889196643197E-03
    9.470719303317E+00
    2.860286918166E-03
    9.514312885784E+00
    2.831790032573E-03
    9.558006568325E+00
    2.803698001335E-03
    9.601800350940E+00
    2.776003011087E-03
    9.645694233630E+00
    2.748697417357E-03
    9.689688216395E+00
    2.721773741685E-03
    9.733782299234E+00
    2.695224668755E-03
    9.777976482147E+00
    2.669043043490E-03
    9.822270765135E+00
    2.643221868160E-03
    9.866665148198E+00
    2.617754299466E-03
    9.911159631335E+00
    2.592633645644E-03
    9.955754214547E+00
    2.567853363556E-03
    1.000044889783E+01
    2.543407055804E-03
    1.004524368119E+01
    2.519288467849E-03
    1.009013856463E+01
    2.495491485146E-03
    1.013513354814E+01
    2.472010130289E-03
    1.018022863172E+01
    2.448838560193E-03
    1.022542381538E+01
    2.425971063282E-03
    1.027071909912E+01
    2.403402056708E-03
    1.031611448293E+01
    2.381126083610E-03
    1.036160996681E+01
    2.359137810367E-03
    1.040720555077E+01
    2.337432023936E-03
    1.045290123480E+01
    2.316003629159E-03
    1.049869701890E+01
    2.294847646157E-03
    1.054459290308E+01
    2.273959207737E-03
    1.059058888734E+01
    2.253333556820E-03
    1.063668497167E+01
    2.232966043951E-03
    1.068288115608E+01
    2.212852124787E-03
    1.072917744055E+01
    2.192987357677E-03
    1.077557382511E+01
    2.173367401260E-03
    1.082207030974E+01
    2.153988012089E-03
    1.086866689444E+01
    2.134845042322E-03
    1.091536357922E+01
    2.115934437452E-03
    1.096216036407E+01
    2.097252234039E-03
    1.100905724899E+01
    2.078794557544E-03
    1.105605423400E+01
    2.060557620152E-03
    1.110315131907E+01
    2.042537718683E-03
    1.115034850422E+01
    2.024731232499E-03
    1.119764578945E+01
    2.007134621477E-03
    1.124504317475E+01
    1.989744424039E-03
    1.129254066012E+01
    1.972557255188E-03
    1.134013824557E+01
    1.955569804608E-03
    1.138783593109E+01
    1.938778834804E-03
    1.143563371669E+01
    1.922181179280E-03
    1.148353160236E+01
    1.905773740745E-03
    1.153152958811E+01
    1.889553489394E-03
    1.157962767393E+01
    1.873517461174E-03
    1.162782585982E+01
    1.857662756145E-03
    1.167612414579E+01
    1.841986536853E-03
    1.172452253184E+01
    1.826486026729E-03
    1.177302101796E+01
    1.811158508554E-03
    1.182161960415E+01
    1.796001322944E-03
    1.187031829042E+01
    1.781011866877E-03
    1.191911707676E+01
    1.766187592240E-03
    1.196801596318E+01
    1.751526004457E-03
    1.201701494967E+01
    1.737024661082E-03
    1.206611403624E+01
    1.722681170506E-03
    1.211531322288E+01
    1.708493190626E-03
    1.216461250959E+01
    1.694458427588E-03
    1.221401189638E+01
    1.680574634565E-03
    1.226351138325E+01
    1.666839610543E-03
    1.231311097019E+01
    1.653251199138E-03
    1.236281065720E+01
    1.639807287484E-03
    1.241261044429E+01
    1.626505805113E-03
    1.246251033145E+01
    1.613344722854E-03
    1.251251031869E+01
    1.600322051819E-03
    1.256261040600E+01
    1.587435842345E-03
    1.261281059339E+01
    1.574684183013E-03
    1.266311088085E+01
    1.562065199689E-03
    1.271351126839E+01
    1.549577054557E-03
    1.276401175600E+01
    1.537217945224E-03
    1.281461234368E+01
    1.524986103819E-03
    1.286531303144E+01
    1.512879796123E-03
    1.291611381928E+01
    1.500897320734E-03
    1.296701470718E+01
    1.489037008244E-03
    1.301801569517E+01
    1.477297220430E-03
    1.306911678322E+01
    1.465676349508E-03
    1.312031797136E+01
    1.454172817349E-03
    1.317161925956E+01
    1.442785074754E-03
    1.322302064784E+01
    1.431511600763E-03
    1.327452213620E+01
    1.420350901934E-03
    1.332612372463E+01
    1.409301511697E-03
    1.337782541313E+01
    1.398361989682E-03
    1.342962720171E+01
    1.387530921093E-03
    1.348152909037E+01
    1.376806916086E-03
    1.353353107910E+01
    1.366188609179E-03
    1.358563316790E+01
    1.355674658667E-03
    1.363783535678E+01
    1.345263746038E-03
    1.369013764573E+01
    1.334954575451E-03
    1.374254003476E+01
    1.324745873189E-03
    1.379504252386E+01
    1.314636387143E-03
    1.384764511303E+01
    1.304624886297E-03
    1.390034780228E+01
    1.294710160257E-03
    1.395315059161E+01
    1.284891018764E-03
    1.400605348101E+01
    1.275166291214E-03
    1.405905647048E+01
    1.265534826265E-03
    1.411215956003E+01
    1.255995491324E-03
    1.416536274965E+01
    1.246547172190E-03
    1.421866603935E+01
    1.237188772604E-03
    1.427206942912E+01
    1.227919213861E-03
    1.432557291897E+01
    1.218737434411E-03
    1.437917650889E+01
    1.209642389492E-03
    1.443288019889E+01
    1.200633050773E-03
    1.448668398896E+01
    1.191708405955E-03
    1.454058787910E+01
    1.182867458481E-03
    1.459459186932E+01
    1.174109227143E-03
    1.464869595962E+01
    1.165432745796E-03
    1.470290014998E+01
    1.156837063017E-03
    1.475720444043E+01
    1.148321241804E-03
    1.481160883094E+01
    1.139884359262E-03
    1.486611332154E+01
    1.131525506331E-03
    1.492071791220E+01
    1.123243787472E-03
    1.497542260295E+01
    1.115038320423E-03
    1.503022739376E+01
    1.106908235896E-03
    1.508513228465E+01
    1.098852677346E-03
    1.514013727562E+01
    1.090870800685E-03
    1.519524236666E+01
    1.082961774060E-03
    1.525044755777E+01
    1.075124777588E-03
    1.530575284896E+01
    1.067359003144E-03
    1.536115824022E+01
    1.059663654104E-03
    1.541666373156E+01
    1.052037945154E-03
    1.547226932297E+01
    1.044481102038E-03
    1.552797501446E+01
    1.036992361384E-03
    1.558378080602E+01
    1.029570970465E-03
    1.563968669766E+01
    1.022216187008E-03
    1.569569268937E+01
    1.014927279024E-03
    1.575179878115E+01
    1.007703524557E-03
    1.580800497301E+01
    1.000544211574E-03
    1.586431126495E+01
    9.934486377320E-04
    1.592071765695E+01
    9.864161102108E-04
    1.597722414904E+01
    9.794459455527E-04
    1.603383074119E+01
    9.725374694852E-04
    1.609053743343E+01
    9.656900167662E-04
    1.614734422573E+01
    9.589029310110E-04
    1.620425111812E+01
    9.521755645416E-04
    1.626125811057E+01
    9.455072782507E-04
    1.631836520310E+01
    9.388974414291E-04
    1.637557239571E+01
    9.323454316457E-04
    1.643287968839E+01
    9.258506345650E-04
    1.649028708114E+01
    9.194124438617E-04
    1.654779457397E+01
    9.130302610529E-04
    1.660540216687E+01
    9.067034953802E-04
    1.666310985985E+01
    9.004315636620E-04
    1.672091765290E+01
    8.942138901977E-04
    1.677882554603E+01
    8.880499066155E-04
    1.683683353923E+01
    8.819390517660E-04
    1.689494163251E+01
    8.758807716212E-04
    1.695314982586E+01
    8.698745191219E-04
    1.701145811928E+01
    8.639197541010E-04
    1.706986651278E+01
    8.580159431554E-04
    1.712837500636E+01
    8.521625595437E-04
    1.718698360001E+01
    8.463590830761E-04
    1.724569229373E+01
    8.406050000146E-04
    1.730450108753E+01
    8.348998030003E-04
    1.736340998140E+01
    8.292429908897E-04
    1.742241897535E+01
    8.236340687205E-04
    1.748152806937E+01
    8.180725475850E-04
    1.754073726346E+01
    8.125579445549E-04
    1.760004655763E+01
    8.070897825866E-04
    1.765945595188E+01
    8.016675904128E-04
    1.771896544620E+01
    7.962909024785E-04
    1.777857504059E+01
    7.909592588598E-04
    1.783828473506E+01
    7.856722051541E-04
    1.789809452961E+01
    7.804292924162E-04
    1.795800442422E+01
    7.752300770951E-04
    1.801801441892E+01
    7.700741209067E-04
    1.807812451368E+01
    7.649609907948E-04
    1.813833470852E+01
    7.598902588770E-04
    1.819864500344E+01
    7.548615022903E-04
    1.825905539843E+01
    7.498743032008E-04
    1.831956589350E+01
    7.449282487003E-04
    1.838017648864E+01
    7.400229307211E-04
    1.844088718385E+01
    7.351579459839E-04
    1.850169797914E+01
    7.303328959323E-04
    1.856260887450E+01
    7.255473866613E-04
    1.862361986994E+01
    7.208010288519E-04
    1.868473096545E+01
    7.160934377168E-04
    1.874594216104E+01
    7.114242329068E-04
    1.880725345670E+01
    7.067930384964E-04
    1.886866485244E+01
    7.021994828834E-04
    1.893017634825E+01
    6.976431987473E-04
    1.899178794413E+01
    6.931238229972E-04
    1.905349964009E+01
    6.886409966765E-04
    1.911531143613E+01
    6.841943649648E-04
    1.917722333224E+01
    6.797835770612E-04
    1.923923532842E+01
    6.754082862015E-04
    1.930134742468E+01
    6.710681495295E-04
    1.936355962101E+01
    6.667628280921E-04
    1.942587191742E+01
    6.624919867582E-04
    1.948828431390E+01
    6.582552942006E-04
    1.955079681046E+01
    6.540524228245E-04
    1.961340940709E+01
    6.498830487075E-04
    1.967612210379E+01
    6.457468515818E-04
    1.973893490057E+01
    6.416435147616E-04
    1.980184779743E+01
    6.375727250912E-04
    1.986486079435E+01
    6.335341729397E-04
    1.992797389136E+01
    6.295275520990E-04
    1.999118708844E+01
    6.255525597851E-04
    2.005450038559E+01
    6.216088965614E-04
    2.011791378282E+01
    6.176962663170E-04
    2.018142728012E+01
    6.138143762294E-04
    2.024504087749E+01
    6.099629366692E-04
    2.030875457494E+01
    6.061416612425E-04
    2.037256837247E+01
    6.023502666884E-04
    2.043648227007E+01
    5.985884728577E-04
    2.050049626774E+01
    5.948560026465E-04
    2.056461036549E+01
    5.911525820475E-04
    2.062882456332E+01
    5.874779399688E-04
    2.069313886121E+01
    5.838318083364E-04
    2.075755325919E+01
    5.802139219708E-04
    2.082206775723E+01
    5.766240185463E-04
    2.088668235536E+01
    5.730618386270E-04
    2.095139705355E+01
    5.695271255825E-04
    2.101621185182E+01
    5.660196255110E-04
    2.108112675017E+01
    5.625390873002E-04
    2.114614174859E+01
    5.590852625244E-04
    2.121125684708E+01
    5.556579054419E-04
    2.127647204565E+01
    5.522567729329E-04
    2.134178734430E+01
    5.488816244789E-04
    2.140720274301E+01
    5.455322221700E-04
    2.147271824181E+01
    5.422083306062E-04
    2.153833384067E+01
    5.389097168973E-04
    2.160404953962E+01
    5.356361506691E-04
    2.166986533863E+01
    5.323874039517E-04
    2.173578123772E+01
    5.291632512414E-04
    2.180179723689E+01
    5.259634693857E-04
    2.186791333613E+01
    5.227878376225E-04
    2.193412953544E+01
    5.196361374851E-04
    2.200044583483E+01
    5.165081528631E-04
    2.206686223429E+01
    5.134036698749E-04
    2.213337873383E+01
    5.103224769267E-04
    2.219999533345E+01
    5.072643645973E-04
    2.226671203313E+01
    5.042291257299E-04
    2.233352883289E+01
    5.012165552720E-04
    2.240044573273E+01
    4.982264503642E-04
    2.246746273264E+01
    4.952586101987E-04
    2.253457983263E+01
    4.923128361483E-04
    2.260179703269E+01
    4.893889315801E-04
    2.266911433282E+01
    4.864867019316E-04
    2.273653173303E+01
    4.836059546605E-04
    2.280404923332E+01
    4.807464992017E-04
    2.287166683367E+01
    4.779081469792E-04
    2.293938453411E+01
    4.750907113612E-04
    2.300720233461E+01
    4.722940076267E-04
    2.307512023520E+01
    4.695178529754E-04
    2.314313823585E+01
    4.667620664540E-04
    2.321125633658E+01
    4.640264690100E-04
    2.327947453739E+01
    4.613108833916E-04
    2.334779283827E+01
    4.586151341692E-04
    2.341621123922E+01
    4.559390477212E-04
    2.348472974025E+01
    4.532824521826E-04
    2.355334834136E+01
    4.506451774190E-04
    2.362206704253E+01
    4.480270550594E-04
    2.369088584379E+01
    4.454279184428E-04
    2.375980474511E+01
    4.428476025685E-04
    2.382882374652E+01
    4.402859441470E-04
    2.389794284799E+01
    4.377427814896E-04
    2.396716204954E+01
    4.352179546009E-04
    2.403648135117E+01
    4.327113050383E-04
    2.410590075287E+01
    4.302226760081E-04
    2.417542025464E+01
    4.277519122304E-04
    2.424503985649E+01
    4.252988600557E-04
    2.431475955842E+01
    4.228633673240E-04
    2.438457936041E+01
    4.204452834058E-04
    2.445449926249E+01
    4.180444592118E-04
    2.452451926464E+01
    4.156607471044E-04
    2.459463936686E+01
    4.132940008981E-04
    2.466485956915E+01
    4.109440759258E-04
    2.473517987152E+01
    4.086108289100E-04
    2.480560027397E+01
    4.062941180144E-04
    2.487612077649E+01
    4.039938027974E-04
    2.494674137908E+01
    4.017097442086E-04
    2.501746208175E+01
    3.994418045742E-04
    2.508828288450E+01
    3.971898475963E-04
    2.515920378732E+01
    3.949537382866E-04
    2.523022479021E+01
    3.927333430172E-04
    2.530134589318E+01
    3.905285294395E-04
    2.537256709622E+01
    3.883391665296E-04
    2.544388839934E+01
    3.861651245308E-04
    2.551530980253E+01
    3.840062750003E-04
    2.558683130579E+01
    3.818624906595E-04
    2.565845290913E+01
    3.797336455661E-04
    2.573017461255E+01
    3.776196149585E-04
    2.580199641604E+01
    3.755202753016E-04
    2.587391831960E+01
    3.734355042470E-04
    2.594594032324E+01
    3.713651806245E-04
    2.601806242695E+01
    3.693091844948E-04
    2.609028463074E+01
    3.672673969857E-04
    2.616260693460E+01
    3.652397004791E-04
    2.623502933854E+01
    3.632259784023E-04
    2.630755184255E+01
    3.612261153766E-04
    2.638017444663E+01
    3.592399970831E-04
    2.645289715079E+01
    3.572675103029E-04
    2.652571995503E+01
    3.553085429368E-04
    2.659864285934E+01
    3.533629839444E-04
    2.667166586372E+01
    3.514307233428E-04
    2.674478896818E+01
    3.495116522159E-04
    2.681801217271E+01
    3.476056626308E-04
    2.689133547732E+01
    3.457126477830E-04
    2.696475888200E+01
    3.438325017899E-04
    2.703828238676E+01
    3.419651198166E-04
    2.711190599159E+01
    3.401103980384E-04
    2.718562969650E+01
    3.382682335723E-04
    2.725945350148E+01
    3.364385245624E-04
    2.733337740653E+01
    3.346211700694E-04
    2.740740141166E+01
    3.328160701176E-04
    2.748152551687E+01
    3.310231256995E-04
    2.755574972214E+01
    3.292422387291E-04
    2.763007402750E+01
    3.274733119905E-04
    2.770449843292E+01
    3.257162492507E-04
    2.777902293843E+01
    3.239709551615E-04
    2.785364754400E+01
    3.222373352622E-04
    2.792837224965E+01
    3.205152959509E-04
    2.800319705538E+01
    3.188047445310E-04
    2.807812196118E+01
    3.171055891398E-04
    2.815314696706E+01
    3.154177388362E-04
    2.822827207300E+01
    3.137411034561E-04
    2.830349727903E+01
    3.120755936749E-04
    2.837882258513E+01
    3.104211210698E-04
    2.845424799130E+01
    3.087775979365E-04
    2.852977349755E+01
    3.071449374380E-04
    2.860539910387E+01
    3.055230535867E-04
    2.868112481027E+01
    3.039118610652E-04
    2.875695061674E+01
    3.023112754683E-04
    2.883287652328E+01
    3.007212130690E-04
    2.890890252990E+01
    2.991415910046E-04
    2.898502863660E+01
    2.975723270588E-04
    2.906125484337E+01
    2.960133398835E-04
    2.913758115021E+01
    2.944645487947E-04
    2.921400755713E+01
    2.929258738793E-04
    2.929053406412E+01
    2.913972359835E-04
    2.936716067119E+01
    2.898785565927E-04
    2.944388737833E+01
    2.883697579859E-04
    2.952071418555E+01
    2.868707631116E-04
    2.959764109284E+01
    2.853814956290E-04
    2.967466810021E+01
    2.839018799070E-04
    2.975179520765E+01
    2.824318409343E-04
    2.982902241516E+01
    2.809713044631E-04
    2.990634972275E+01
    2.795201968528E-04
    2.998377713042E+01
    2.780784451846E-04
    3.006130463816E+01
    2.766459771421E-04
    3.013893224597E+01
    2.752227211051E-04
    3.021665995386E+01
    2.738086060535E-04
    3.029448776182E+01
    2.724035616027E-04
    3.037241566986E+01
    2.710075180898E-04
    3.045044367797E+01
    2.696204063764E-04
    3.052857178615E+01
    2.682421579683E-04
    3.060679999441E+01
    2.668727049786E-04
    3.068512830275E+01
    2.655119801704E-04
    3.076355671116E+01
    2.641599168607E-04
    3.084208521964E+01
    2.628164489688E-04
    3.092071382820E+01
    2.614815110105E-04
    3.099944253683E+01
    2.601550380894E-04
    3.107827134554E+01
    2.588369658630E-04
    3.115720025432E+01
    2.575272305341E-04
    3.123622926318E+01
    2.562257689911E-04
    3.131535837211E+01
    2.549325185223E-04
    3.139458758112E+01
    2.536474170661E-04
    3.147391689020E+01
    2.523704030518E-04
    3.155334629935E+01
    2.511014155312E-04
    3.163287580858E+01
    2.498403939938E-04
    3.171250541789E+01
    2.485872785428E-04
    3.179223512727E+01
    2.473420097461E-04
    3.187206493672E+01
    2.461045287374E-04
    3.195199484625E+01
    2.448747771376E-04
    3.203202485585E+01
    2.436526970854E-04
    3.211215496553E+01
    2.424382312098E-04
    3.219238517528E+01
    2.412313226580E-04
    3.227271548510E+01
    2.400319150844E-04
    3.235314589500E+01
    2.388399526255E-04
    3.243367640498E+01
    2.376553798472E-04
    3.251430701503E+01
    2.364781418759E-04
    3.259503772515E+01
    2.353081842535E-04
    3.267586853535E+01
    2.341454530669E-04
    3.275679944563E+01
    2.329898947862E-04
    3.283783045597E+01
    2.318414563581E-04
    3.291896156640E+01
    2.307000852187E-04
    3.300019277689E+01
    2.295657292835E-04
    3.308152408746E+01
    2.284383368209E-04
    3.316295549811E+01
    2.273178566306E-04
    3.324448700883E+01
    2.262042378862E-04
    3.332611861963E+01
    2.250974302755E-04
    3.340785033050E+01
    2.239973838387E-04
    3.348968214144E+01
    2.229040490905E-04
    3.357161405246E+01
    2.218173769211E-04
    3.365364606355E+01
    2.207373186943E-04
    3.373577817472E+01
    2.196638261458E-04
    3.381801038596E+01
    2.185968514732E-04
    3.390034269728E+01
    2.175363471896E-04
    3.398277510867E+01
    2.164822663323E-04
    3.406530762014E+01
    2.154345621983E-04
    3.414794023168E+01
    2.143931886019E-04
    3.423067294329E+01
    2.133580996948E-04
    3.431350575498E+01
    2.123292500169E-04
    3.439643866675E+01
    2.113065944714E-04
    3.447947167859E+01
    2.102900883749E-04
    3.456260479050E+01
    2.092796873854E-04
    3.464583800249E+01
    2.082753475838E-04
    3.472917131455E+01
    2.072770254158E-04
    3.481260472669E+01
    2.062846775902E-04
    3.489613823890E+01
    2.052982613303E-04
    3.497977185118E+01
    2.043177340956E-04
    3.506350556355E+01
    2.033430537699E-04
    3.514733937598E+01
    2.023741785640E-04
    3.523127328849E+01
    2.014110670160E-04
    3.531530730107E+01
    2.004536780398E-04
    3.539944141373E+01
    1.995019708966E-04
    3.548367562647E+01
    1.985559051449E-04
    3.556800993927E+01
    1.976154407215E-04
    3.565244435216E+01
    1.966805378656E-04
    3.573697886511E+01
    1.957511572111E-04
    3.582161347815E+01
    1.948272595586E-04
    3.590634819125E+01
    1.939088062123E-04
    3.599118300443E+01
    1.929957587047E-04
    3.607611791769E+01
    1.920880789096E-04
    3.616115293102E+01
    1.911857289776E-04
    3.624628804442E+01
    1.902886714281E-04
    3.633152325790E+01
    1.893968689845E-04
    3.641685857145E+01
    1.885102848469E-04
    3.650229398508E+01
    1.876288823597E-04
    3.658782949879E+01
    1.867526252308E-04
    3.667346511256E+01
    1.858814774766E-04
    3.675920082641E+01
    1.850154033379E-04
    3.684503664034E+01
    1.841543674881E-04
    3.693097255434E+01
    1.832983346871E-04
    3.701700856842E+01
    1.824472701932E-04
    3.710314468257E+01
    1.816011393756E-04
    3.718938089679E+01
    1.807599079386E-04
    3.727571721109E+01
    1.799235419754E-04
    3.736215362546E+01
    1.790920076569E-04
    3.744869013991E+01
    1.782652715885E-04
    3.753532675443E+01
    1.774433005455E-04
    3.762206346903E+01
    1.766260616194E-04
    3.770890028370E+01
    1.758135221492E-04
    3.779583719845E+01
    1.750056497563E-04
    3.788287421327E+01
    1.742024123333E-04
    3.797001132817E+01
    1.734037779648E-04
    3.805724854314E+01
    1.726097150696E-04
    3.814458585818E+01
    1.718201922597E-04
    3.823202327330E+01
    1.710351783760E-04
    3.831956078849E+01
    1.702546426203E-04
    3.840719840376E+01
    1.694785543876E-04
    3.849493611910E+01
    1.687068832279E-04
    3.858277393452E+01
    1.679395990686E-04
    3.867071185001E+01
    1.671766720093E-04
    3.875874986558E+01
    1.664180723305E-04
    3.884688798122E+01
    1.656637707056E-04
    3.893512619693E+01
    1.649137378660E-04
    3.902346451272E+01
    1.641679449089E-04
    3.911190292859E+01
    1.634263630724E-04
    3.920044144453E+01
    1.626889638777E-04
    3.928908006054E+01
    1.619557190331E-04
    3.937781877663E+01
    1.612266004687E-04
    3.946665759279E+01
    1.605015803644E-04
    3.955559650903E+01
    1.597806311622E-04
    3.964463552534E+01
    1.590637254062E-04
    3.973377464173E+01
    1.583508358864E-04
    3.982301385819E+01
    1.576419356592E-04
    3.991235317472E+01
    1.569369980003E-04
    4.000179259133E+01
    1.562359963373E-04
    4.009133210802E+01
    1.555389043256E-04
    4.018097172478E+01
    1.548456958093E-04
    4.027071144161E+01
    1.541563448736E-04
    4.036055125852E+01
    1.534708258244E-04
    4.045049117550E+01
    1.527891130492E-04
    4.054053119256E+01
    1.521111812874E-04
    4.063067130969E+01
    1.514370053244E-04
    4.072091152690E+01
    1.507665603191E-04
    4.081125184418E+01
    1.500998214820E-04
    4.090169226153E+01
    1.494367641957E-04
    4.099223277896E+01
    1.487773641714E-04
    4.108287339647E+01
    1.481215971905E-04
    4.117361411405E+01
    1.474694392563E-04
    4.126445493170E+01
    1.468208665996E-04
    4.135539584943E+01
    1.461758555340E-04
    4.144643686723E+01
    1.455343826246E-04
    4.153757798511E+01
    1.448964247018E-04
    4.162881920306E+01
    1.442619585516E-04
    4.172016052109E+01
    1.436309613273E-04
    4.181160193919E+01
    1.430034103007E-04
    4.190314345737E+01
    1.423792829133E-04
    4.199478507562E+01
    1.417585566916E-04
    4.208652679394E+01
    1.411412095290E-04
    4.217836861234E+01
    1.405272193279E-04
    4.227031053081E+01
    1.399165642034E-04
    4.236235254936E+01
    1.393092225230E-04
    4.245449466798E+01
    1.387051725492E-04
    4.254673688668E+01
    1.381043930671E-04
    4.263907920545E+01
    1.375068627923E-04
    4.273152162430E+01
    1.369125606176E-04
    4.282406414322E+01
    1.363214657326E-04
    4.291670676222E+01
    1.357335573113E-04
    4.300944948129E+01
    1.351488147625E-04
    4.310229230043E+01
    1.345672177400E-04
    4.319523521965E+01
    1.339887458580E-04
    4.328827823894E+01
    1.334133790238E-04
    4.338142135831E+01
    1.328410972805E-04
    4.347466457776E+01
    1.322718807404E-04
    4.356800789727E+01
    1.317057098224E-04
    4.366145131687E+01
    1.311425649243E-04
    4.375499483653E+01
    1.305824266402E-04
    4.384863845627E+01
    1.300252757231E-04
    4.394238217609E+01
    1.294710931607E-04
    4.403622599598E+01
    1.289198599278E-04
    4.413016991594E+01
    1.283715572357E-04
    4.422421393598E+01
    1.278261663550E-04
    4.431835805610E+01
    1.272836688209E-04
    4.441260227628E+01
    1.267440461786E-04
    4.450694659655E+01
    1.262072802389E-04
    4.460139101689E+01
    1.256733527846E-04
    4.469593553730E+01
    1.251422458824E-04
    4.479058015778E+01
    1.246139415962E-04
    4.488532487835E+01
    1.240884222942E-04
    4.498016969898E+01
    1.235656703195E-04
    4.507511461969E+01
    1.230456682482E-04
    4.517015964048E+01
    1.225283987132E-04
    4.526530476134E+01
    1.220138444782E-04
    4.536054998227E+01
    1.215019884480E-04
    4.545589530328E+01
    1.209928137648E-04
    4.555134072436E+01
    1.204863034606E-04
    4.564688624552E+01
    1.199824408865E-04
    4.574253186675E+01
    1.194812094658E-04
    4.583827758806E+01
    1.189825926678E-04
    4.593412340944E+01
    1.184865742222E-04
    4.603006933089E+01
    1.179931378262E-04
    4.612611535242E+01
    1.175022674625E-04
    4.622226147403E+01
    1.170139469645E-04
    4.631850769571E+01
    1.165281606436E-04
    4.641485401746E+01
    1.160448926355E-04
    4.651130043929E+01
    1.155641272666E-04
    4.660784696119E+01
    1.150858490846E-04
    4.670449358317E+01
    1.146100426436E-04
    4.680124030522E+01
    1.141366925111E-04
    4.689808712735E+01
    1.136657836898E-04
    4.699503404955E+01
    1.131973009128E-04
    4.709208107183E+01
    1.127312292732E-04
    4.718922819418E+01
    1.122675538648E-04
    4.728647541660E+01
    1.118062599376E-04
    4.738382273910E+01
    1.113473329167E-04
    4.748127016168E+01
    1.108907580813E-04
    4.757881768432E+01
    1.104365210588E-04
    4.767646530705E+01
    1.099846075261E-04
    4.777421302984E+01
    1.095350031463E-04
    4.787206085272E+01
    1.090876939133E-04
    4.797000877566E+01
    1.086426656458E-04
    4.806805679868E+01
    1.081999045007E-04
    4.816620492178E+01
    1.077593965470E-04
    4.826445314495E+01
    1.073211281179E-04
    4.836280146820E+01
    1.068850854906E-04
    4.846124989152E+01
    1.064512551924E-04
    4.855979841491E+01
    1.060196236272E-04
    4.865844703838E+01
    1.055901776479E-04
    4.875719576192E+01
    1.051629038243E-04
    4.885604458554E+01
    1.047377890942E-04
    4.895499350923E+01
    1.043148202770E-04
    4.905404253300E+01
    1.038939844752E-04
    4.915319165684E+01
    1.034752686699E-04
    4.925244088075E+01
    1.030586601516E-04
    4.935179020475E+01
    1.026441461855E-04
    4.945123962881E+01
    1.022317142575E-04
    4.955078915295E+01
    1.018213516493E-04
    4.965043877716E+01
    1.014130460055E-04
    4.975018850145E+01
    1.010067849066E-04
    4.985003832582E+01
    1.006025562061E-04
    4.994998825025E+01
    1.002003475621E-04
    5.005003827477E+01
    9.980014703488E-05
    5.015018839935E+01
    9.940194241077E-05
    5.025043862401E+01
    9.900572195552E-05
    5.035078894875E+01
    9.861147364732E-05
    5.045123937356E+01
    9.821918583106E-05
    5.055178989844E+01
    9.782884678615E-05
    5.065244052340E+01
    9.744044493896E-05
    5.075319124844E+01
    9.705396867504E-05
    5.085404207355E+01
    9.666940657413E-05
    5.095499299873E+01
    9.628674736186E-05
    5.105604402399E+01
    9.590597968227E-05
    5.115719514932E+01
    9.552709236635E-05
    5.125844637473E+01
    9.515007418210E-05
    5.135979770021E+01
    9.477491419472E-05
    5.146124912576E+01
    9.440160133472E-05
    5.156280065140E+01
    9.403012477855E-05
    5.166445227710E+01
    9.366047364013E-05
    5.176620400288E+01
    9.329263718149E-05
    5.186805582873E+01
    9.292660469901E-05
    5.197000775466E+01
    9.256236564660E-05
    5.207205978067E+01
    9.219990941675E-05
    5.217421190674E+01
    9.183922560522E-05
    5.227646413290E+01
    9.148030384015E-05
    5.237881645912E+01
    9.112313374276E-05
    5.248126888542E+01
    9.076770509962E-05
    5.258382141180E+01
    9.041400767875E-05
    5.268647403825E+01
    9.006203146728E-05
    5.278922676478E+01
    8.971176631839E-05
    5.289207959138E+01
    8.936320236347E-05
    5.299503251805E+01
    8.901632959015E-05
    5.309808554480E+01
    8.867113818472E-05
    5.320123867162E+01
    8.832761849166E-05
    5.330449189852E+01
    8.798576061961E-05
    5.340784522549E+01
    8.764555509663E-05
    5.351129865254E+01
    8.730699228637E-05
    5.361485217966E+01
    8.697006268481E-05
    5.371850580686E+01
    8.663475678604E-05
    5.382225953413E+01
    8.630106527912E-05
    5.392611336147E+01
    8.596897883437E-05
    5.403006728889E+01
    8.563848819943E-05
    5.413412131639E+01
    8.530958413840E-05
    5.423827544396E+01
    8.498225764618E-05
    5.434252967160E+01
    8.465649943642E-05
    5.444688399932E+01
    8.433230073350E-05
    5.455133842711E+01
    8.400965244103E-05
    5.465589295498E+01
    8.368854565287E-05
    5.476054758292E+01
    8.336897160789E-05
    5.486530231093E+01
    8.305092151860E-05
    5.497015713902E+01
    8.273438672815E-05
    5.507511206719E+01
    8.241935842626E-05
    5.518016709543E+01
    8.210582825830E-05
    5.528532222374E+01
    8.179378740999E-05
    5.539057745213E+01
    8.148322763835E-05
    5.549593278060E+01
    8.117414032441E-05
    5.560138820913E+01
    8.086651723164E-05
    5.570694373775E+01
    8.056034992040E-05
    5.581259936643E+01
    8.025563030640E-05
    5.591835509519E+01
    7.995235002072E-05
    5.602421092403E+01
    7.965050103703E-05
    5.613016685294E+01
    7.935007516952E-05
    5.623622288193E+01
    7.905106433430E-05
    5.634237901099E+01
    7.875346067930E-05
    5.644863524012E+01
    7.845725625464E-05
    5.655499156933E+01
    7.816244295708E-05
    5.666144799861E+01
    7.786901319405E-05
    5.676800452797E+01
    7.757695914131E-05
    5.687466115740E+01
    7.728627293537E-05
    5.698141788691E+01
    7.699694699431E-05
    5.708827471649E+01
    7.670897366851E-05
    5.719523164615E+01
    7.642234547407E-05
    5.730228867588E+01
    7.613705468020E-05
    5.740944580568E+01
    7.585309394718E-05
    5.751670303556E+01
    7.557045583204E-05
    5.762406036552E+01
    7.528913285129E-05
    5.773151779555E+01
    7.500911785723E-05
    5.783907532565E+01
    7.473040330637E-05
    5.794673295583E+01
    7.445298222848E-05
    5.805449068608E+01
    7.417684715550E-05
    5.816234851641E+01
    7.390199117525E-05
    5.827030644681E+01
    7.362840709508E-05
    5.837836447729E+01
    7.335608776425E-05
    5.848652260784E+01
    7.308502630479E-05
    5.859478083846E+01
    7.281521568448E-05
    5.870313916916E+01
    7.254664909445E-05
    5.881159759994E+01
    7.227931941850E-05
    5.892015613079E+01
    7.201322013129E-05
    5.902881476171E+01
    7.174834420661E-05
    5.913757349271E+01
    7.148468490129E-05
    5.924643232378E+01
    7.122223572041E-05
    5.935539125493E+01
    7.096098981536E-05
    5.946445028615E+01
    7.070094065699E-05
    5.957360941745E+01
    7.044208165960E-05
    5.968286864882E+01
    7.018440632295E-05
    5.979222798026E+01
    6.992790808582E-05
    5.990168741178E+01
    6.967258043119E-05
    6.001124694338E+01
    6.941841721883E-05
    6.012090657504E+01
    6.916541181556E-05
    6.023066630679E+01
    6.891355809805E-05
    6.034052613861E+01
    6.866284966080E-05
    6.045048607050E+01
    6.841328021499E-05
    6.056054610247E+01
    6.816484373122E-05
    6.067070623451E+01
    6.791753389726E-05
    6.078096646662E+01
    6.767134462985E-05
    6.089132679882E+01
    6.742626991943E-05
    6.100178723108E+01
    6.718230350900E-05
    6.111234776342E+01
    6.693943955521E-05
    6.122300839584E+01
    6.669767205102E-05
    6.133376912832E+01
    6.645699516135E-05
    6.144462996089E+01
    6.621740284160E-05
    6.155559089353E+01
    6.597888919739E-05
    6.166665192624E+01
    6.574144857868E-05
    6.177781305903E+01
    6.550507499240E-05
    6.188907429189E+01
    6.526976286937E-05
    6.200043562482E+01
    6.503550651320E-05
    6.211189705783E+01
    6.480230010197E-05
    6.222345859092E+01
    6.457013808081E-05
    6.233512022408E+01
    6.433901477481E-05
    6.244688195731E+01
    6.410892465612E-05
    6.255874379062E+01
    6.387986213090E-05
    6.267070572401E+01
    6.365182186898E-05
    6.278276775747E+01
    6.342479810698E-05
    6.289492989100E+01
    6.319878577975E-05
    6.300719212461E+01
    6.297377926579E-05
    6.311955445829E+01
    6.274977307553E-05
    6.323201689204E+01
    6.252676210157E-05
    6.334457942588E+01
    6.230474103038E-05
    6.345724205978E+01
    6.208370444115E-05
    6.357000479376E+01
    6.186364718483E-05
    6.368286762782E+01
    6.164456411175E-05
    6.379583056194E+01
    6.142644997289E-05
    6.390889359615E+01
    6.120929974134E-05
    6.402205673043E+01
    6.099310810569E-05
    6.413531996478E+01
    6.077787021000E-05
    6.424868329921E+01
    6.056358084552E-05
    6.436214673371E+01
    6.035023514564E-05
    6.447571026828E+01
    6.013782808928E-05
    6.458937390294E+01
    5.992635452823E-05
    6.470313763766E+01
    5.971580980894E-05
    6.481700147246E+01
    5.950618897603E-05
    6.493096540734E+01
    5.929748710378E-05
    6.504502944229E+01
    5.908969921391E-05
    6.515919357731E+01
    5.888282095314E-05
    6.527345781241E+01
    5.867684713204E-05
    6.538782214758E+01
    5.847177305866E-05
    6.550228658283E+01
    5.826759427315E-05
    6.561685111815E+01
    5.806430584583E-05
    6.573151575355E+01
    5.786190320839E-05
    6.584628048902E+01
    5.766038168558E-05
    6.596114532456E+01
    5.745973693590E-05
    6.607611026018E+01
    5.725996396881E-05
    6.619117529588E+01
    5.706105855691E-05
    6.630634043165E+01
    5.686301605625E-05
    6.642160566749E+01
    5.666583192623E-05
    6.653697100341E+01
    5.646950178967E-05
    6.665243643940E+01
    5.627402119533E-05
    6.676800197547E+01
    5.607938579169E-05
    6.688366761161E+01
    5.588559114546E-05
    6.699943334783E+01
    5.569263282054E-05
    6.711529918412E+01
    5.550050672405E-05
    6.723126512048E+01
    5.530920827500E-05
    6.734733115692E+01
    5.511873333297E-05
    6.746349729344E+01
    5.492907769652E-05
    6.757976353003E+01
    5.474023696381E-05
    6.769612986669E+01
    5.455220714288E-05
    6.781259630343E+01
    5.436498394224E-05
    6.792916284024E+01
    5.417856332721E-05
    6.804582947713E+01
    5.399294097857E-05
    6.816259621409E+01
    5.380811296099E-05
    6.827946305113E+01
    5.362407512521E-05
    6.839642998824E+01
    5.344082341980E-05
    6.851349702543E+01
    5.325835385667E-05
    6.863066416269E+01
    5.307666241194E-05
    6.874793140002E+01
    5.289574509345E-05
    6.886529873743E+01
    5.271559798613E-05
    6.898276617491E+01
    5.253621717622E-05
    6.910033371247E+01
    5.235759863754E-05
    6.921800135011E+01
    5.217973854080E-05
    6.933576908781E+01
    5.200263310675E-05
    6.945363692560E+01
    5.182627851728E-05
    6.957160486345E+01
    5.165067076564E-05
    6.968967290138E+01
    5.147580618774E-05
    6.980784103939E+01
    5.130168097339E-05
    6.992610927747E+01
    5.112829140190E-05
    7.004447761562E+01
    5.095563379585E-05
    7.016294605385E+01
    5.078370428977E-05
    7.028151459216E+01
    5.061249938366E-05
    7.040018323054E+01
    5.044201543436E-05
    7.051895196899E+01
    5.027224853054E-05
    7.063782080752E+01
    5.010319530562E-05
    7.075678974612E+01
    4.993485209840E-05
    7.087585878480E+01
    4.976721523871E-05
    7.099502792355E+01
    4.960028136407E-05
    7.111429716237E+01
    4.943404679483E-05
    7.123366650127E+01
    4.926850811525E-05
    7.135313594025E+01
    4.910366170087E-05
    7.147270547930E+01
    4.893950422333E-05
    7.159237511842E+01
    4.877603211554E-05
    7.171214485762E+01
    4.861324203303E-05
    7.183201469689E+01
    4.845113043218E-05
    7.195198463624E+01
    4.828969407277E-05
    7.207205467566E+01
    4.812892951823E-05
    7.219222481516E+01
    4.796883340835E-05
    7.231249505473E+01
    4.780940243057E-05
    7.243286539438E+01
    4.765063332781E-05
    7.255333583410E+01
    4.749252264689E-05
    7.267390637389E+01
    4.733506729938E-05
    7.279457701376E+01
    4.717826392356E-05
    7.291534775370E+01
    4.702210923048E-05
    7.303621859372E+01
    4.686660015058E-05
    7.315718953382E+01
    4.671173333663E-05
    7.327826057398E+01
    4.655750581436E-05
    7.339943171423E+01
    4.640391404365E-05
    7.352070295454E+01
    4.625095528453E-05
    7.364207429493E+01
    4.609862620775E-05
    7.376354573540E+01
    4.594692377325E-05
    7.388511727594E+01
    4.579584487198E-05
    7.400678891656E+01
    4.564538631745E-05
    7.412856065725E+01
    4.549554520296E-05
    7.425043249801E+01
    4.534631851904E-05
    7.437240443885E+01
    4.519770307560E-05
    7.449447647976E+01
    4.504969605061E-05
    7.461664862075E+01
    4.490229420769E-05
    7.473892086181E+01
    4.475549484317E-05
    7.486129320295E+01
    4.460929490764E-05
    7.498376564416E+01
    4.446369149168E-05
    7.510633818544E+01
    4.431868152886E-05
    7.522901082681E+01
    4.417426236983E-05
    7.535178356824E+01
    4.403043095292E-05
    7.547465640975E+01
    4.388718435995E-05
    7.559762935133E+01
    4.374452002932E-05
    7.572070239299E+01
    4.360243476920E-05
    7.584387553473E+01
    4.346092597903E-05
    7.596714877653E+01
    4.331999084110E-05
    7.609052211842E+01
    4.317962643018E-05
    7.621399556037E+01
    4.303983019480E-05
    7.633756910240E+01
    4.290059896909E-05
    7.646124274451E+01
    4.276193066094E-05
    7.658501648669E+01
    4.262382187327E-05
    7.670889032895E+01
    4.248627046681E-05
    7.683286427128E+01
    4.234927324239E-05
    7.695693831368E+01
    4.221282790799E-05
    7.708111245616E+01
    4.207693146909E-05
    7.720538669871E+01
    4.194158170216E-05
    7.732976104134E+01
    4.180677560819E-05
    7.745423548404E+01
    4.167251057584E-05
    7.757881002682E+01
    4.153878427432E-05
    7.770348466967E+01
    4.140559396033E-05
    7.782825941260E+01
    4.127293690882E-05
    7.795313425560E+01
    4.114081077122E-05
    7.807810919867E+01
    4.100921282002E-05
    7.820318424182E+01
    4.087814086616E-05
    7.832835938505E+01
    4.074759192840E-05
    7.845363462834E+01
    4.061756391053E-05
    7.857900997172E+01
    4.048805405215E-05
    7.870448541517E+01
    4.035905977637E-05
    7.883006095869E+01
    4.023057903630E-05
    7.895573660228E+01
    4.010260916334E-05
    7.908151234596E+01
    3.997514775620E-05
    7.920738818970E+01
    3.984819215110E-05
    7.933336413352E+01
    3.972174029654E-05
    7.945944017742E+01
    3.959578955498E-05
    7.958561632139E+01
    3.947033775996E-05
    7.971189256543E+01
    3.934538223511E-05
    7.983826890955E+01
    3.922092083584E-05
    7.996474535374E+01
    3.909695128783E-05
    8.009132189801E+01
    3.897347086400E-05
    8.021799854235E+01
    3.885047785230E-05
    8.034477528677E+01
    3.872796952352E-05
    8.047165213126E+01
    3.860594380365E-05
    8.059862907583E+01
    3.848439817010E-05
    8.072570612047E+01
    3.836333054221E-05
    8.085288326518E+01
    3.824273860652E-05
    8.098016050997E+01
    3.812262017541E-05
    8.110753785484E+01
    3.800297301236E-05
    8.123501529978E+01
    3.788379498462E-05
    8.136259284479E+01
    3.776508353130E-05
    8.149027048988E+01
    3.764683675674E-05
    8.161804823504E+01
    3.752905242890E-05
    8.174592608028E+01
    3.741172846065E-05
    8.187390402559E+01
    3.729486249283E-05
    8.200198207098E+01
    3.717845254549E-05
    8.213016021644E+01
    3.706249649257E-05
    8.225843846197E+01
    3.694699210580E-05
    8.238681680758E+01
    3.683193737697E-05
    8.251529525327E+01
    3.671733000940E-05
    8.264387379902E+01
    3.660316817996E-05
    8.277255244486E+01
    3.648944981472E-05
    8.290133119077E+01
    3.637617254394E-05
    8.303021003675E+01
    3.626333454028E-05
    8.315918898281E+01
    3.615093377913E-05
    8.328826802894E+01
    3.603896803315E-05
    8.341744717514E+01
    3.592743557757E-05
    8.354672642142E+01
    3.581633404441E-05
    8.367610576778E+01
    3.570566200045E-05
    8.380558521421E+01
    3.559541687363E-05
    8.393516476071E+01
    3.548559687532E-05
    8.406484440729E+01
    3.537620010649E-05
    8.419462415395E+01
    3.526722461124E-05
    8.432450400067E+01
    3.515866840503E-05
    8.445448394748E+01
    3.505052958822E-05
    8.458456399435E+01
    3.494280615087E-05
    8.471474414131E+01
    3.483549648981E-05
    8.484502438833E+01
    3.472859803283E-05
    8.497540473543E+01
    3.462210943305E-05
    8.510588518261E+01
    3.451602880407E-05
    8.523646572986E+01
    3.441035415180E-05
    8.536714637718E+01
    3.430508351022E-05
    8.549792712458E+01
    3.420021518645E-05
    8.562880797205E+01
    3.409574723999E-05
    8.575978891960E+01
    3.399167779438E-05
    8.589086996722E+01
    3.388800527496E-05
    8.602205111492E+01
    3.378472758129E-05
    8.615333236269E+01
    3.368184307895E-05
    8.628471371054E+01
    3.357934990138E-05
    8.641619515846E+01
    3.347724651041E-05
    8.654777670646E+01
    3.337553059400E-05
    8.667945835453E+01
    3.327420069324E-05
    8.681124010267E+01
    3.317325512179E-05
    8.694312195089E+01
    3.307269220555E-05
    8.707510389918E+01
    3.297250984204E-05
    8.720718594755E+01
    3.287270663691E-05
    8.733936809599E+01
    3.277328075410E-05
    8.747165034451E+01
    3.267423046474E-05
    8.760403269310E+01
    3.257555416178E-05
    8.773651514177E+01
    3.247725006208E-05
    8.786909769051E+01
    3.237931635424E-05
    8.800178033933E+01
    3.228175167415E-05
    8.813456308822E+01
    3.218455413426E-05
    8.826744593718E+01
    3.208772235631E-05
    8.840042888622E+01
    3.199125422755E-05
    8.853351193533E+01
    3.189514820648E-05
    8.866669508452E+01
    3.179940314140E-05
    8.879997833378E+01
    3.170401682877E-05
    8.893336168312E+01
    3.160898805478E-05
    8.906684513253E+01
    3.151431503316E-05
    8.920042868202E+01
    3.141999611303E-05
    8.933411233158E+01
    3.132602994194E-05
    8.946789608122E+01
    3.123241459473E-05
    8.960177993093E+01
    3.113914876836E-05
    8.973576388071E+01
    3.104623076837E-05
    8.986984793057E+01
    3.095365922042E-05
    9.000403208050E+01
    3.086143223215E-05
    9.013831633051E+01
    3.076954870084E-05
    9.027270068059E+01
    3.067800679238E-05
    9.040718513075E+01
    3.058680501488E-05
    9.054176968098E+01
    3.049594182534E-05
    9.067645433129E+01
    3.040541609207E-05
    9.081123908167E+01
    3.031522577505E-05
    9.094612393213E+01
    3.022536969163E-05
    9.108110888266E+01
    3.013584616403E-05
    9.121619393326E+01
    3.004665384905E-05
    9.135137908394E+01
    2.995779149899E-05
    9.148666433469E+01
    2.986925727508E-05
    9.162204968552E+01
    2.978104974887E-05
    9.175753513642E+01
    2.969316785637E-05
    9.189312068740E+01
    2.960560963005E-05
    9.202880633845E+01
    2.951837416680E-05
    9.216459208958E+01
    2.943145948312E-05
    9.230047794078E+01
    2.934486463456E-05
    9.243646389206E+01
    2.925858783785E-05
    9.257254994341E+01
    2.917262816052E-05
    9.270873609483E+01
    2.908698374244E-05
    9.284502234633E+01
    2.900165356659E-05
    9.298140869790E+01
    2.891663602857E-05
    9.311789514955E+01
    2.883192958635E-05
    9.325448170127E+01
    2.874753322125E-05
    9.339116835307E+01
    2.866344531334E-05
    9.352795510494E+01
    2.857966499446E-05
    9.366484195689E+01
    2.849619000984E-05
    9.380182890891E+01
    2.841301994680E-05
    9.393891596101E+01
    2.833015309974E-05
    9.407610311318E+01
    2.824758809510E-05
    9.421339036542E+01
    2.816532344915E-05
    9.435077771774E+01
    2.808335839126E-05
    9.448826517014E+01
    2.800169113884E-05
    9.462585272260E+01
    2.792032044959E-05
    9.476354037515E+01
    2.783924512198E-05
    9.490132812776E+01
    2.775846385619E-05
    9.503921598046E+01
    2.767797528955E-05
    9.517720393322E+01
    2.759777854198E-05
    9.531529198606E+01
    2.751787186194E-05
    9.545348013898E+01
    2.743825415579E-05
    9.559176839197E+01
    2.735892446520E-05
    9.573015674503E+01
    2.727988095056E-05
    9.586864519817E+01
    2.720112271141E-05
    9.600723375139E+01
    2.712264865358E-05
    9.614592240468E+01
    2.704445726273E-05
    9.628471115804E+01
    2.696654733981E-05
    9.642360001148E+01
    2.688891802127E-05
    9.656258896499E+01
    2.681156755685E-05
    9.670167801857E+01
    2.673449524910E-05
    9.684086717224E+01
    2.665769958708E-05
    9.698015642597E+01
    2.658117965565E-05
    9.711954577978E+01
    2.650493384265E-05
    9.725903523367E+01
    2.642896115328E-05
    9.739862478763E+01
    2.635326096414E-05
    9.753831444166E+01
    2.627783122119E-05
    9.767810419577E+01
    2.620267108720E-05
    9.781799404995E+01
    2.612777966455E-05
    9.795798400421E+01
    2.605315562594E-05
    9.809807405854E+01
    2.597879763139E-05
    9.823826421295E+01
    2.590470490264E-05
    9.837855446743E+01
    2.583087606382E-05
    9.851894482198E+01
    2.575730999210E-05
    9.865943527661E+01
    2.568400574461E-05
    9.880002583132E+01
    2.561096213624E-05
    9.894071648610E+01
    2.553817790120E-05
    9.908150724095E+01
    2.546565207411E-05
    9.922239809588E+01
    2.539338346348E-05
    9.936338905088E+01
    2.532137126365E-05
    9.950448010596E+01
    2.524961376457E-05
    9.964567126111E+01
    2.517811046986E-05
    9.978696251634E+01
    2.510686004608E-05
    9.992835387164E+01
    2.503586173817E-05
    1.000698453270E+02
    2.496511410293E-05
    1.002114368825E+02
    2.489461601794E-05
    1.003531285380E+02
    2.482436678300E-05
    1.004949202936E+02
    2.475436501976E-05
    1.006368121493E+02
    2.468460997393E-05
    1.007788041050E+02
    2.461510039573E-05
    1.009208961608E+02
    2.454583511057E-05
    1.010630883167E+02
    2.447681359165E-05
    1.012053805727E+02
    2.440803419530E-05
    1.013477729288E+02
    2.433949656693E-05
    1.014902653849E+02
    2.427119894058E-05
    1.016328579411E+02
    2.420314102220E-05
    1.017755505973E+02
    2.413532137752E-05
    1.019183433537E+02
    2.406773937410E-05
    1.020612362101E+02
    2.400039346419E-05
    1.022042291666E+02
    2.393328301078E-05
    1.023473222232E+02
    2.386640688339E-05
    1.024905153798E+02
    2.379976427441E-05
    1.026338086365E+02
    2.373335406364E-05
    1.027772019933E+02
    2.366717550572E-05
    1.029206954502E+02
    2.360122723056E-05
    1.030642890071E+02
    2.353550861708E-05
    1.032079826641E+02
    2.347001849015E-05
    1.033517764212E+02
    2.340475591239E-05
    1.034956702784E+02
    2.333972034890E-05
    1.036396642356E+02
    2.327491044028E-05
    1.037837582930E+02
    2.321032510724E-05
    1.039279524503E+02
    2.314596381420E-05
    1.040722467078E+02
    2.308182540726E-05
    1.042166410653E+02
    2.301790918652E-05
    1.043611355230E+02
    2.295421345135E-05
    1.045057300806E+02
    2.289073862235E-05
    1.046504247384E+02
    2.282748243741E-05
    1.047952194962E+02
    2.276444499379E-05
    1.049401143541E+02
    2.270162484002E-05
    1.050851093121E+02
    2.263902123721E-05
    1.052302043702E+02
    2.257663345304E-05
    1.053753995283E+02
    2.251446047698E-05
    1.055206947865E+02
    2.245250094504E-05
    1.056660901448E+02
    2.239075493004E-05
    1.058115856032E+02
    2.232922074925E-05
    1.059571811616E+02
    2.226789785857E-05
    1.061028768201E+02
    2.220678526930E-05
    1.062486725787E+02
    2.214588205555E-05
    1.063945684374E+02
    2.208518787091E-05
    1.065405643961E+02
    2.202470103098E-05
    1.066866604549E+02
    2.196442147865E-05
    1.068328566138E+02
    2.190434784101E-05
    1.069791528727E+02
    2.184447962394E-05
    1.071255492318E+02
    2.178481570606E-05
    1.072720456909E+02
    2.172535534223E-05
    1.074186422500E+02
    2.166609754478E-05
    1.075653389093E+02
    2.160704170243E-05
    1.077121356686E+02
    2.154818698569E-05
    1.078590325280E+02
    2.148953248742E-05
    1.080060294875E+02
    2.143107752197E-05
    1.081531265470E+02
    2.137282131058E-05
    1.083003237067E+02
    2.131476278558E-05
    1.084476209664E+02
    2.125690113878E-05
    1.085950183261E+02
    2.119923571786E-05
    1.087425157860E+02
    2.114176576899E-05
    1.088901133459E+02
    2.108449034839E-05
    1.090378110059E+02
    2.102740901607E-05
    1.091856087660E+02
    2.097052063866E-05
    1.093335066261E+02
    2.091382439917E-05
    1.094815045864E+02
    2.085731965770E-05
    1.096296026466E+02
    2.080100560276E-05
    1.097778008070E+02
    2.074488154135E-05
    1.099260990675E+02
    2.068894652997E-05
    1.100744974280E+02
    2.063320007388E-05
    1.102229958886E+02
    2.057764116416E-05
    1.103715944492E+02
    2.052226905146E-05
    1.105202931100E+02
    2.046708324439E-05
    1.106690918708E+02
    2.041208267934E-05
    1.108179907317E+02
    2.035726667813E-05
    1.109669896927E+02
    2.030263472199E-05
    1.111160887537E+02
    2.024818590348E-05
    1.112652879148E+02
    2.019391940827E-05
    1.114145871760E+02
    2.013983464695E-05
    1.115639865373E+02
    2.008593072798E-05
    1.117134859986E+02
    2.003220714165E-05
    1.118630855600E+02
    1.997866301156E-05
    1.120127852215E+02
    1.992529767146E-05
    1.121625849831E+02
    1.987211030844E-05
    1.123124848447E+02
    1.981910063084E-05
    1.124624848064E+02
    1.976626706267E-05
    1.126125848682E+02
    1.971360971470E-05
    1.127627850301E+02
    1.966112770097E-05
    1.129130852920E+02
    1.960882026337E-05
    1.130634856540E+02
    1.955668620629E-05
    1.132139861161E+02
    1.950472577299E-05
    1.133645866783E+02
    1.945293769753E-05
    1.135152873405E+02
    1.940132098390E-05
    1.136660881028E+02
    1.934987580875E-05
    1.138169889652E+02
    1.929860120280E-05
    1.139679899277E+02
    1.924749575499E-05
    1.141190909902E+02
    1.919655971639E-05
    1.142702921528E+02
    1.914579192887E-05
    1.144215934155E+02
    1.909519180455E-05
    1.145729947782E+02
    1.904475899022E-05
    1.147244962411E+02
    1.899449240931E-05
    1.148760978040E+02
    1.894439161662E-05
    1.150277994670E+02
    1.889445582262E-05
    1.151796012300E+02
    1.884468449141E-05
    1.153315030931E+02
    1.879507690418E-05
    1.154835050563E+02
    1.874563232137E-05
    1.156356071196E+02
    1.869635050690E-05
    1.157878092830E+02
    1.864723028990E-05
    1.159401115464E+02
    1.859827162903E-05
    1.160925139099E+02
    1.854947332353E-05
    1.162450163735E+02
    1.850083471381E-05
    1.163976189371E+02
    1.845235581725E-05
    1.165503216009E+02
    1.840403569457E-05
    1.167031243647E+02
    1.835587303307E-05
    1.168560272285E+02
    1.830786802117E-05
    1.170090301925E+02
    1.826002022692E-05
    1.171621332565E+02
    1.821232835535E-05
    1.173153364206E+02
    1.816479182050E-05
    1.174686396848E+02
    1.811741095280E-05
    1.176220430490E+02
    1.807018411238E-05
    1.177755465133E+02
    1.802311067152E-05
    1.179291500777E+02
    1.797619082425E-05
    1.180828537422E+02
    1.792942386375E-05
    1.182366575068E+02
    1.788280825026E-05
    1.183905613714E+02
    1.783634441524E-05
    1.185445653361E+02
    1.779003155431E-05
    1.186986694008E+02
    1.774386857130E-05
    1.188528735657E+02
    1.769785517628E-05
    1.190071778306E+02
    1.765199097648E-05
    1.191615821956E+02
    1.760627579701E-05
    1.193160866607E+02
    1.756070744463E-05
    1.194706912258E+02
    1.751528711491E-05
    1.196253958910E+02
    1.747001321233E-05
    1.197802006563E+02
    1.742488563585E-05
    1.199351055217E+02
    1.737990373431E-05
    1.200901104871E+02
    1.733506697061E-05
    1.202452155526E+02
    1.729037479741E-05
    1.204004207182E+02
    1.724582630090E-05
    1.205557259839E+02
    1.720142068491E-05
    1.207111313496E+02
    1.715715880153E-05
    1.208666368154E+02
    1.711303842346E-05
    1.210222423813E+02
    1.706906067743E-05
    1.211779480473E+02
    1.702522354625E-05
    1.213337538133E+02
    1.698152725700E-05
    1.214896596794E+02
    1.693797058932E-05
    1.216456656456E+02
    1.689455418122E-05
    1.218017717119E+02
    1.685127646697E-05
    1.219579778782E+02
    1.680813730301E-05
    1.221142841446E+02
    1.676513562467E-05
    1.222706905111E+02
    1.672227189885E-05
    1.224271969777E+02
    1.667954504071E-05
    1.225838035443E+02
    1.663695423321E-05
    1.227405102110E+02
    1.659449972380E-05
    1.228973169778E+02
    1.655218055670E-05
    1.230542238446E+02
    1.650999595495E-05
    1.232112308116E+02
    1.646794549516E-05
    1.233683378786E+02
    1.642602911177E-05
    1.235255450456E+02
    1.638424587701E-05
    1.236828523128E+02
    1.634259536210E-05
    1.238402596800E+02
    1.630107701575E-05
    1.239977671473E+02
    1.625969079560E-05
    1.241553747147E+02
    1.621843542825E-05
    1.243130823822E+02
    1.617731142078E-05
    1.244708901497E+02
    1.613631703599E-05
    1.246287980173E+02
    1.609545283489E-05
    1.247868059850E+02
    1.605471768929E-05
    1.249449140527E+02
    1.601411122583E-05
    1.251031222205E+02
    1.597363373088E-05
    1.252614304885E+02
    1.593328324740E-05
    1.254198388564E+02
    1.589306060621E-05
    1.255783473245E+02
    1.585296457002E-05
    1.257369558926E+02
    1.581299489771E-05
    1.258956645608E+02
    1.577315109416E-05
    1.260544733291E+02
    1.573343275788E-05
    1.262133821974E+02
    1.569383918024E-05
    1.263723911658E+02
    1.565437037281E-05
    1.265315002343E+02
    1.561502543495E-05
    1.266907094029E+02
    1.557580433043E-05
    1.268500186716E+02
    1.553670599616E-05
    1.270094280403E+02
    1.549773009282E-05
    1.271689375091E+02
    1.545887634073E-05
    1.273285470779E+02
    1.542014443789E-05
    1.274882567469E+02
    1.538153377161E-05
    1.276480665159E+02
    1.534304378409E-05
    1.278079763850E+02
    1.530467462740E-05
    1.279679863542E+02
    1.526642486119E-05
    1.281280964234E+02
    1.522829456055E-05
    1.282883065927E+02
    1.519028296805E-05
    1.284486168621E+02
    1.515239038644E-05
    1.286090272316E+02
    1.511461573748E-05
    1.287695377011E+02
    1.507695840050E-05
    1.289301482707E+02
    1.503941870126E-05
    1.290908589404E+02
    1.500199563535E-05
    1.292516697102E+02
    1.496468874295E-05
    1.294125805800E+02
    1.492749797577E-05
    1.295735915499E+02
    1.489042249042E-05
    1.297347026199E+02
    1.485346177412E-05
    1.298959137900E+02
    1.481661632261E-05
    1.300572250601E+02
    1.477988455661E-05
    1.302186364303E+02
    1.474326659514E-05
    1.303801479006E+02
    1.470676238331E-05
    1.305417594710E+02
    1.467037080835E-05
    1.307034711414E+02
    1.463409142228E-05
    1.308652829119E+02
    1.459792468953E-05
    1.310271947825E+02
    1.456186904051E-05
    1.311892067532E+02
    1.452592535656E-05
    1.313513188239E+02
    1.449009190124E-05
    1.315135309947E+02
    1.445436914992E-05
    1.316758432656E+02
    1.441875622914E-05
    1.318382556365E+02
    1.438325275155E-05
    1.320007681076E+02
    1.434785879916E-05
    1.321633806787E+02
    1.431257346928E-05
    1.323260933499E+02
    1.427739682329E-05
    1.324889061211E+02
    1.424232799669E-05
    1.326518189924E+02
    1.420736693432E-05
    1.328148319638E+02
    1.417251281026E-05
    1.329779450353E+02
    1.413776559962E-05
    1.331411582069E+02
    1.410312485405E-05
    1.333044714785E+02
    1.406859024720E-05
    1.334678848502E+02
    1.403416093328E-05
    1.336313983220E+02
    1.399983742714E-05
    1.337950118938E+02
    1.396561844507E-05
    1.339587255658E+02
    1.393150376236E-05
    1.341225393378E+02
    1.389749351674E-05
    1.342864532098E+02
    1.386358642124E-05
    1.344504671820E+02
    1.382978368677E-05
    1.346145812542E+02
    1.379608314199E-05
    1.347787954265E+02
    1.376248547438E-05
    1.349431096989E+02
    1.372899015217E-05
    1.351075240713E+02
    1.369559596928E-05
    1.352720385439E+02
    1.366230409001E-05
    1.354366531164E+02
    1.362911293892E-05
    1.356013677891E+02
    1.359602267783E-05
    1.357661825619E+02
    1.356303231680E-05
    1.359310974347E+02
    1.353014217007E-05
    1.360961124076E+02
    1.349735196426E-05
    1.362612274805E+02
    1.346466111281E-05
    1.364264426536E+02
    1.343206891230E-05
    1.365917579267E+02
    1.339957505935E-05
    1.367571732999E+02
    1.336717950975E-05
    1.369226887732E+02
    1.333488198468E-05
    1.370883043465E+02
    1.330268195298E-05
    1.372540200199E+02
    1.327057878794E-05
    1.374198357934E+02
    1.323857243429E-05
    1.375857516670E+02
    1.320666281421E-05
    1.377517676406E+02
    1.317484921562E-05
    1.379178837143E+02
    1.314313129080E-05
    1.380840998881E+02
    1.311150884248E-05
    1.382504161620E+02
    1.307998122455E-05
    1.384168325359E+02
    1.304854854870E-05
    1.385833490099E+02
    1.301721024873E-05
    1.387499655840E+02
    1.298596575475E-05
    1.389166822582E+02
    1.295481470137E-05
    1.390834990324E+02
    1.292375699791E-05
    1.392504159067E+02
    1.289279310164E-05
    1.394174328811E+02
    1.286192164125E-05
    1.395845499556E+02
    1.283114185894E-05
    1.397517671301E+02
    1.280045486898E-05
    1.399190844047E+02
    1.276985908100E-05
    1.400865017794E+02
    1.273935457392E-05
    1.402540192542E+02
    1.270894165436E-05
    1.404216368290E+02
    1.267861916276E-05
    1.405893545039E+02
    1.264838698910E-05
    1.407571722789E+02
    1.261824492735E-05
    1.409250901540E+02
    1.258819242521E-05
    1.410931081291E+02
    1.255822932988E-05
    1.412612262043E+02
    1.252835575236E-05
    1.414294443796E+02
    1.249857045181E-05
    1.415977626549E+02
    1.246887381002E-05
    1.417661810304E+02
    1.243926572313E-05
    1.419346995059E+02
    1.240974498888E-05
    1.421033180814E+02
    1.238031181217E-05
    1.422720367571E+02
    1.235096588858E-05
    1.424408555328E+02
    1.232170661624E-05
    1.426097744086E+02
    1.229253430332E-05
    1.427787933845E+02
    1.226344825533E-05
    1.429479124605E+02
    1.223444799261E-05
    1.431171316365E+02
    1.220553357474E-05
    1.432864509126E+02
    1.217670465175E-05
    1.434558702888E+02
    1.214796002619E-05
    1.436253897650E+02
    1.211930084448E-05
    1.437950093413E+02
    1.209072620383E-05
    1.439647290177E+02
    1.206223571285E-05
    1.441345487942E+02
    1.203382870661E-05
    1.443044686708E+02
    1.200550577441E-05
    1.444744886474E+02
    1.197726586207E-05
    1.446446087241E+02
    1.194910907822E-05
    1.448148289008E+02
    1.192103450054E-05
    1.449851491777E+02
    1.189304261204E-05
    1.451555695546E+02
    1.186513276364E-05
    1.453260900316E+02
    1.183730523563E-05
    1.454967106087E+02
    1.180955837489E-05
    1.456674312858E+02
    1.178189368744E-05
    1.458382520630E+02
    1.175430948316E-05
    1.460091729403E+02
    1.172680576469E-05
    1.461801939177E+02
    1.169938260170E-05
    1.463513149951E+02
    1.167203983945E-05
    1.465225361727E+02
    1.164477635453E-05
    1.466938574503E+02
    1.161759301966E-05
    1.468652788279E+02
    1.159048873088E-05
    1.470368003057E+02
    1.156346309965E-05
    1.472084218835E+02
    1.153651709069E-05
    1.473801435614E+02
    1.150964897958E-05
    1.475519653393E+02
    1.148285854190E-05
    1.477238872174E+02
    1.145614635414E-05
    1.478959091955E+02
    1.142951212654E-05
    1.480680312737E+02
    1.140295505027E-05
    1.482402534519E+02
    1.137647512652E-05
    1.484125757303E+02
    1.135007181982E-05
    1.485849981087E+02
    1.132374555035E-05
    1.487575205872E+02
    1.129749515344E-05
    1.489301431657E+02
    1.127132062347E-05
    1.491028658444E+02
    1.124522191454E-05
    1.492756886231E+02
    1.121919898900E-05
    1.494486115019E+02
    1.119325098880E-05
    1.496216344807E+02
    1.116737799483E-05
    1.497947575596E+02
    1.114158019939E-05
    1.499679807387E+02
    1.111585642696E-05
    1.501413040177E+02
    1.109020677621E-05
    1.503147273969E+02
    1.106463160238E-05
    1.504882508761E+02
    1.103912987574E-05
    1.506618744554E+02
    1.101370123674E-05
    1.508355981348E+02
    1.098834570981E-05
    1.510094219143E+02
    1.096306315733E-05
    1.511833457938E+02
    1.093785378894E-05
    1.513573697734E+02
    1.091271658729E-05
    1.515314938531E+02
    1.088765149041E-05
    1.517057180328E+02
    1.086265829611E-05
    1.518800423127E+02
    1.083773670068E-05
    1.520544666926E+02
    1.081288671379E-05
    1.522289911725E+02
    1.078810785505E-05
    1.524036157526E+02
    1.076339973087E-05
    1.525783404327E+02
    1.073876263858E-05
    1.527531652129E+02
    1.071419615467E-05
    1.529280900932E+02
    1.068969901683E-05
    1.531031150735E+02
    1.066527261272E-05
    1.532782401540E+02
    1.064091596928E-05
    1.534534653345E+02
    1.061662832020E-05
    1.536287906150E+02
    1.059241032016E-05
    1.538042159957E+02
    1.056826106140E-05
    1.539797414764E+02
    1.054418096886E-05
    1.541553670572E+02
    1.052016898608E-05
    1.543310927381E+02
    1.049622556235E-05
    1.545069185190E+02
    1.047235006458E-05
    1.546828444000E+02
    1.044854259555E-05
    1.548588703811E+02
    1.042480290820E-05
    1.550349964623E+02
    1.040112984963E-05
    1.552112226436E+02
    1.037752450782E-05
    1.553875489249E+02
    1.035398602877E-05
    1.555639753063E+02
    1.033051457602E-05
    1.557405017877E+02
    1.030710917639E-05
    1.559171283693E+02
    1.028377011724E-05
    1.560938550509E+02
    1.026049715114E-05
    1.562706818326E+02
    1.023729009023E-05
    1.564476087144E+02
    1.021414872888E-05
    1.566246356962E+02
    1.019107206925E-05
    1.568017627781E+02
    1.016806099312E-05
    1.569789899601E+02
    1.014511441898E-05
    1.571563172422E+02
    1.012223269289E-05
    1.573337446243E+02
    1.009941591978E-05
    1.575112721065E+02
    1.007666319902E-05
    1.576888996888E+02
    1.005397453478E-05
    1.578666273712E+02
    1.003134920131E-05
    1.580444551536E+02
    1.000878804264E-05
    1.582223830361E+02
    9.986289944245E-06
    1.584004110187E+02
    9.963855215200E-06
    1.585785391014E+02
    9.941483352915E-06
    1.587567672841E+02
    9.919174465832E-06
    1.589350955669E+02
    9.896927846382E-06
    1.591135239498E+02
    9.874743760190E-06
    1.592920524328E+02
    9.852621802364E-06
    1.594706810158E+02
    9.830561531660E-06
    1.596494096989E+02
    9.808563174657E-06
    1.598282384821E+02
    9.786625754409E-06
    1.600071673653E+02
    9.764750581076E-06
    1.601861963487E+02
    9.742935820453E-06
    1.603653254321E+02
    9.721182297480E-06
    1.605445546156E+02
    9.699489327230E-06
    1.607238838991E+02
    9.677856725054E-06
    1.609033132827E+02
    9.656284506733E-06
    1.610828427664E+02
    9.634772076913E-06
    1.612624723502E+02
    9.613319925180E-06
    1.614422020341E+02
    9.591927042535E-06
    1.616220318180E+02
    9.570593544693E-06
    1.618019617020E+02
    9.549320048054E-06
    1.619819916861E+02
    9.528105577032E-06
    1.621621217702E+02
    9.506949116843E-06
    1.623423519545E+02
    9.485852266627E-06
    1.625226822388E+02
    9.464813519082E-06
    1.627031126231E+02
    9.443833090797E-06
    1.628836431076E+02
    9.422911100333E-06
    1.630642736921E+02
    9.402046453074E-06
    1.632450043767E+02
    9.381239102550E-06
    1.634258351614E+02
    9.360490283987E-06
    1.636067660461E+02
    9.339798598817E-06
    1.637877970310E+02
    9.319163572551E-06
    1.639689281159E+02
    9.298585938657E-06
    1.641501593008E+02
    9.278064589467E-06
    1.643314905859E+02
    9.257600504569E-06
    1.645129219710E+02
    9.237192201100E-06
    1.646944534562E+02
    9.216840497403E-06
    1.648760850415E+02
    9.196544309982E-06
    1.650578167268E+02
    9.176304585775E-06
    1.652396485122E+02
    9.156120296303E-06
    1.654215803977E+02
    9.135990989863E-06
    1.656036123833E+02
    9.115918296699E-06
    1.657857444689E+02
    9.095899838678E-06
    1.659679766547E+02
    9.075935909745E-06
    1.661503089404E+02
    9.056027082809E-06
    1.663327413263E+02
    9.036172519581E-06
    1.665152738123E+02
    9.016373367834E-06
    1.666979063983E+02
    8.996627528422E-06
    1.668806390844E+02
    8.976935627684E-06
    1.670634718705E+02
    8.957297776525E-06
    1.672464047568E+02
    8.937713925638E-06
    1.674294377431E+02
    8.918183367301E-06
    1.676125708295E+02
    8.898705670269E-06
    1.677958040159E+02
    8.879281910594E-06
    1.679791373025E+02
    8.859910131779E-06
    1.681625706891E+02
    8.840591684595E-06
    1.683461041758E+02
    8.821326417747E-06
    1.685297377625E+02
    8.802112962358E-06
    1.687134714494E+02
    8.782951963714E-06
    1.688973052363E+02
    8.763842836624E-06
    1.690812391233E+02
    8.744785685937E-06
    1.692652731103E+02
    8.725780665374E-06
    1.694494071974E+02
    8.706827311330E-06
    1.696336413847E+02
    8.687925271566E-06
    1.698179756719E+02
    8.669074026385E-06
    1.700024100593E+02
    8.650273620359E-06
    1.701869445467E+02
    8.631525087207E-06
    1.703715791342E+02
    8.612827343092E-06
    1.705563138218E+02
    8.594178802061E-06
    1.707411486095E+02
    8.575582779769E-06
    1.709260834972E+02
    8.557035919252E-06
    1.711111184850E+02
    8.538538687881E-06
    1.712962535729E+02
    8.520091825842E-06
    1.714814887608E+02
    8.501695656939E-06
    1.716668240489E+02
    8.483347813053E-06
    1.718522594370E+02
    8.465050134542E-06
    1.720377949251E+02
    8.446801816509E-06
    1.722234305134E+02
    8.428602148064E-06
    1.724091662017E+02
    8.410451784679E-06
    1.725950019901E+02
    8.392350268001E-06
    1.727809378786E+02
    8.374297349257E-06
    1.729669738672E+02
    8.356292394519E-06
    1.731531099558E+02
    8.338336921316E-06
    1.733393461445E+02
    8.320429244344E-06
    1.735256824333E+02
    8.302569397429E-06
    1.737121188221E+02
    8.284757106974E-06
    1.738986553110E+02
    8.266992648538E-06
    1.740852919000E+02
    8.249277229689E-06
    1.742720285891E+02
    8.231607063016E-06
    1.744588653782E+02
    8.213985263461E-06
    1.746458022675E+02
    8.196411050637E-06
    1.748328392568E+02
    8.178882926543E-06
    1.750199763461E+02
    8.161402608804E-06
    1.752072135356E+02
    8.143968118547E-06
    1.753945508251E+02
    8.126579898550E-06
    1.755819882147E+02
    8.109238388079E-06
    1.757695257044E+02
    8.091943788408E-06
    1.759571632941E+02
    8.074694689345E-06
    1.761449009839E+02
    8.057492224542E-06
    1.763327387738E+02
    8.040334442570E-06
    1.765206766638E+02
    8.023222714033E-06
    1.767087146538E+02
    8.006156853601E-06
    1.768968527439E+02
    7.989136223335E-06
    1.770850909341E+02
    7.972160362712E-06
    1.772734292244E+02
    7.955229474023E-06
    1.774618676147E+02
    7.938344564939E-06
    1.776504061051E+02
    7.921503876599E-06
    1.778390446956E+02
    7.904707288952E-06
    1.780277833862E+02
    7.887955565002E-06
    1.782166221768E+02
    7.871248392582E-06
    1.784055610675E+02
    7.854585118169E-06
    1.785946000583E+02
    7.837966147221E-06
    1.787837391492E+02
    7.821391214878E-06
    1.789729783401E+02
    7.804859647793E-06
    1.791623176311E+02
    7.788372049204E-06
    1.793517570222E+02
    7.771927760488E-06
    1.795412965134E+02
    7.755526360604E-06
    1.797309361046E+02
    7.739169166501E-06
    1.799206757959E+02
    7.722854618317E-06
    1.801105155873E+02
    7.706583831587E-06
    1.803004554788E+02
    7.690355163192E-06
    1.804904954703E+02
    7.674169133067E-06
    1.806806355619E+02
    7.658025235361E-06
    1.808708757536E+02
    7.641924432457E-06
    1.810612160453E+02
    7.625866079870E-06
    1.812516564372E+02
    7.609849250288E-06
    1.814421969291E+02
    7.593874978086E-06
    1.816328375211E+02
    7.577942177641E-06
    1.818235782131E+02
    7.562051242969E-06
    1.820144190052E+02
    7.546201932699E-06
    1.822053598974E+02
    7.530394576890E-06
    1.823964008897E+02
    7.514628138327E-06
    1.825875419821E+02
    7.498903364713E-06
    1.827787831745E+02
    7.483219611420E-06
    1.829701244670E+02
    7.467576321523E-06
    1.831615658596E+02
    7.451973787073E-06
    1.833531073522E+02
    7.436412654876E-06
    1.835447489450E+02
    7.420891808823E-06
    1.837364906378E+02
    7.405411266476E-06
    1.839283324306E+02
    7.389971640446E-06
    1.841202743236E+02
    7.374571806166E-06
    1.843123163166E+02
    7.359212810607E-06
    1.845044584097E+02
    7.343892430920E-06
    1.846967006029E+02
    7.328612137122E-06
    1.848890428961E+02
    7.313371986332E-06
    1.850814852894E+02
    7.298171608995E-06
    1.852740277828E+02
    7.283011078998E-06
    1.854666703763E+02
    7.267888775836E-06
    1.856594130698E+02
    7.252806098811E-06
    1.858522558635E+02
    7.237763322361E-06
    1.860451987572E+02
    7.222758327309E-06
    1.862382417509E+02
    7.207793523789E-06
    1.864313848448E+02
    7.192865918205E-06
    1.866246280387E+02
    7.177978050912E-06
    1.868179713327E+02
    7.163128309857E-06
    1.870114147268E+02
    7.148317052697E-06
    1.872049582209E+02
    7.133543431632E-06
    1.873986018151E+02
    7.118809211862E-06
    1.875923455094E+02
    7.104111231964E-06
    1.877861893038E+02
    7.089452904381E-06
    1.879801331982E+02
    7.074831871456E-06
    1.881741771927E+02
    7.060248045791E-06
    1.883683212873E+02
    7.045702604188E-06
    1.885625654820E+02
    7.031194068114E-06
    1.887569097767E+02
    7.016722303114E-06
    1.889513541715E+02
    7.002288644480E-06
    1.891458986664E+02
    6.987891818355E-06
    1.893405432614E+02
    6.973531986517E-06
    1.895352879564E+02
    6.959208820001E-06
    1.897301327515E+02
    6.944922532584E-06
    1.899250776467E+02
    6.930673148945E-06
    1.901201226420E+02
    6.916459489814E-06
    1.903152677373E+02
    6.902283342345E-06
    1.905105129327E+02
    6.888142866382E-06
    1.907058582282E+02
    6.874038639188E-06
    1.909013036237E+02
    6.859970124299E-06
    1.910968491194E+02
    6.845938432593E-06
    1.912924947151E+02
    6.831941938744E-06
    1.914882404109E+02
    6.817981728838E-06
    1.916840862067E+02
    6.804056770441E-06
    1.918800321027E+02
    6.790166910626E-06
    1.920760780987E+02
    6.776313447999E-06
    1.922722241947E+02
    6.762494584069E-06
    1.924684703909E+02
    6.748711193018E-06
    1.926648166871E+02
    6.734962899482E-06
    1.928612630834E+02
    6.721249945093E-06
    1.930578095798E+02
    6.707570813055E-06
    1.932544561763E+02
    6.693927486384E-06
    1.934512028728E+02
    6.680318274402E-06
    1.936480496694E+02
    6.666743993864E-06
    1.938449965661E+02
    6.653203811044E-06
    1.940420435628E+02
    6.639698063269E-06
    1.942391906596E+02
    6.626227425387E-06
    1.944364378565E+02
    6.612789958492E-06
    1.946337851535E+02
    6.599387351751E-06
    1.948312325506E+02
    6.586018244695E-06
    1.950287800477E+02
    6.572682134738E-06
    1.952264276449E+02
    6.559380672570E-06
    1.954241753422E+02
    6.546112675396E-06
    1.956220231395E+02
    6.532877680734E-06
    1.958199710369E+02
    6.519676864339E-06
    1.960180190344E+02
    6.506509442161E-06
    1.962161671320E+02
    6.493374324208E-06
    1.964144153296E+02
    6.480273271184E-06
    1.966127636274E+02
    6.467204570011E-06
    1.968112120252E+02
    6.454169200691E-06
    1.970097605230E+02
    6.441166853725E-06
    1.972084091210E+02
    6.428197055810E-06
    1.974071578190E+02
    6.415259410544E-06
    1.976060066171E+02
    6.402355003389E-06
    1.978049555152E+02
    6.389482839944E-06
    1.980040045135E+02
    6.376643331259E-06
    1.982031536118E+02
    6.363834418288E-06
    1.984024028102E+02
    6.351059373740E-06
    1.986017521087E+02
    6.338315300543E-06
    1.988012015072E+02
    6.325604788312E-06
    1.990007510058E+02
    6.312924691793E-06
    1.992004006045E+02
    6.300276730719E-06
    1.994001503033E+02
    6.287660516348E-06
    1.996000001021E+02
    6.275075833700E-06
    1.997999500010E+02
    6.262522694398E-06
    2.000000000000E+02
    6.250000846338E-06
