           5         200  0.50000000000000000        2.0000000000000000
  1  1       0.00       2.00       3.00 **VQfit parameters
  -9.999986716735E-01  -1.030758475061E-01   3.842475112843E-01      9.635E-10
  1  2       2.00       3.00       4.00 **VQfit parameters
  -4.817921689322E-08   1.062349829980E-05  -3.287451362353E-04      2.201E-13
  1  2       1.00       2.00       3.00 **PmatFit parameters
  -1.850208803655E-06   1.388070460130E-04  -2.625411528370E-03      3.020E-12
  1  3       2.00       3.00       4.00 **VQfit parameters
   1.045880754068E-04  -1.385831215393E-02   6.958213506830E-01      9.540E-12
  1  3       1.00       2.00       3.00 **PmatFit parameters
  -1.679827273916E-03   4.898804933083E-01   1.540870791723E+01      3.218E-09
  1  4       2.00       3.00       4.00 **VQfit parameters
  -5.523894263158E-05   7.251333461689E-03  -3.570864021520E-01      5.273E-12
  1  4       1.00       2.00       3.00 **PmatFit parameters
  -4.003051657866E-03   1.056561030247E+00   2.835776429904E+01      1.004E-08
  1  5       2.00       3.00       4.00 **VQfit parameters
  -4.165373568764E-07   3.463456427754E-05  -7.165976216735E-04      1.210E-13
  1  5       1.00       2.00       3.00 **PmatFit parameters
  -2.596687045103E-06   1.948107290674E-04  -3.684673682459E-03      4.230E-12
  2  2       0.00       2.00       3.00 **VQfit parameters
  -2.227553451633E-08   6.264476610870E-04  -1.144539668731E+00      8.311E-11
  2  3       2.00       3.00       4.00 **VQfit parameters
   1.939001383791E-07  -1.885917610099E-05   4.360354702273E-04      1.523E-13
  2  3       1.00       2.00       3.00 **PmatFit parameters
  -2.625799183610E-05   2.768067730485E-03  -6.738646791336E-02      1.460E-09
  2  4       2.00       3.00       4.00 **VQfit parameters
  -3.113037675974E-07   2.472693948898E-05  -4.930676551570E-04      5.990E-14
  2  4       1.00       2.00       3.00 **PmatFit parameters
   1.599487612180E-05  -1.400085987080E-03   3.024603740132E-02      3.658E-10
  2  5       2.00       3.00       4.00 **VQfit parameters
   1.315241017885E-11  -1.337895630677E-09   3.235732736158E-08      2.177E-17
  2  5       1.00       2.00       3.00 **PmatFit parameters
  -5.844677503317E-05  -1.199605073766E+00  -2.714532245094E+00      9.341E-10
  3  3       0.00       2.00       3.00 **VQfit parameters
   3.119036350213E-06   3.428081646449E+00   1.327290617051E+01      2.457E-09
  3  4       2.00       3.00       4.00 **VQfit parameters
   5.935662600674E-04  -7.754416929174E-02   3.274681184845E+00      6.089E-11
  3  4       1.00       2.00       3.00 **PmatFit parameters
   2.473012200959E-04   1.603922363704E-01   2.076966623089E+00      1.647E-09
  3  5       2.00       3.00       4.00 **VQfit parameters
   6.780635625603E-07  -6.962167059701E-05   1.662066786397E-03      6.617E-13
  3  5       1.00       2.00       3.00 **PmatFit parameters
  -5.279318432064E-06   5.402344392253E-04  -1.293325088952E-02      2.638E-10
  4  4       0.00       2.00       3.00 **VQfit parameters
   1.150895372998E-05   1.371948353484E+01   5.620818068995E+01      8.906E-09
  4  5       2.00       3.00       4.00 **VQfit parameters
  -4.270580296985E-07   3.668192817612E-05  -7.792403031417E-04      1.733E-13
  4  5       1.00       2.00       3.00 **PmatFit parameters
   1.869881120785E-05  -1.632214507530E-03   3.518677046624E-02      4.192E-10
  5  5       0.00       2.00       3.00 **VQfit parameters
   2.080540007070E-05   3.091769387930E+01   1.246634366238E+02      1.482E-08
