9.9999999999999995E-07
0.000000000000E+00
3.1506837268610003E-04
0.000000000000E+00
1.2572734907440001E-03
0.000000000000E+00
2.8276153541750000E-03
0.000000000000E+00
5.0260939629780000E-03
0.000000000000E+00
7.8527093171529994E-03
0.000000000000E+00
1.1307461416700000E-02
0.000000000000E+00
1.5390350261620001E-02
0.000000000000E+00
2.0101375851909999E-02
0.000000000000E+00
2.5440538187570000E-02
0.000000000000E+00
3.1407837268610003E-02
0.000000000000E+00
3.8003273095020003E-02
0.000000000000E+00
4.5226845666799999E-02
0.000000000000E+00
5.3078554983949998E-02
0.000000000000E+00
6.1558401046479999E-02
0.000000000000E+00
7.0666383854370005E-02
0.000000000000E+00
8.0402503407640005E-02
0.000000000000E+00
9.0766759706279995E-02
0.000000000000E+00
1.0175915275029999E-01
0.000000000000E+00
1.1337968253970000E-01
0.000000000000E+00
1.2562834907439999E-01
0.000000000000E+00
1.3850515235460001E-01
0.000000000000E+00
1.5201009238009999E-01
0.000000000000E+00
1.6614316915089999E-01
0.000000000000E+00
1.8090438266719999E-01
0.000000000000E+00
1.9629373292880001E-01
0.000000000000E+00
2.1231121993579999E-01
0.000000000000E+00
2.2895684368819999E-01
0.000000000000E+00
2.4623060418590001E-01
0.000000000000E+00
2.6413250142900002E-01
0.000000000000E+00
2.8266253541750003E-01
0.000000000000E+00
3.0182070615130002E-01
0.000000000000E+00
3.2160701363060001E-01
0.000000000000E+00
3.4202145785520000E-01
0.000000000000E+00
3.6306403882510002E-01
0.000000000000E+00
3.8473475654049999E-01
0.000000000000E+00
4.0703361100120000E-01
0.000000000000E+00
4.2996060220729998E-01
0.000000000000E+00
4.5351573015870000E-01
0.000000000000E+00
4.7769899485560002E-01
0.000000000000E+00
5.0251039629780003E-01
0.000000000000E+00
5.2794993448530003E-01
0.000000000000E+00
5.5401760941830003E-01
0.000000000000E+00
5.8071342109659996E-01
0.000000000000E+00
6.0803736952029996E-01
0.000000000000E+00
6.3598945468940005E-01
0.000000000000E+00
6.6456967660379995E-01
0.000000000000E+00
6.9377803526360005E-01
0.000000000000E+00
7.2361453066879999E-01
0.000000000000E+00
7.5407916281929999E-01
0.000000000000E+00
7.8517193171529998E-01
0.000000000000E+00
8.1689283735649998E-01
0.000000000000E+00
8.4924187974319998E-01
0.000000000000E+00
8.8221905887530006E-01
0.000000000000E+00
9.1582437475269995E-01
0.000000000000E+00
9.5005782737550004E-01
0.000000000000E+00
9.8491941674359995E-01
0.000000000000E+00
1.0204091428569999E+00
0.000000000000E+00
1.0565270057159999E+00
0.000000000000E+00
1.0932730053199999E+00
0.000000000000E+00
1.1306471416699999E+00
0.000000000000E+00
1.1686494147649999E+00
0.000000000000E+00
1.2072798246050001E+00
0.000000000000E+00
1.2465383711910001E+00
0.000000000000E+00
1.2864250545220000E+00
0.000000000000E+00
1.3269398745990000E+00
0.000000000000E+00
1.3680828314210001E+00
0.000000000000E+00
1.4098539249880000E+00
0.000000000000E+00
1.4522531553010001E+00
0.000000000000E+00
1.4952805223590000E+00
0.000000000000E+00
1.5389360261620000E+00
0.000000000000E+00
1.5832196667109999E+00
0.000000000000E+00
1.6281314440050001E+00
0.000000000000E+00
1.6736713580439999E+00
0.000000000000E+00
1.7198394088290001E+00
0.000000000000E+00
1.7666355963589999E+00
0.000000000000E+00
1.8140599206350001E+00
0.000000000000E+00
1.8621123816559999E+00
0.000000000000E+00
1.9107929794220000E+00
0.000000000000E+00
1.9601017139340000E+00
0.000000000000E+00
2.0100385851909999E+00
0.000000000000E+00
2.0606035931940001E+00
0.000000000000E+00
2.1117967379409999E+00
0.000000000000E+00
2.1636180194349999E+00
0.000000000000E+00
2.2160674376729999E+00
0.000000000000E+00
2.2691449926570000E+00
0.000000000000E+00
2.3228506843860002E+00
0.000000000000E+00
2.3771845128610001E+00
0.000000000000E+00
2.4321464780810000E+00
0.000000000000E+00
2.4877365800470002E+00
0.000000000000E+00
2.5439548187569998E+00
0.000000000000E+00
2.6008011942140001E+00
0.000000000000E+00
2.6582757064150000E+00
0.000000000000E+00
2.7163783553620000E+00
0.000000000000E+00
2.7751091410540001E+00
0.000000000000E+00
2.8344680634919999E+00
0.000000000000E+00
2.8944551226750002E+00
0.000000000000E+00
2.9550703186040002E+00
0.000000000000E+00
3.0163136512770001E+00
0.000000000000E+00
3.0781851206959998E+00
0.000000000000E+00
3.1406847268610001E+00
0.000000000000E+00
3.2038124697710000E+00
0.000000000000E+00
3.2675683494259999E+00
0.000000000000E+00
3.3319523658270001E+00
0.000000000000E+00
3.3969645189729998E+00
0.000000000000E+00
3.4626048088640000E+00
0.000000000000E+00
3.5288732355010000E+00
0.000000000000E+00
3.5957697988830000E+00
0.000000000000E+00
3.6632944990110001E+00
0.000000000000E+00
3.7314473358839999E+00
0.000000000000E+00
3.8002283095020002E+00
0.000000000000E+00
3.8696374198650001E+00
0.000000000000E+00
3.9396746669740002E+00
0.000000000000E+00
4.0103400508289999E+00
0.000000000000E+00
4.0816335714290002E+00
0.000000000000E+00
4.1535552287739996E+00
0.000000000000E+00
4.2261050228640000E+00
0.000000000000E+00
4.2992829536999997E+00
0.000000000000E+00
4.3730890212810003E+00
0.000000000000E+00
4.4475232256080002E+00
0.000000000000E+00
4.5225855666800001E+00
0.000000000000E+00
4.5982760444970001E+00
0.000000000000E+00
4.6745946590600003E+00
0.000000000000E+00
4.7515414103679996E+00
0.000000000000E+00
4.8291162984209999E+00
0.000000000000E+00
4.9073193232200003E+00
0.000000000000E+00
4.9861504847650000E+00
0.000000000000E+00
5.0656097830539997E+00
0.000000000000E+00
5.1456972180890004E+00
0.000000000000E+00
5.2264127898690003E+00
0.000000000000E+00
5.3077564983950003E+00
0.000000000000E+00
5.3897283436660004E+00
0.000000000000E+00
5.4723283256829998E+00
0.000000000000E+00
5.5555564444440000E+00
0.000000000000E+00
5.6394126999519996E+00
0.000000000000E+00
5.7238970922040000E+00
0.000000000000E+00
5.8090096212019997E+00
0.000000000000E+00
5.8947502869450004E+00
0.000000000000E+00
5.9811190894340003E+00
0.000000000000E+00
6.0681160286680003E+00
0.000000000000E+00
6.1557411046480004E+00
0.000000000000E+00
6.2439943173719996E+00
0.000000000000E+00
6.3328756668430000E+00
0.000000000000E+00
6.4223851530580003E+00
0.000000000000E+00
6.5125227760189999E+00
0.000000000000E+00
6.6032885357250004E+00
0.000000000000E+00
6.6946824321770002E+00
0.000000000000E+00
6.7867044653740001E+00
0.000000000000E+00
6.8793546353160000E+00
0.000000000000E+00
6.9726329420040001E+00
0.000000000000E+00
7.0665393854370002E+00
0.000000000000E+00
7.1610739656159996E+00
0.000000000000E+00
7.2562366825400000E+00
0.000000000000E+00
7.3520275362090004E+00
0.000000000000E+00
7.4484465266240001E+00
0.000000000000E+00
7.5454936537839998E+00
0.000000000000E+00
7.6431689176889996E+00
0.000000000000E+00
7.7414723183399996E+00
0.000000000000E+00
7.8404038557359996E+00
0.000000000000E+00
7.9399635298769997E+00
0.000000000000E+00
8.0401513407640000E+00
0.000000000000E+00
8.1409672883960003E+00
0.000000000000E+00
8.2424113727740007E+00
0.000000000000E+00
8.3444835938969995E+00
0.000000000000E+00
8.4471839517650000E+00
0.000000000000E+00
8.5505124463790008E+00
0.000000000000E+00
8.6544690777379998E+00
0.000000000000E+00
8.7590538458430007E+00
0.000000000000E+00
8.8642667506930000E+00
0.000000000000E+00
8.9701077922879993E+00
0.000000000000E+00
9.0765769706280004E+00
0.000000000000E+00
9.1836742857139999E+00
0.000000000000E+00
9.2913997375459996E+00
0.000000000000E+00
9.3997533261219992E+00
0.000000000000E+00
9.5087350514440008E+00
0.000000000000E+00
9.6183449135120007E+00
0.000000000000E+00
9.7285829123250007E+00
0.000000000000E+00
9.8394490478830008E+00
0.000000000000E+00
9.9509433201859991E+00
0.000000000000E+00
1.0063065729240000E+01
0.000000000000E+00
1.0175816275030000E+01
0.000000000000E+00
1.0289194957570000E+01
0.000000000000E+00
1.0403201776850000E+01
0.000000000000E+00
1.0517836732879999E+01
0.000000000000E+00
1.0633099825660000E+01
0.000000000000E+00
1.0748991055179999E+01
0.000000000000E+00
1.0865510421450001E+01
0.000000000000E+00
1.0982657924460000E+01
0.000000000000E+00
1.1100433564219999E+01
0.000000000000E+00
1.1218837340720000E+01
0.000000000000E+00
1.1337869253970000E+01
0.000000000000E+00
1.1457529303959999E+01
0.000000000000E+00
1.1577817490699999E+01
0.000000000000E+00
1.1698733814180001E+01
0.000000000000E+00
1.1820278274410001E+01
0.000000000000E+00
1.1942450871389999E+01
0.000000000000E+00
1.2065251605109999E+01
0.000000000000E+00
1.2188680475569999E+01
0.000000000000E+00
1.2312737482790000E+01
0.000000000000E+00
1.2437422626740000E+01
0.000000000000E+00
1.2562735907440000E+01
0.000000000000E+00
1.2688677324890000E+01
0.000000000000E+00
1.2815246879080000E+01
0.000000000000E+00
1.2942444570019999E+01
0.000000000000E+00
1.3070270397700000E+01
0.000000000000E+00
1.3198724362129999E+01
0.000000000000E+00
1.3327806463310001E+01
0.000000000000E+00
1.3457516701230000E+01
0.000000000000E+00
1.3587855075889999E+01
0.000000000000E+00
1.3718821587300001E+01
0.000000000000E+00
1.3850416235459999E+01
0.000000000000E+00
1.3982639020360001E+01
0.000000000000E+00
1.4115489942000000E+01
0.000000000000E+00
1.4248969000400001E+01
0.000000000000E+00
1.4383076195530000E+01
0.000000000000E+00
1.4517811527419999E+01
0.000000000000E+00
1.4653174996040001E+01
0.000000000000E+00
1.4789166601420000E+01
0.000000000000E+00
1.4925786343530000E+01
0.000000000000E+00
1.5063034222400001E+01
0.000000000000E+00
1.5200910238010000E+01
0.000000000000E+00
1.5339414390360000E+01
0.000000000000E+00
1.5478546679460001E+01
0.000000000000E+00
1.5618307105310000E+01
0.000000000000E+00
1.5758695667900000E+01
0.000000000000E+00
1.5899712367230000E+01
0.000000000000E+00
1.6041357203320000E+01
0.000000000000E+00
1.6183630176139999E+01
0.000000000000E+00
1.6326531285710001E+01
0.000000000000E+00
1.6470060532030001E+01
0.000000000000E+00
1.6614217915089998E+01
0.000000000000E+00
1.6759003434899999E+01
0.000000000000E+00
1.6904417091460001E+01
0.000000000000E+00
1.7050458884760001E+01
0.000000000000E+00
1.7197128814799999E+01
0.000000000000E+00
1.7344426881590000E+01
0.000000000000E+00
1.7492353085129999E+01
0.000000000000E+00
1.7640907425409999E+01
0.000000000000E+00
1.7790089902430001E+01
0.000000000000E+00
1.7939900516200002E+01
0.000000000000E+00
1.8090339266720001E+01
0.000000000000E+00
1.8241406153980002E+01
0.000000000000E+00
1.8393101177990001E+01
0.000000000000E+00
1.8545424338739998E+01
0.000000000000E+00
1.8698375636240002E+01
0.000000000000E+00
1.8851955070479999E+01
0.000000000000E+00
1.9006162641469999E+01
0.000000000000E+00
1.9160998349210001E+01
0.000000000000E+00
1.9316462193690001E+01
0.000000000000E+00
1.9472554174910002E+01
0.000000000000E+00
1.9629274292880002E+01
0.000000000000E+00
1.9786622547600000E+01
0.000000000000E+00
1.9944598939060000E+01
0.000000000000E+00
2.0103203467259998E+01
0.000000000000E+00
2.0262436132220000E+01
0.000000000000E+00
2.0422296933910001E+01
0.000000000000E+00
2.0582785872359999E+01
0.000000000000E+00
2.0743902947540001E+01
0.000000000000E+00
2.0905648159479998E+01
0.000000000000E+00
2.1068021508160001E+01
0.000000000000E+00
2.1231022993580002E+01
0.000000000000E+00
2.1394652615750001E+01
0.000000000000E+00
2.1558910374660002E+01
0.000000000000E+00
2.1723796270320001E+01
0.000000000000E+00
2.1889310302729999E+01
0.000000000000E+00
2.2055452471879999E+01
0.000000000000E+00
2.2222222777780001E+01
0.000000000000E+00
2.2389621220420000E+01
0.000000000000E+00
2.2557647799809999E+01
0.000000000000E+00
2.2726302515939999E+01
0.000000000000E+00
2.2895585368820001E+01
0.000000000000E+00
2.3065496358440001E+01
0.000000000000E+00
2.3236035484809999E+01
0.000000000000E+00
2.3407202747920000E+01
0.000000000000E+00
2.3578998147779998E+01
0.000000000000E+00
2.3751421684389999E+01
0.000000000000E+00
2.3924473357739998E+01
0.000000000000E+00
2.4098153167829999E+01
0.000000000000E+00
2.4272461114670001E+01
0.000000000000E+00
2.4447397198259999E+01
0.000000000000E+00
2.4622961418589998E+01
0.000000000000E+00
2.4799153775670000E+01
0.000000000000E+00
2.4975974269489999E+01
0.000000000000E+00
2.5153422900060001E+01
0.000000000000E+00
2.5331499667370000E+01
0.000000000000E+00
2.5510204571429998E+01
0.000000000000E+00
2.5689537612230001E+01
0.000000000000E+00
2.5869498789780000E+01
0.000000000000E+00
2.6050088104080000E+01
0.000000000000E+00
2.6231305555119999E+01
0.000000000000E+00
2.6413151142899999E+01
0.000000000000E+00
2.6595624867430001E+01
0.000000000000E+00
2.6778726728710001E+01
0.000000000000E+00
2.6962456726730000E+01
0.000000000000E+00
2.7146814861500001E+01
0.000000000000E+00
2.7331801133010000E+01
0.000000000000E+00
2.7517415541270001E+01
0.000000000000E+00
2.7703658086270000E+01
0.000000000000E+00
2.7890528768020001E+01
0.000000000000E+00
2.8078027586510000E+01
0.000000000000E+00
2.8266154541750002E+01
0.000000000000E+00
2.8454909633730001E+01
0.000000000000E+00
2.8644292862459999E+01
0.000000000000E+00
2.8834304227939999E+01
0.000000000000E+00
2.9024943730160000E+01
0.000000000000E+00
2.9216211369120000E+01
0.000000000000E+00
2.9408107144839999E+01
0.000000000000E+00
2.9600631057289998E+01
0.000000000000E+00
2.9793783106490000E+01
0.000000000000E+00
2.9987563292440001E+01
0.000000000000E+00
3.0181971615129999E+01
0.000000000000E+00
3.0377008074570000E+01
0.000000000000E+00
3.0572672670759999E+01
0.000000000000E+00
3.0768965403679999E+01
0.000000000000E+00
3.0965886273359999E+01
0.000000000000E+00
3.1163435279780000E+01
0.000000000000E+00
3.1361612422939999E+01
0.000000000000E+00
3.1560417702850000E+01
0.000000000000E+00
3.1759851119510000E+01
0.000000000000E+00
3.1959912672910001E+01
0.000000000000E+00
3.2160602363060001E+01
0.000000000000E+00
3.2361920189949998E+01
0.000000000000E+00
3.2563866153589998E+01
0.000000000000E+00
3.2766440253970003E+01
0.000000000000E+00
3.2969642491099997E+01
0.000000000000E+00
3.3173472864970002E+01
0.000000000000E+00
3.3377931375590002E+01
0.000000000000E+00
3.3583018022950000E+01
0.000000000000E+00
3.3788732807060001E+01
0.000000000000E+00
3.3995075727920003E+01
0.000000000000E+00
3.4202046785519997E+01
0.000000000000E+00
3.4409645979860002E+01
0.000000000000E+00
3.4617873310950003E+01
0.000000000000E+00
3.4826728778789999E+01
0.000000000000E+00
3.5036212383370000E+01
0.000000000000E+00
3.5246324124700003E+01
0.000000000000E+00
3.5457064002769997E+01
0.000000000000E+00
3.5668432017590000E+01
0.000000000000E+00
3.5880428169150001E+01
0.000000000000E+00
3.6093052457459997E+01
0.000000000000E+00
3.6306304882509998E+01
0.000000000000E+00
3.6520185444310002E+01
0.000000000000E+00
3.6734694142860000E+01
0.000000000000E+00
3.6949830978149997E+01
0.000000000000E+00
3.7165595950179998E+01
0.000000000000E+00
3.7381989058960002E+01
0.000000000000E+00
3.7599010304490001E+01
0.000000000000E+00
3.7816659686759998E+01
0.000000000000E+00
3.8034937205779997E+01
0.000000000000E+00
3.8253842861540001E+01
0.000000000000E+00
3.8473376654050000E+01
0.000000000000E+00
3.8693538583299997E+01
0.000000000000E+00
3.8914328649300003E+01
0.000000000000E+00
3.9135746852040000E+01
0.000000000000E+00
3.9357793191530000E+01
0.000000000000E+00
3.9580467667770002E+01
0.000000000000E+00
3.9803770280750001E+01
0.000000000000E+00
4.0027701030469998E+01
0.000000000000E+00
4.0252259916939998E+01
0.000000000000E+00
4.0477446940160000E+01
0.000000000000E+00
4.0703262100120000E+01
0.000000000000E+00
4.0929705396830002E+01
0.000000000000E+00
4.1156776830280002E+01
0.000000000000E+00
4.1384476400470000E+01
0.000000000000E+00
4.1612804107419997E+01
0.000000000000E+00
4.1841759951109999E+01
0.000000000000E+00
4.2071343931540000E+01
0.000000000000E+00
4.2301556048720002E+01
0.000000000000E+00
4.2532396302640002E+01
0.000000000000E+00
4.2763864693309998E+01
0.000000000000E+00
4.2995961220730003E+01
0.000000000000E+00
4.3228685884889998E+01
0.000000000000E+00
4.3462038685789999E+01
0.000000000000E+00
4.3696019623440002E+01
0.000000000000E+00
4.3930628697840000E+01
0.000000000000E+00
4.4165865908980003E+01
0.000000000000E+00
4.4401731256870001E+01
0.000000000000E+00
4.4638224741499997E+01
0.000000000000E+00
4.4875346362880002E+01
0.000000000000E+00
4.5113096120999998E+01
0.000000000000E+00
4.5351474015869996E+01
0.000000000000E+00
4.5590480047489997E+01
0.000000000000E+00
4.5830114215850003E+01
0.000000000000E+00
4.6070376520949999E+01
0.000000000000E+00
4.6311266962799998E+01
0.000000000000E+00
4.6552785541399999E+01
0.000000000000E+00
4.6794932256739997E+01
0.000000000000E+00
4.7037707108820001E+01
0.000000000000E+00
4.7281110097659997E+01
0.000000000000E+00
4.7525141223230001E+01
0.000000000000E+00
4.7769800485559998E+01
0.000000000000E+00
4.8015087884620002E+01
0.000000000000E+00
4.8261003420439998E+01
0.000000000000E+00
4.8507547092999999E+01
0.000000000000E+00
4.8754718902299999E+01
0.000000000000E+00
4.9002518848350000E+01
0.000000000000E+00
4.9250946931140000E+01
0.000000000000E+00
4.9500003150680001E+01
0.000000000000E+00
4.9749687506969998E+01
0.000000000000E+00
5.0000000000000000E+01
0.000000000000E+00
