9.9999999999999995E-07
3.476093563740E-47
3.1506837268610122E-04
3.944246306431E-41
1.2572734907444049E-03
5.648558470711E-40
2.8276153541749107E-03
7.688696427059E-39
5.0260939629776192E-03
2.561685601271E-36
7.8527093171525293E-03
1.325938883241E-33
1.1307461416699643E-02
2.187429358099E-31
1.5390350261618960E-02
1.636592915851E-29
2.0101375851910477E-02
6.877234834885E-28
2.5440538187574194E-02
1.859076265092E-26
3.1407837268610121E-02
3.548292602059E-25
3.8003273095018247E-02
5.109554665138E-24
4.5226845666798576E-02
5.829785507003E-23
5.3078554983951101E-02
5.469708907176E-22
6.1558401046475843E-02
4.343616337678E-21
7.0666383854372766E-02
2.987023686057E-20
8.0402503407641907E-02
1.811822887934E-19
9.0766759706283243E-02
9.840271110355E-19
1.0175915275029679E-01
4.845140489370E-18
1.1337968253968253E-01
2.185350147310E-17
1.2562834907444048E-01
9.108641302835E-17
1.3850515235457062E-01
3.534590422881E-16
1.5201009238007299E-01
1.285139750659E-15
1.6614316915094754E-01
4.402303585333E-15
1.8090438266719430E-01
1.427594698033E-14
1.9629373292881325E-01
4.400863084953E-14
2.1231121993580440E-01
1.294400317807E-13
2.2895684368816777E-01
3.644163002534E-13
2.4623060418590337E-01
9.848370446803E-13
2.6413250142901112E-01
2.561347413567E-12
2.8266253541749109E-01
6.425256034347E-12
3.0182070615134327E-01
1.557781928927E-11
3.2160701363056765E-01
3.656816968429E-11
3.4202145785516419E-01
8.325058709316E-11
3.6306403882513300E-01
1.840759476830E-10
3.8473475654047395E-01
3.958312022782E-10
4.0703361100118712E-01
8.288016795841E-10
4.2996060220727256E-01
1.691595082717E-09
4.5351573015873009E-01
3.368866395902E-09
4.7769899485555994E-01
6.552588165856E-09
5.0251039629776195E-01
1.245810228027E-08
5.2794993448533611E-01
2.317079914297E-08
5.5401760941828249E-01
4.218866341941E-08
5.8071342109660118E-01
7.525062134199E-08
6.0803736952029186E-01
1.315706517673E-07
6.3598945468935497E-01
2.256322271769E-07
6.6456967660379018E-01
3.797349850535E-07
6.9377803526359760E-01
6.275223876948E-07
7.2361453066877723E-01
1.018750788183E-06
7.5407916281932896E-01
1.625580588944E-06
7.8517193171525301E-01
2.550671708931E-06
8.1689283735654927E-01
3.937340501613E-06
8.4924187974321752E-01
5.981976170553E-06
8.8221905887525820E-01
8.948815860908E-06
9.1582437475267109E-01
1.318703622120E-05
9.5005782737545608E-01
1.914993685899E-05
9.8491941674361339E-01
2.741577450310E-05
1.0204091428571429E+00
3.870956819280E-05
1.0565270057160445E+00
5.392495306796E-05
1.0932730053203183E+00
7.414493506984E-05
1.1306471416699644E+00
1.006602149777E-04
1.1686494147649826E+00
1.349836312322E-04
1.2072798246053731E+00
1.788592372685E-04
1.2465383711911358E+00
2.342645950353E-04
1.2864250545222706E+00
3.034050383112E-04
1.3269398745987775E+00
3.886989341889E-04
1.3680828314206568E+00
4.927533357523E-04
1.4098539249879083E+00
6.183298517718E-04
1.4522531553005318E+00
7.683010315375E-04
1.4952805223585279E+00
9.455980419953E-04
1.5389360261618958E+00
1.153150866557E-03
1.5832196667106362E+00
1.393822649108E-03
1.6281314440047485E+00
1.670340116965E-03
1.6736713580442331E+00
1.985222224438E-03
1.7198394088290903E+00
2.340709254666E-03
1.7666355963593192E+00
2.738694600936E-03
1.8140599206349204E+00
3.180661327737E-03
1.8621123816558942E+00
3.667625401152E-03
1.9107929794222396E+00
4.200087197725E-03
1.9601017139339574E+00
4.777992573346E-03
2.0100385851910478E+00
5.400704422110E-03
2.0606035931935098E+00
6.066985301242E-03
2.1117967379413445E+00
6.774991360782E-03
2.1636180194345513E+00
7.522277510233E-03
2.2160674376731300E+00
8.305813488776E-03
2.2691449926570813E+00
9.122010285938E-03
2.3228506843864047E+00
9.966756186669E-03
2.3771845128611000E+00
1.083546158555E-02
2.4321464780811675E+00
1.172311162386E-02
2.4877365800466076E+00
1.262432564280E-02
2.5439548187574199E+00
1.353342240843E-02
2.6008011942136040E+00
1.444449004068E-02
2.6582757064151608E+00
1.535145956298E-02
2.7163783553620893E+00
1.624818097618E-02
2.7751091410543904E+00
1.712850074574E-02
2.8344680634920634E+00
1.798633957497E-02
2.8944551226751085E+00
1.881576931981E-02
2.9550703186035263E+00
1.961108788533E-02
3.0163136512773159E+00
2.036689093621E-02
3.0781851206964777E+00
2.107813925775E-02
3.1406847268610121E+00
2.174022062799E-02
3.2038124697709183E+00
2.234900511004E-02
3.2675683494261971E+00
2.290089275259E-02
3.3319523658268473E+00
2.339285279922E-02
3.3969645189728701E+00
2.382245365457E-02
3.4626048088642656E+00
2.418788303567E-02
3.5288732355010328E+00
2.448795794994E-02
3.5957697988831727E+00
2.472212437394E-02
3.6632944990106839E+00
2.489044675827E-02
3.7314473358835683E+00
2.499358773857E-02
3.8002283095018243E+00
2.503277868117E-02
3.8696374198654526E+00
2.500978192572E-02
3.9396746669744536E+00
2.492684577958E-02
4.0103400508288258E+00
2.478665350101E-02
4.0816335714285712E+00
2.459226761011E-02
4.1535552287736888E+00
2.434707094793E-02
4.2261050228641777E+00
2.405470592144E-02
4.2992829537000397E+00
2.371901333119E-02
4.3730890212812739E+00
2.334397212522E-02
4.4475232256078785E+00
2.293364127205E-02
4.5225855666798571E+00
2.249210482413E-02
4.5982760444972079E+00
2.202342105392E-02
4.6745946590599310E+00
2.153157636554E-02
4.7515414103680254E+00
2.102044447481E-02
4.8291162984214919E+00
2.049375120028E-02
4.9073193232203307E+00
1.995504496670E-02
4.9861504847645426E+00
1.940767303222E-02
5.0656097830541267E+00
1.885476324829E-02
5.1456972180890821E+00
1.829921107038E-02
5.2264127898694106E+00
1.774367145584E-02
5.3077564983951095E+00
1.719055519018E-02
5.3897283436661834E+00
1.664202914263E-02
5.4723283256826267E+00
1.610001995496E-02
5.5555564444444441E+00
1.556622062278E-02
5.6394126999516327E+00
1.504209946177E-02
5.7238970922041945E+00
1.452891098490E-02
5.8090096212021276E+00
1.402770822145E-02
5.8947502869454338E+00
1.353935604675E-02
5.9811190894341113E+00
1.306454520263E-02
6.0681160286681610E+00
1.260380661709E-02
6.1557411046475838E+00
1.215752579607E-02
6.2439943173723780E+00
1.172595702079E-02
6.3328756668425443E+00
1.130923718013E-02
6.4223851530580838E+00
1.090739906647E-02
6.5125227760189945E+00
1.052038403450E-02
6.6032885357252775E+00
1.014805392051E-02
6.6946824321769327E+00
9.790202187551E-03
6.7867044653739610E+00
9.446564242188E-03
6.8793546353163615E+00
9.116826915307E-03
6.9726329420041324E+00
8.800637116575E-03
7.0665393854372773E+00
8.497609679888E-03
7.1610739656157936E+00
8.207334400790E-03
7.2562366825396820E+00
7.929382344787E-03
7.3520275362089436E+00
7.663311422999E-03
7.4484465266235764E+00
7.408671310155E-03
7.5454936537835806E+00
7.165007734828E-03
7.6431689176889588E+00
6.931866200759E-03
7.7414723183397083E+00
6.708795166446E-03
7.8404038557358300E+00
6.495348761208E-03
7.9399635298773239E+00
6.291089051987E-03
8.0401513407641900E+00
6.095587928050E-03
8.1409672883964284E+00
5.908428622900E-03
8.2424113727740398E+00
5.729206935467E-03
8.3444835938970225E+00
5.557532165060E-03
8.4471839517653784E+00
5.393027805898E-03
8.5505124463791038E+00
5.235332028707E-03
8.6544690777382058E+00
5.084097978664E-03
8.7590538458426774E+00
4.938993912591E-03
8.8642667506925203E+00
4.799703196399E-03
8.9701077922877364E+00
4.665924193928E-03
9.0765769706283255E+00
4.537370051119E-03
9.1836742857142859E+00
4.413768410059E-03
9.2913997375456177E+00
4.294861042254E-03
9.3997533261223225E+00
4.180403446096E-03
9.5087350514443987E+00
4.070164391305E-03
9.6183449135118479E+00
3.963925437112E-03
9.7285829123246703E+00
3.861480430092E-03
9.8394490478828640E+00
3.762634981782E-03
9.9509433201864308E+00
3.667205946179E-03
1.0063065729235369E+01
3.575020883224E-03
1.0175816275029678E+01
3.485917538269E-03
1.0289194957569361E+01
3.399743316486E-03
1.0403201776854416E+01
3.316354773387E-03
1.0517836732884843E+01
3.235617110730E-03
1.0633099825660643E+01
3.157403695048E-03
1.0748991055181813E+01
3.081595586826E-03
1.0865510421448358E+01
3.008081084360E-03
1.0982657924460273E+01
2.936755293120E-03
1.1100433564217560E+01
2.867519707037E-03
1.1218837340720221E+01
2.800281812251E-03
1.1337869253968254E+01
2.734954707863E-03
1.1457529303961659E+01
2.671456750535E-03
1.1577817490700435E+01
2.609711210145E-03
1.1698733814184584E+01
2.549645951710E-03
1.1820278274414106E+01
2.491193131559E-03
1.1942450871388997E+01
2.434288912222E-03
1.2065251605109264E+01
2.378873193934E-03
1.2188680475574902E+01
2.324889361591E-03
1.2312737482785911E+01
2.272284052003E-03
1.2437422626742293E+01
2.221006929877E-03
1.2562735907444049E+01
2.171010483440E-03
1.2688677324891179E+01
2.122249831111E-03
1.2815246879083672E+01
2.074682540470E-03
1.2942444570021546E+01
2.028268462578E-03
1.3070270397704789E+01
1.982969575722E-03
1.3198724362133406E+01
1.938749838557E-03
1.3327806463307390E+01
1.895575057403E-03
1.3457516701226751E+01
1.853412760293E-03
1.3587855075891481E+01
1.812232080658E-03
1.3718821587301589E+01
1.772003648818E-03
1.3850416235457063E+01
1.732699492169E-03
1.3982639020357915E+01
1.694292943620E-03
1.4115489942004132E+01
1.656758554859E-03
1.4248969000395729E+01
1.620072015824E-03
1.4383076195532690E+01
1.584210082148E-03
1.4517811527415031E+01
1.549150506605E-03
1.4653174996042736E+01
1.514871975585E-03
1.4789166601415822E+01
1.481354050681E-03
1.4925786343534273E+01
1.448577114473E-03
1.5063034222398104E+01
1.416522319254E-03
1.5200910238007296E+01
1.385171543317E-03
1.5339414390361872E+01
1.354507344274E-03
1.5478546679461811E+01
1.324512920984E-03
1.5618307105307132E+01
1.295172076358E-03
1.5758695667897815E+01
1.266469182639E-03
1.5899712367233878E+01
1.238389150287E-03
1.6041357203315304E+01
1.210917396091E-03
1.6183630176142110E+01
1.184039818531E-03
1.6326531285714285E+01
1.157742771173E-03
1.6470060532031834E+01
1.132013036676E-03
1.6614217915094756E+01
1.106837808219E-03
1.6759003434903050E+01
1.082204667086E-03
1.6904417091456711E+01
1.058101563062E-03
1.7050458884755752E+01
1.034516796779E-03
1.7197128814800156E+01
1.011439003613E-03
1.7344426881589943E+01
9.888571375087E-04
1.7492353085125092E+01
9.667604570367E-04
1.7640907425405622E+01
9.451385104980E-04
1.7790089902431514E+01
9.239811245605E-04
1.7939900516202790E+01
9.032783913118E-04
1.8090339266719429E+01
8.830206572219E-04
1.8241406153981448E+01
8.631985128560E-04
1.8393101177988832E+01
8.438027832527E-04
1.8545424338741594E+01
8.248245173064E-04
1.8698375636239721E+01
8.062549811013E-04
1.8851955070483228E+01
7.880856481856E-04
1.9006162641472102E+01
7.703081916450E-04
1.9160998349206352E+01
7.529144781590E-04
1.9316462193685968E+01
7.358965597031E-04
1.9472554174910961E+01
7.192466681735E-04
1.9629274292881323E+01
7.029572085789E-04
1.9786622547597066E+01
6.870207529999E-04
1.9944598939058171E+01
6.714300361504E-04
2.0103203467264656E+01
6.561779490003E-04
2.0262436132216504E+01
6.412575348374E-04
2.0422296933913735E+01
6.266619842162E-04
2.0582785872356329E+01
6.123846296830E-04
2.0743902947544303E+01
5.984189428798E-04
2.0905648159477639E+01
5.847585306221E-04
2.1068021508156360E+01
5.713971294115E-04
2.1231022993580439E+01
5.583286038200E-04
2.1394652615749902E+01
5.455469413072E-04
2.1558910374664730E+01
5.330462508212E-04
2.1723796270324936E+01
5.208207576492E-04
2.1889310302730507E+01
5.088648021893E-04
2.2055452471881463E+01
4.971728360220E-04
2.2222222777777777E+01
4.857394196264E-04
2.2389621220419471E+01
4.745592199797E-04
2.2557647799806531E+01
4.636270071228E-04
2.2726302515938972E+01
4.529376528011E-04
2.2895585368816779E+01
4.424861282281E-04
2.3065496358439962E+01
4.322675007659E-04
2.3236035484808511E+01
4.222769328659E-04
2.3407202747922440E+01
4.125096799835E-04
2.3578998147781736E+01
4.029610879212E-04
2.3751421684386408E+01
3.936265920328E-04
2.3924473357736446E+01
3.845017138316E-04
2.4098153167831864E+01
3.755820612600E-04
2.4272461114672645E+01
3.668633251964E-04
2.4447397198258809E+01
3.583412790920E-04
2.4622961418590336E+01
3.500117765127E-04
2.4799153775667239E+01
3.418707505245E-04
2.4975974269489512E+01
3.339142113964E-04
2.5153422900057162E+01
3.261382453167E-04
2.5331499667370178E+01
3.185390134201E-04
2.5510204571428574E+01
3.111127504032E-04
2.5689537612232336E+01
3.038557626097E-04
2.5869498789781474E+01
2.967644274574E-04
2.6050088104075975E+01
2.898351915771E-04
2.6231305555115863E+01
2.830645703784E-04
2.6413151142901107E+01
2.764491460396E-04
2.6595624867431738E+01
2.699855669737E-04
2.6778726728707731E+01
2.636705461216E-04
2.6962456726729105E+01
2.575008605235E-04
2.7146814861495841E+01
2.514733496985E-04
2.7331801133007964E+01
2.455849148435E-04
2.7517415541265443E+01
2.398325176992E-04
2.7703658086268305E+01
2.342131798338E-04
2.7890528768016530E+01
2.287239808376E-04
2.8078027586510135E+01
2.233620582834E-04
2.8266154541749110E+01
2.181246063304E-04
2.8454909633733457E+01
2.130088748381E-04
2.8644292862463175E+01
2.080121682108E-04
2.8834304227938269E+01
2.031318446043E-04
2.9024943730158729E+01
1.983653156035E-04
2.9216211369124569E+01
1.937100443593E-04
2.9408107144835775E+01
1.891635452736E-04
2.9600631057292354E+01
1.847233830575E-04
2.9793783106494306E+01
1.803871721702E-04
2.9987563292441632E+01
1.761525751154E-04
3.0181971615134323E+01
1.720173026931E-04
3.0377008074572398E+01
1.679791122412E-04
3.0572672670755836E+01
1.640358077171E-04
3.0768965403684657E+01
1.601852379502E-04
3.0965886273358830E+01
1.564252967209E-04
3.1163435279778398E+01
1.527539216291E-04
3.1361612422943317E+01
1.491690928889E-04
3.1560417702853631E+01
1.456688335880E-04
3.1759851119509296E+01
1.422512079876E-04
3.1959912672910345E+01
1.389143213187E-04
3.2160602363056761E+01
1.356563186490E-04
3.2361920189948556E+01
1.324753847977E-04
3.2563866153585714E+01
1.293697431181E-04
3.2766440253968256E+01
1.263376547600E-04
3.2969642491096160E+01
1.233774182699E-04
3.3173472864969440E+01
1.204873688942E-04
3.3377931375588091E+01
1.176658777170E-04
3.3583018022952118E+01
1.149113509682E-04
3.3788732807061514E+01
1.122222297084E-04
3.3995075727916287E+01
1.095969887357E-04
3.4202046785516416E+01
1.070341364176E-04
3.4409645979861942E+01
1.045322137298E-04
3.4617873310952824E+01
1.020897935719E-04
3.4826728778789082E+01
9.970548059045E-05
3.5036212383370710E+01
9.737790995937E-05
3.5246324124697715E+01
9.510574740322E-05
3.5457064002770082E+01
9.288768825652E-05
3.5668432017587833E+01
9.072245680547E-05
3.5880428169150946E+01
8.860880620222E-05
3.6093052457459443E+01
8.654551713289E-05
3.6306304882513302E+01
8.453139804177E-05
3.6520185444312538E+01
8.256528417127E-05
3.6734694142857144E+01
8.064603697746E-05
3.6949830978147126E+01
7.877254386400E-05
3.7165595950182471E+01
7.694371732459E-05
3.7381989058963200E+01
7.515849487360E-05
3.7599010304489290E+01
7.341583807241E-05
3.7816659686760765E+01
7.171473243816E-05
3.8034937205777595E+01
7.005418655287E-05
3.8253842861539816E+01
6.843323198968E-05
3.8473376654047392E+01
6.685092248435E-05
3.8693538583300359E+01
6.530633370680E-05
3.8914328649298682E+01
6.379856269163E-05
3.9135746852042388E+01
6.232672747660E-05
3.9357793191531457E+01
6.088996654255E-05
3.9580467667765909E+01
5.948743836795E-05
3.9803770280745724E+01
5.811832120481E-05
4.0027701030470915E+01
5.678181242583E-05
4.0252259916941476E+01
5.547712823309E-05
4.0477446940157414E+01
5.420350319002E-05
4.0703262100118714E+01
5.296018983278E-05
4.0929705396825405E+01
5.174645848867E-05
4.1156776830277444E+01
5.056159645871E-05
4.1384476400474874E+01
4.940490794282E-05
4.1612804107417666E+01
4.827571365473E-05
4.1841759951105836E+01
4.717335051272E-05
4.2071343931539374E+01
4.609717088554E-05
4.2301556048718290E+01
4.504654279573E-05
4.2532396302642567E+01
4.402084925594E-05
4.2763864693312229E+01
4.301948792456E-05
4.2995961220727253E+01
4.204187093405E-05
4.3228685884887661E+01
4.108742436662E-05
4.3462038685793431E+01
4.015558811361E-05
4.3696019623444577E+01
3.924581550189E-05
4.3930628697841094E+01
3.835757294359E-05
4.4165865908982987E+01
3.749033969862E-05
4.4401731256870242E+01
3.664360746249E-05
4.4638224741502881E+01
3.581688036573E-05
4.4875346362880883E+01
3.500967424122E-05
4.5113096121004268E+01
3.422151684357E-05
4.5351474015873016E+01
3.345194725410E-05
4.5590480047487141E+01
3.270051557171E-05
4.5830114215846635E+01
3.196678293908E-05
4.6070376520951505E+01
3.125032109135E-05
4.6311266962801739E+01
3.055071216343E-05
4.6552785541397355E+01
2.986754834582E-05
4.6794932256738335E+01
2.920043179801E-05
4.7037707108824698E+01
2.854897438834E-05
4.7281110097656416E+01
2.791279734989E-05
4.7525141223233526E+01
2.729153115742E-05
4.7769800485555990E+01
2.668481530302E-05
4.8015087884623846E+01
2.609229804951E-05
4.8261003420437056E+01
2.551363621325E-05
4.8507547092995651E+01
2.494849504564E-05
4.8754718902299608E+01
2.439654791495E-05
4.9002518848348949E+01
2.385747617726E-05
4.9250946931143645E+01
2.333096900774E-05
4.9500003150683732E+01
2.281672313685E-05
4.9749687506969174E+01
2.231444277313E-05
5.0000000000000000E+01
2.182383927176E-05
