# 1 400
1.000000000000E-06 -6.000000000000E+00
3.150683726861E-04 -5.998371543324E+00
1.257273490744E-03 -5.999888856926E+00
2.827615354175E-03 -5.999951853561E+00
5.026093962978E-03 -5.999905866232E+00
7.852709317153E-03 -5.999783791692E+00
1.130746141670E-02 -5.999555841329E+00
1.539035026162E-02 -5.999178889328E+00
2.010137585191E-02 -5.998600213873E+00
2.544053818757E-02 -5.997758543481E+00
3.140783726861E-02 -5.996584610244E+00
3.800327309502E-02 -5.995001031573E+00
4.522684566680E-02 -5.992922569931E+00
5.307855498395E-02 -5.990256262655E+00
6.155840104648E-02 -5.986901622013E+00
7.066638385437E-02 -5.982750892033E+00
8.040250340764E-02 -5.977689360756E+00
9.076675970628E-02 -5.971595758702E+00
1.017591527503E-01 -5.964342715330E+00
1.133796825397E-01 -5.955797324205E+00
1.256283490744E-01 -5.945821789636E+00
1.385051523546E-01 -5.934274188808E+00
1.520100923801E-01 -5.921009340621E+00
1.661431691509E-01 -5.905879786299E+00
1.809043826672E-01 -5.888736892065E+00
1.962937329288E-01 -5.869432067453E+00
2.123112199358E-01 -5.847818101014E+00
2.289568436882E-01 -5.823750603849E+00
2.462306041859E-01 -5.797089558381E+00
2.641325014290E-01 -5.767700951579E+00
2.826625354175E-01 -5.735458484056E+00
3.018207061513E-01 -5.700245327201E+00
3.216070136306E-01 -5.661955909084E+00
3.420214578552E-01 -5.620497695541E+00
3.630640388251E-01 -5.575792938075E+00
3.847347565405E-01 -5.527780351023E+00
4.070336110012E-01 -5.476416680376E+00
4.299606022073E-01 -5.421678127407E+00
4.535157301587E-01 -5.363561586524E+00
4.776989948556E-01 -5.302085660611E+00
5.025103962978E-01 -5.237291418868E+00
5.279499344853E-01 -5.169242866062E+00
5.540176094183E-01 -5.098027097358E+00
5.807134210966E-01 -5.023754120014E+00
6.080373695203E-01 -4.946556330564E+00
6.359894546894E-01 -4.866587645023E+00
6.645696766038E-01 -4.784022288658E+00
6.937780352636E-01 -4.699053261134E+00
7.236145306688E-01 -4.611890502769E+00
7.540791628193E-01 -4.522758795033E+00
7.851719317153E-01 -4.431895437435E+00
8.168928373565E-01 -4.339547748178E+00
8.492418797432E-01 -4.245970441397E+00
8.822190588753E-01 -4.151422936512E+00
9.158243747527E-01 -4.056166656401E+00
9.500578273755E-01 -3.960462369849E+00
9.849194167436E-01 -3.864567631669E+00
1.020409142857E+00 -3.768734368617E+00
1.056527005716E+00 -3.673206654069E+00
1.093273005320E+00 -3.578218706859E+00
1.130647141670E+00 -3.483993142040E+00
1.168649414765E+00 -3.390739492985E+00
1.207279824605E+00 -3.298653015842E+00
1.246538371191E+00 -3.207913779136E+00
1.286425054522E+00 -3.118686033712E+00
1.326939874599E+00 -3.031117851543E+00
1.368082831421E+00 -2.945341015855E+00
1.409853924988E+00 -2.861471140456E+00
1.452253155301E+00 -2.779607992705E+00
1.495280522359E+00 -2.699835991986E+00
1.538936026162E+00 -2.622224854607E+00
1.583219666711E+00 -2.546830355709E+00
1.628131444005E+00 -2.473695179668E+00
1.673671358044E+00 -2.402849831984E+00
1.719839408829E+00 -2.334313587804E+00
1.766635596359E+00 -2.268095454898E+00
1.814059920635E+00 -2.204195131783E+00
1.862112381656E+00 -2.142603944775E+00
1.910792979422E+00 -2.083305750775E+00
1.960101713934E+00 -2.026277795610E+00
2.010038585191E+00 -1.971491520502E+00
2.060603593194E+00 -1.918913311761E+00
2.111796737941E+00 -1.868505191091E+00
2.163618019435E+00 -1.820225445675E+00
2.216067437673E+00 -1.774029198938E+00
2.269144992657E+00 -1.729868924029E+00
2.322850684386E+00 -1.687694903059E+00
2.377184512861E+00 -1.647455635813E+00
2.432146478081E+00 -1.609098202063E+00
2.487736580047E+00 -1.572568581826E+00
2.543954818757E+00 -1.537811937974E+00
2.600801194214E+00 -1.504772865484E+00
2.658275706415E+00 -1.473395611414E+00
2.716378355362E+00 -1.443624269426E+00
2.775109141054E+00 -1.415402952309E+00
2.834468063492E+00 -1.388675945633E+00
2.894455122675E+00 -1.363387845243E+00
2.955070318604E+00 -1.339483680962E+00
3.016313651277E+00 -1.316909028514E+00
3.078185120696E+00 -1.295610111317E+00
3.140684726861E+00 -1.275533893496E+00
3.203812469771E+00 -1.256628165255E+00
3.267568349426E+00 -1.238841621256E+00
3.331952365827E+00 -1.222123933013E+00
3.396964518973E+00 -1.206425815248E+00
3.462604808864E+00 -1.191699086977E+00
3.528873235501E+00 -1.177896727097E+00
3.595769798883E+00 -1.164972924886E+00
3.663294499011E+00 -1.152883125257E+00
3.731447335884E+00 -1.141584068855E+00
3.800228309502E+00 -1.131033826858E+00
3.869637419865E+00 -1.121191830228E+00
3.939674666974E+00 -1.112018894123E+00
4.010340050829E+00 -1.103477236340E+00
4.081633571429E+00 -1.095530490658E+00
4.153555228774E+00 -1.088143714741E+00
4.226105022864E+00 -1.081283392600E+00
4.299282953700E+00 -1.074917432259E+00
4.373089021281E+00 -1.069015157816E+00
4.447523225608E+00 -1.063547297146E+00
4.522585566680E+00 -1.058485964822E+00
4.598276044497E+00 -1.053804640794E+00
4.674594659060E+00 -1.049478144930E+00
4.751541410368E+00 -1.045482608400E+00
4.829116298421E+00 -1.041795440988E+00
4.907319323220E+00 -1.038395296452E+00
4.986150484765E+00 -1.035262034592E+00
5.065609783054E+00 -1.032376681564E+00
5.145697218089E+00 -1.029721388681E+00
5.226412789869E+00 -1.027279389437E+00
5.307756498395E+00 -1.025034955631E+00
5.389728343666E+00 -1.022973353241E+00
5.472328325683E+00 -1.021080797454E+00
5.555556444444E+00 -1.019344407988E+00
5.639412699952E+00 -1.017752164838E+00
5.723897092204E+00 -1.016292864008E+00
5.809009621202E+00 -1.014956074074E+00
5.894750286945E+00 -1.013732094541E+00
5.981119089434E+00 -1.012611913641E+00
6.068116028668E+00 -1.011587168900E+00
6.155741104648E+00 -1.010650108015E+00
6.243994317372E+00 -1.009793551727E+00
6.332875666843E+00 -1.009010857633E+00
6.422385153058E+00 -1.008295885995E+00
6.512522776019E+00 -1.007642966681E+00
6.603288535725E+00 -1.007046868243E+00
6.694682432177E+00 -1.006502767807E+00
6.786704465374E+00 -1.006006222967E+00
6.879354635316E+00 -1.005553145333E+00
6.972632942004E+00 -1.005139775306E+00
7.066539385437E+00 -1.004762657857E+00
7.161073965616E+00 -1.004418621119E+00
7.256236682540E+00 -1.004104754627E+00
7.352027536209E+00 -1.003818390250E+00
7.448446526624E+00 -1.003557083555E+00
7.545493653784E+00 -1.003318596752E+00
7.643168917689E+00 -1.003100882247E+00
7.741472318340E+00 -1.002902068500E+00
7.840403855736E+00 -1.002720445413E+00
7.939963529877E+00 -1.002554451874E+00
8.040151340764E+00 -1.002402663252E+00
8.140967288396E+00 -1.002263780864E+00
8.242411372774E+00 -1.002136621048E+00
8.344483593897E+00 -1.002020105919E+00
8.447183951765E+00 -1.001913254548E+00
8.550512446379E+00 -1.001815174789E+00
8.654469077738E+00 -1.001725055570E+00
8.759053845843E+00 -1.001642159893E+00
8.864266750693E+00 -1.001565818830E+00
8.970107792288E+00 -1.001495425129E+00
9.076576970628E+00 -1.001430428301E+00
9.183674285714E+00 -1.001370328725E+00
9.291399737546E+00 -1.001314674341E+00
9.399753326122E+00 -1.001263055309E+00
9.508735051444E+00 -1.001215100773E+00
9.618344913512E+00 -1.001170475281E+00
9.728582912325E+00 -1.001128875178E+00
9.839449047883E+00 -1.001090026201E+00
9.950943320186E+00 -1.001053679976E+00
1.006306572924E+01 -1.001019612772E+00
1.017581627503E+01 -1.000987621989E+00
1.028919495757E+01 -1.000957524873E+00
1.040320177685E+01 -1.000929156137E+00
1.051783673288E+01 -1.000902367092E+00
1.063309982566E+01 -1.000877023214E+00
1.074899105518E+01 -1.000853002871E+00
1.086551042145E+01 -1.000830196765E+00
1.098265792446E+01 -1.000808505851E+00
1.110043356422E+01 -1.000787840850E+00
1.121883734072E+01 -1.000768121093E+00
1.133786925397E+01 -1.000749273996E+00
1.145752930396E+01 -1.000731233429E+00
1.157781749070E+01 -1.000713940147E+00
1.169873381418E+01 -1.000697340372E+00
1.182027827441E+01 -1.000681385424E+00
1.194245087139E+01 -1.000666031141E+00
1.206525160511E+01 -1.000651237490E+00
1.218868047557E+01 -1.000636968534E+00
1.231273748279E+01 -1.000623191126E+00
1.243742262674E+01 -1.000609875499E+00
1.256273590744E+01 -1.000596994352E+00
1.268867732489E+01 -1.000584522729E+00
1.281524687908E+01 -1.000572438192E+00
1.294244457002E+01 -1.000560720004E+00
1.307027039770E+01 -1.000549349005E+00
1.319872436213E+01 -1.000538308055E+00
1.332780646331E+01 -1.000527581145E+00
1.345751670123E+01 -1.000517153481E+00
1.358785507589E+01 -1.000507011369E+00
1.371882158730E+01 -1.000497142342E+00
1.385041623546E+01 -1.000487534985E+00
1.398263902036E+01 -1.000478178385E+00
1.411548994200E+01 -1.000469062334E+00
1.424896900040E+01 -1.000460177638E+00
1.438307619553E+01 -1.000451515566E+00
1.451781152742E+01 -1.000443067888E+00
1.465317499604E+01 -1.000434826928E+00
1.478916660142E+01 -1.000426785450E+00
1.492578634353E+01 -1.000418936589E+00
1.506303422240E+01 -1.000411274295E+00
1.520091023801E+01 -1.000403791958E+00
1.533941439036E+01 -1.000396484037E+00
1.547854667946E+01 -1.000389345141E+00
1.561830710531E+01 -1.000382370049E+00
1.575869566790E+01 -1.000375553846E+00
1.589971236723E+01 -1.000368891478E+00
1.604135720332E+01 -1.000362378934E+00
1.618363017614E+01 -1.000356011697E+00
1.632653128571E+01 -1.000349785235E+00
1.647006053203E+01 -1.000343696257E+00
1.661421791509E+01 -1.000337740676E+00
1.675900343490E+01 -1.000331914597E+00
1.690441709146E+01 -1.000326214549E+00
1.705045888476E+01 -1.000320637341E+00
1.719712881480E+01 -1.000315179664E+00
1.734442688159E+01 -1.000309838436E+00
1.749235308513E+01 -1.000304610354E+00
1.764090742541E+01 -1.000299492720E+00
1.779008990243E+01 -1.000294482493E+00
1.793990051620E+01 -1.000289576930E+00
1.809033926672E+01 -1.000284773479E+00
1.824140615398E+01 -1.000280069593E+00
1.839310117799E+01 -1.000275462528E+00
1.854542433874E+01 -1.000270950328E+00
1.869837563624E+01 -1.000266530268E+00
1.885195507048E+01 -1.000262199969E+00
1.900616264147E+01 -1.000257957578E+00
1.916099834921E+01 -1.000253800672E+00
1.931646219369E+01 -1.000249727404E+00
1.947255417491E+01 -1.000245735565E+00
1.962927429288E+01 -1.000241823144E+00
1.978662254760E+01 -1.000237988549E+00
1.994459893906E+01 -1.000234229670E+00
2.010320346726E+01 -1.000230544938E+00
2.026243613222E+01 -1.000226932422E+00
2.042229693391E+01 -1.000223390158E+00
2.058278587236E+01 -1.000219917005E+00
2.074390294754E+01 -1.000216511374E+00
2.090564815948E+01 -1.000213171101E+00
2.106802150816E+01 -1.000209895201E+00
2.123102299358E+01 -1.000206681799E+00
2.139465261575E+01 -1.000203529985E+00
2.155891037466E+01 -1.000200437769E+00
2.172379627032E+01 -1.000197404327E+00
2.188931030273E+01 -1.000194428037E+00
2.205545247188E+01 -1.000191507707E+00
2.222222277778E+01 -1.000188642082E+00
2.238962122042E+01 -1.000185829577E+00
2.255764779981E+01 -1.000183069468E+00
2.272630251594E+01 -1.000180360632E+00
2.289558536882E+01 -1.000177701430E+00
2.306549635844E+01 -1.000175091206E+00
2.323603548481E+01 -1.000172528923E+00
2.340720274792E+01 -1.000170013209E+00
2.357899814778E+01 -1.000167543357E+00
2.375142168439E+01 -1.000165117790E+00
2.392447335774E+01 -1.000162736386E+00
2.409815316783E+01 -1.000160397495E+00
2.427246111467E+01 -1.000158100665E+00
2.444739719826E+01 -1.000155844712E+00
2.462296141859E+01 -1.000153629119E+00
2.479915377567E+01 -1.000151452566E+00
2.497597426949E+01 -1.000149314269E+00
2.515342290006E+01 -1.000147213785E+00
2.533149966737E+01 -1.000145150290E+00
2.551020457143E+01 -1.000143122612E+00
2.568953761223E+01 -1.000141130324E+00
2.586949878978E+01 -1.000139172474E+00
2.605008810408E+01 -1.000137248746E+00
2.623130555512E+01 -1.000135357955E+00
2.641315114290E+01 -1.000133499660E+00
2.659562486743E+01 -1.000131672937E+00
2.677872672871E+01 -1.000129877564E+00
2.696245672673E+01 -1.000128112620E+00
2.714681486150E+01 -1.000126377610E+00
2.733180113301E+01 -1.000124671927E+00
2.751741554127E+01 -1.000122995056E+00
2.770365808627E+01 -1.000121345873E+00
2.789052876802E+01 -1.000119724538E+00
2.807802758651E+01 -1.000118130291E+00
2.826615454175E+01 -1.000116562450E+00
2.845490963373E+01 -1.000115020261E+00
2.864429286246E+01 -1.000113503483E+00
2.883430422794E+01 -1.000112012110E+00
2.902494373016E+01 -1.000110544781E+00
2.921621136912E+01 -1.000109101396E+00
2.940810714484E+01 -1.000107681635E+00
2.960063105729E+01 -1.000106285162E+00
2.979378310649E+01 -1.000104910742E+00
2.998756329244E+01 -1.000103558830E+00
3.018197161513E+01 -1.000102228338E+00
3.037700807457E+01 -1.000100919511E+00
3.057267267076E+01 -1.000099631149E+00
3.076896540368E+01 -1.000098363662E+00
3.096588627336E+01 -1.000097116276E+00
3.116343527978E+01 -1.000095888155E+00
3.136161242294E+01 -1.000094679998E+00
3.156041770285E+01 -1.000093490463E+00
3.175985111951E+01 -1.000092319548E+00
3.195991267291E+01 -1.000091166694E+00
3.216060236306E+01 -1.000090032328E+00
3.236192018995E+01 -1.000088915427E+00
3.256386615359E+01 -1.000087815461E+00
3.276644025397E+01 -1.000086732612E+00
3.296964249110E+01 -1.000085666611E+00
3.317347286497E+01 -1.000084616754E+00
3.337793137559E+01 -1.000083582711E+00
3.358301802295E+01 -1.000082564707E+00
3.378873280706E+01 -1.000081561980E+00
3.399507572792E+01 -1.000080574826E+00
3.420204678552E+01 -1.000079602410E+00
3.440964597986E+01 -1.000078644309E+00
3.461787331095E+01 -1.000077700885E+00
3.482672877879E+01 -1.000076771096E+00
3.503621238337E+01 -1.000075855636E+00
3.524632412470E+01 -1.000074953743E+00
3.545706400277E+01 -1.000074065014E+00
3.566843201759E+01 -1.000073189905E+00
3.588042816915E+01 -1.000072326987E+00
3.609305245746E+01 -1.000071477341E+00
3.630630488251E+01 -1.000070640083E+00
3.652018544431E+01 -1.000069814725E+00
3.673469414286E+01 -1.000069001529E+00
3.694983097815E+01 -1.000068199856E+00
3.716559595018E+01 -1.000067410319E+00
3.738198905896E+01 -1.000066631883E+00
3.759901030449E+01 -1.000065864949E+00
3.781665968676E+01 -1.000065108609E+00
3.803493720578E+01 -1.000064363430E+00
3.825384286154E+01 -1.000063628575E+00
3.847337665405E+01 -1.000062904337E+00
3.869353858330E+01 -1.000062190419E+00
3.891432864930E+01 -1.000061486748E+00
3.913574685204E+01 -1.000060792758E+00
3.935779319153E+01 -1.000060108319E+00
3.958046766777E+01 -1.000059433857E+00
3.980377028075E+01 -1.000058768637E+00
4.002770103047E+01 -1.000058112695E+00
4.025225991694E+01 -1.000057465805E+00
4.047744694016E+01 -1.000056828027E+00
4.070326210012E+01 -1.000056199630E+00
4.092970539683E+01 -1.000055579074E+00
4.115677683028E+01 -1.000054967094E+00
4.138447640047E+01 -1.000054363886E+00
4.161280410742E+01 -1.000053769181E+00
4.184175995111E+01 -1.000053181613E+00
4.207134393154E+01 -1.000052602896E+00
4.230155604872E+01 -1.000052032037E+00
4.253239630264E+01 -1.000051468628E+00
4.276386469331E+01 -1.000050913019E+00
4.299596122073E+01 -1.000050364504E+00
4.322868588489E+01 -1.000049823617E+00
4.346203868579E+01 -1.000049290076E+00
4.369601962344E+01 -1.000048763473E+00
4.393062869784E+01 -1.000048243830E+00
4.416586590898E+01 -1.000047730832E+00
4.440173125687E+01 -1.000047225380E+00
4.463822474150E+01 -1.000046725763E+00
4.487534636288E+01 -1.000046233737E+00
4.511309612100E+01 -1.000045747742E+00
4.535147401587E+01 -1.000045267346E+00
4.559048004749E+01 -1.000044794008E+00
4.583011421585E+01 -1.000044326919E+00
4.607037652095E+01 -1.000043865823E+00
4.631126696280E+01 -1.000043410209E+00
4.655278554140E+01 -1.000042960917E+00
4.679493225674E+01 -1.000042517752E+00
4.703770710882E+01 -1.000042079838E+00
4.728111009766E+01 -1.000041647561E+00
4.752514122323E+01 -1.000041220924E+00
4.776980048556E+01 -1.000040799614E+00
4.801508788462E+01 -1.000040383588E+00
4.826100342044E+01 -1.000039973243E+00
4.850754709300E+01 -1.000039567810E+00
4.875471890230E+01 -1.000039167573E+00
4.900251884835E+01 -1.000038772631E+00
4.925094693114E+01 -1.000038382418E+00
4.950000315068E+01 -1.000037997267E+00
4.974968750697E+01 -1.000037616203E+00
5.000000000000E+01 -1.000037240229E+00
