  5         200  0.50000000000000000       2.0000000000000000
  1  1       0.00       2.00       3.00 **VQfit parameters
  -1.000022238481E+00   6.447337414880E-02  -1.409258335222E+00      8.292E-10
  1  2       2.00       3.00       4.00 **VQfit parameters
  -1.177995878759E-05   6.970955529083E-04  -1.051914902221E-02      7.828E-13
  1  2       1.00       2.00       3.00 **PmatFit parameters
   1.850208206779E-06  -1.388069906663E-04   2.625410251000E-03      3.020E-12
  1  3       2.00       3.00       4.00 **VQfit parameters
   2.979095997262E-03  -3.853467522760E-01  -1.172712374253E+00      9.369E-11
  1  3       1.00       2.00       3.00 **PmatFit parameters
  -1.679827274092E-03   4.898804933239E-01   1.540870791689E+01      3.218E-09
  1  4       2.00       3.00       4.00 **VQfit parameters
   4.456214462881E-03  -7.172061813169E-01  -1.702652691262E+00      1.658E-10
  1  4       1.00       2.00       3.00 **PmatFit parameters
  -4.003051658734E-03   1.056561030325E+00   2.835776429730E+01      1.004E-08
  1  5       2.00       3.00       4.00 **VQfit parameters
  -1.654776799125E-05   9.763094699868E-04  -1.468885537541E-02      1.098E-12
  1  5       1.00       2.00       3.00 **PmatFit parameters
   2.596686931679E-06  -1.948107189997E-04   3.684673459867E-03      4.230E-12
  2  2       0.00       2.00       3.00 **VQfit parameters
  -4.459025535156E-07  -2.139074841311E-01  -9.126424596968E-01      3.542E-10
  2  3       2.00       3.00       4.00 **VQfit parameters
  -4.804861324367E-09   2.158002717812E-05  -7.408579295827E-04      3.741E-13
  2  3       1.00       2.00       3.00 **PmatFit parameters
   2.625799306840E-05  -2.768067846820E-03   6.738647065149E-02      1.460E-09
  2  4       2.00       3.00       4.00 **VQfit parameters
   2.754856609338E-07  -3.087898310491E-05   7.545703597526E-04      2.102E-13
  2  4       1.00       2.00       3.00 **PmatFit parameters
  -1.599487540006E-05   1.400085921938E-03  -3.024603593689E-02      3.658E-10
  2  5       2.00       3.00       4.00 **VQfit parameters
  -4.720044412274E-03   7.977448442918E-01  -6.187118201630E+00      5.299E-11
  2  5       1.00       2.00       3.00 **PmatFit parameters
  -5.844677512290E-05  -1.199605073758E+00  -2.714532245296E+00      9.341E-10
  3  3       0.00       2.00       3.00 **VQfit parameters
   2.868055700076E-06   3.211277015490E+00   1.363805001930E+01      2.292E-09
  3  4       2.00       3.00       4.00 **VQfit parameters
   3.869995872721E-03  -6.193126533317E-01   7.709180932080E+00      2.644E-11
  3  4       1.00       2.00       3.00 **PmatFit parameters
   2.473012200527E-04   1.603922363743E-01   2.076966622996E+00      1.647E-09
  3  5       2.00       3.00       4.00 **VQfit parameters
  -7.887194534607E-07   1.069984114032E-04  -2.822234334411E-03      1.167E-12
  3  5       1.00       2.00       3.00 **PmatFit parameters
   5.279317633198E-06  -5.402343647038E-04   1.293324916219E-02      2.638E-10
  4  4       0.00       2.00       3.00 **VQfit parameters
   1.135263933593E-05   1.350123663724E+01   5.668180517677E+01      8.783E-09
  4  5       2.00       3.00       4.00 **VQfit parameters
   8.540453941618E-07  -8.434227807445E-05   1.944002040838E-03      5.127E-13
  4  5       1.00       2.00       3.00 **PmatFit parameters
  -1.869881121753E-05   1.632214509384E-03  -3.518677052770E-02      4.192E-10
  5  5       0.00       2.00       3.00 **VQfit parameters
   2.022067506074E-05   3.070082406327E+01   1.254651844587E+02      1.436E-08
