# 5 200
1.000000000000E-01 8.063698247937E+01 7.734573055608E+02 2.159097951562E+03 4.237558920645E+03 7.008840212755E+03
3.507537688442E-01 1.437060118850E+00 5.775108961724E+01 1.703788849739E+02 3.393207098289E+02 5.645764763022E+02
6.015075376884E-01 -2.571518111843E+00 1.657886576791E+01 5.487447294677E+01 1.123204638663E+02 1.889151184497E+02
8.522613065327E-01 -3.044976564237E+00 6.503120758994E+00 2.557020084140E+01 5.418536936274E+01 9.233892892932E+01
1.103015075377E+00 -2.841614469730E+00 2.882739305666E+00 1.424208581020E+01 3.132564606510E+01 5.410375068864E+01
1.353768844221E+00 -2.502341804984E+00 1.342359041046E+00 8.839508100345E+00 2.018038491639E+01 3.530172309134E+01
1.604522613065E+00 -2.175589238790E+00 6.267159772896E-01 5.901033629875E+00 1.397364913142E+01 2.473783401647E+01
1.855276381910E+00 -1.900290822978E+00 2.786842017938E-01 4.147815836330E+00 1.018432236550E+01 1.823501898824E+01
2.106030150754E+00 -1.680403957120E+00 1.066724763250E-01 3.027581646629E+00 7.709329820658E+00 1.395623084111E+01
2.356783919598E+00 -1.509405208916E+00 2.263358135094E-02 2.274007238964E+00 6.007753519617E+00 1.099471161295E+01
2.607537688442E+00 -1.378603518587E+00 -1.650149038750E-02 1.747074995429E+00 4.790356419537E+00 8.862304675296E+00
2.858291457286E+00 -1.279784359855E+00 -3.267273134456E-02 1.367669841426E+00 3.891436111013E+00 7.277638934168E+00
3.109045226131E+00 -1.205907233700E+00 -3.731650226101E-02 1.088248139041E+00 3.210550373260E+00 6.069320978881E+00
3.359798994975E+00 -1.151177970242E+00 -3.644171434611E-02 8.787094089743E-01 2.683896395021E+00 5.128085973491E+00
3.610552763819E+00 -1.110941493073E+00 -3.318577964287E-02 7.191663793664E-01 2.269328464214E+00 4.381579028958E+00
3.861306532663E+00 -1.081532120971E+00 -2.915010759494E-02 5.960351018467E-01 1.938077113423E+00 3.780326863495E+00
4.112060301508E+00 -1.060118635038E+00 -2.511459925145E-02 4.998036825338E-01 1.669951627155E+00 3.289566064184E+00
4.362814070352E+00 -1.044554641128E+00 -2.142473346629E-02 4.236893941767E-01 1.450444040757E+00 2.884289659251E+00
4.613567839196E+00 -1.033240074102E+00 -1.820195957925E-02 3.627892930515E-01 1.268916983931E+00 2.546138890733E+00
4.864321608040E+00 -1.024998832277E+00 -1.545745090011E-02 3.135201497354E-01 1.117433509893E+00 2.261393073703E+00
5.115075376884E+00 -1.018975767020E+00 -1.315272454382E-02 2.732375917630E-01 9.899804097820E-01 2.019634755220E+00
5.365829145729E+00 -1.014553755655E+00 -1.123109745437E-02 2.399717330038E-01 8.819401364548E-01 1.812842413110E+00
5.616582914573E+00 -1.011289420191E+00 -9.633270921334E-03 2.122412530483E-01 7.897240876245E-01 1.634760900104E+00
5.867336683417E+00 -1.008864775176E+00 -8.304418630720E-03 1.889215131514E-01 7.105131450636E-01 1.480456503064E+00
6.118090452261E+00 -1.007051673126E+00 -7.196850237341E-03 1.691503770356E-01 6.420710302472E-01 1.345997249106E+00
6.368844221106E+00 -1.005686081158E+00 -6.270474977033E-03 1.522605363776E-01 5.826080342950E-01 1.228219753866E+00
6.619597989950E+00 -1.004649670980E+00 -5.492259107109E-03 1.377305613967E-01 5.306801887258E-01 1.124556864460E+00
6.870351758794E+00 -1.003856727886E+00 -4.835299890867E-03 1.251492404073E-01 4.851137518221E-01 1.032908654903E+00
7.121105527638E+00 -1.003244869878E+00 -4.277826226674E-03 1.141893976066E-01 4.449480285880E-01 9.515447619313E-01
7.371859296482E+00 -1.002768470045E+00 -3.802268075008E-03 1.045885105608E-01 4.093916354796E-01 8.790296639786E-01
7.622613065327E+00 -1.002393986840E+00 -3.394449200985E-03 9.613423838675E-02 3.777887386046E-01 8.141649520724E-01
7.873366834171E+00 -1.002096638309E+00 -3.042914108285E-03 8.865352259545E-02 3.495927688208E-01 7.559443213974E-01
8.124120603015E+00 -1.001858023544E+00 -2.738380042991E-03 8.200430765596E-02 3.243457968484E-01 7.035181820164E-01
8.374874371859E+00 -1.001664413391E+00 -2.473297275954E-03 7.606919825454E-02 3.016622316233E-01 6.561656120223E-01
8.625628140704E+00 -1.001505515789E+00 -2.241499328552E-03 7.075056021803E-02 2.812158483616E-01 6.132719647858E-01
8.876381909548E+00 -1.001373579281E+00 -2.037926071926E-03 6.596670649791E-02 2.627294009292E-01 5.743108662944E-01
9.127135678392E+00 -1.001262738731E+00 -1.858404958669E-03 6.164890533861E-02 2.459662543767E-01 5.388296477293E-01
9.377889447236E+00 -1.001168535460E+00 -1.699478189612E-03 5.773901637827E-02 2.307236072023E-01 5.064374858342E-01
9.628643216080E+00 -1.001087563659E+00 -1.558265975528E-03 5.418761000240E-02 2.168269724403E-01 4.767956924202E-01
9.879396984925E+00 -1.001017208721E+00 -1.432358087148E-03 5.095246133959E-02 2.041256613894E-01 4.496097207160E-01
1.013015075377E+01 -1.000955452828E+00 -1.319727560702E-03 4.799733674414E-02 1.924890703343E-01 4.246225516430E-01
1.038090452261E+01 -1.000900729950E+00 -1.218661769635E-03 4.529101016408E-02 1.818036137229E-01 4.016091956401E-01
1.063165829146E+01 -1.000851817343E+00 -1.127707136866E-03 4.280646134811E-02 1.719701803412E-01 3.803721012394E-01
1.088241206030E+01 -1.000807754082E+00 -1.045624589667E-03 4.052021876966E-02 1.629020145958E-01 3.607373044872E-01
1.113316582915E+01 -1.000767779707E+00 -9.713535059290E-04 3.841181839176E-02 1.545229448776E-01 3.425511866091E-01
1.138391959799E+01 -1.000731287888E+00 -9.039823961212E-04 3.646335567852E-02 1.467658965189E-01 3.256777333675E-01
1.163467336683E+01 -1.000697791319E+00 -8.427249518943E-04 3.465911306150E-02 1.395716390605E-01 3.099962100321E-01
1.188542713568E+01 -1.000666895045E+00 -7.869003891119E-04 3.298524877381E-02 1.328877271880E-01 2.953991820881E-01
1.213618090452E+01 -1.000638276140E+00 -7.359172417172E-04 3.142953583887E-02 1.266676023560E-01 2.817908246893E-01
1.238693467337E+01 -1.000611668171E+00 -6.892599422692E-04 2.998114223710E-02 1.208698282182E-01 2.690854741622E-01
1.263768844221E+01 -1.000586849284E+00 -6.464776617976E-04 2.863044503377E-02 1.154574378732E-01 2.572063831497E-01
1.288844221106E+01 -1.000563633027E+00 -6.071749908776E-04 2.736887263225E-02 1.103973748670E-01 2.460846476561E-01
1.313919597990E+01 -1.000541861270E+00 -5.710041256353E-04 2.618877041949E-02 1.056600130692E-01 2.356582796859E-01
1.338994974874E+01 -1.000521398702E+00 -5.376582925145E-04 2.508328593679E-02 1.012187431098E-01 2.258714035661E-01
1.364070351759E+01 -1.000502128549E+00 -5.068661924534E-04 2.404627041865E-02 9.704961516626E-02 2.166735576704E-01
1.389145728643E+01 -1.000483949209E+00 -4.783872917646E-04 2.307219409375E-02 9.313102959028E-02 2.080190862085E-01
1.414221105528E+01 -1.000466771617E+00 -4.520078156001E-04 2.215607310461E-02 8.944346827353E-02 1.998666081990E-01
1.439296482412E+01 -1.000450517138E+00 -4.275373283855E-04 2.129340626578E-02 8.596926079984E-02 1.921785527575E-01
1.464371859296E+01 -1.000435115907E+00 -4.048058066111E-04 2.048012017939E-02 8.269238038051E-02 1.849207515078E-01
1.489447236181E+01 -1.000420505479E+00 -3.836611243000E-04 1.971252147620E-02 7.959826536089E-02 1.780620803234E-01
1.514522613065E+01 -1.000406629747E+00 -3.639668876749E-04 1.898725514536E-02 7.667366273322E-02 1.715741437672E-01
1.539597989950E+01 -1.000393438058E+00 -3.456005647318E-04 1.830126808559E-02 7.390649063852E-02 1.654309965770E-01
1.564673366834E+01 -1.000380884488E+00 -3.284518650737E-04 1.765177714559E-02 7.128571729260E-02 1.596088973646E-01
1.589748743719E+01 -1.000368927241E+00 -3.124213336487E-04 1.703624103269E-02 6.880125414884E-02 1.540860903840E-01
1.614824120603E+01 -1.000357528147E+00 -2.974191260854E-04 1.645233556733E-02 6.644386143443E-02 1.488426118135E-01
1.639899497487E+01 -1.000346652242E+00 -2.833639401405E-04 1.589793183546E-02 6.420506446029E-02 1.438601174869E-01
1.664974874372E+01 -1.000336267414E+00 -2.701820813211E-04 1.537107685808E-02 6.207707933366E-02 1.391217294302E-01
1.690050251256E+01 -1.000326344091E+00 -2.578066431083E-04 1.486997645423E-02 6.005274689553E-02 1.346118989194E-01
1.715125628141E+01 -1.000316854988E+00 -2.461767879389E-04 1.439298001462E-02 5.812547386232E-02 1.303162840749E-01
1.740201005025E+01 -1.000307774876E+00 -2.352371126686E-04 1.393856695202E-02 5.628918029896E-02 1.262216402780E-01
1.765276381910E+01 -1.000299080384E+00 -2.249370902161E-04 1.350533461509E-02 5.453825265619E-02 1.223157219058E-01
1.790351758794E+01 -1.000290749828E+00 -2.152305746637E-04 1.309198749382E-02 5.286750171821E-02 1.185871940875E-01
1.815427135678E+01 -1.000282763060E+00 -2.060753645687E-04 1.269732755548E-02 5.127212488036E-02 1.150255533340E-01
1.840502512563E+01 -1.000275101329E+00 -1.974328136001E-04 1.232024558488E-02 4.974767226452E-02 1.116210560534E-01
1.865577889447E+01 -1.000267747163E+00 -1.892674858945E-04 1.195971340512E-02 4.829001622837E-02 1.083646540699E-01
1.890653266332E+01 -1.000260684265E+00 -1.815468490394E-04 1.161477688123E-02 4.689532389082E-02 1.052479363834E-01
1.915728643216E+01 -1.000253897412E+00 -1.742409993246E-04 1.128454961930E-02 4.556003234053E-02 1.022630764952E-01
1.940804020101E+01 -1.000247372371E+00 -1.673224171417E-04 1.096820728030E-02 4.428082623038E-02 9.940278470309E-02
1.965879396985E+01 -1.000241095822E+00 -1.607657477740E-04 1.066498244308E-02 4.305461750276E-02 9.666026484282E-02
1.990954773869E+01 -1.000235055285E+00 -1.545476054454E-04 1.037415995530E-02 4.187852701633E-02 9.402917501065E-02
2.016030150754E+01 -1.000229239058E+00 -1.486463962523E-04 1.009507272332E-02 4.074986787765E-02 9.150359186069E-02
2.041105527638E+01 -1.000223636159E+00 -1.430421604145E-04 9.827097889486E-03 3.966613029491E-02 8.907797810732E-02
2.066180904523E+01 -1.000218236271E+00 -1.377164294429E-04 9.569653360733E-03 3.862496780192E-02 8.674715291488E-02
2.091256281407E+01 -1.000213029695E+00 -1.326520977676E-04 9.322194650025E-03 3.762418471083E-02 8.450626488488E-02
2.116331658291E+01 -1.000208007306E+00 -1.278333062920E-04 9.084212000594E-03 3.666172467233E-02 8.235076738718E-02
2.141407035176E+01 -1.000203160512E+00 -1.232453377711E-04 8.855227762075E-03 3.573566023086E-02 8.027639600482E-02
2.166482412060E+01 -1.000198481218E+00 -1.188745224925E-04 8.634793994198E-03 3.484418327823E-02 7.827914788969E-02
2.191557788945E+01 -1.000193961790E+00 -1.147081510693E-04 8.422490279891E-03 3.398559632280E-02 7.635526285186E-02
2.216633165829E+01 -1.000189595023E+00 -1.107343977114E-04 8.217921719116E-03 3.315830448771E-02 7.450120601086E-02
2.241708542714E+01 -1.000185374117E+00 -1.069422487838E-04 8.020717094545E-03 3.236080817773E-02 7.271365187220E-02
2.266783919598E+01 -1.000181292644E+00 -1.033214381094E-04 7.830527188705E-03 3.159169634792E-02 7.098946969388E-02
2.291859296482E+01 -1.000177344527E+00 -9.986238907511E-05 7.647023237047E-03 3.084964031725E-02 6.932571002389E-02
2.316934673367E+01 -1.000173524017E+00 -9.655616078463E-05 7.469895508293E-03 3.013338808104E-02 6.771959230751E-02
2.342010050251E+01 -1.000169825673E+00 -9.339439924827E-05 7.298851997939E-03 2.944175907478E-02 6.616849346625E-02
2.367085427136E+01 -1.000166244338E+00 -9.036929294948E-05 7.133617224880E-03 2.877363934899E-02 6.466993736304E-02
2.392160804020E+01 -1.000162775128E+00 -8.747353247895E-05 6.973931121602E-03 2.812797711852E-02 6.322158507613E-02
2.417236180905E+01 -1.000159413408E+00 -8.470027247132E-05 6.819548012664E-03 2.750377865633E-02 6.182122591459E-02
2.442311557789E+01 -1.000156154782E+00 -8.204309858328E-05 6.670235667611E-03 2.690010449595E-02 6.046676910598E-02
2.467386934673E+01 -1.000152995077E+00 -7.949599539625E-05 6.525774429280E-03 2.631606592332E-02 5.915623610675E-02
2.492462311558E+01 -1.000149930326E+00 -7.705331781205E-05 6.385956405820E-03 2.575082172841E-02 5.788775347774E-02
2.517537688442E+01 -1.000146956762E+00 -7.470976506108E-05 6.250584721868E-03 2.520357519553E-02 5.665954627893E-02
2.542613065327E+01 -1.000144070803E+00 -7.246035610797E-05 6.119472826212E-03 2.467357131476E-02 5.546993194306E-02
2.567688442211E+01 -1.000141269039E+00 -7.030040775535E-05 5.992443848222E-03 2.416009419335E-02 5.431731458580E-02
2.592763819095E+01 -1.000138548226E+00 -6.822551332353E-05 5.869330002759E-03 2.366246465440E-02 5.320017972156E-02
2.617839195980E+01 -1.000135905274E+00 -6.623152468133E-05 5.749972034113E-03 2.318003800224E-02 5.211708934652E-02
2.642914572864E+01 -1.000133337240E+00 -6.431453405686E-05 5.634218702453E-03 2.271220194782E-02 5.106667736660E-02
2.667989949749E+01 -1.000130841317E+00 -6.247085803124E-05 5.521926304178E-03 2.225837467620E-02 5.004764533857E-02
2.693065326633E+01 -1.000128414831E+00 -6.069702292111E-05 5.412958225419E-03 2.181800304692E-02 4.905875850110E-02
2.718140703518E+01 -1.000126055228E+00 -5.898975075480E-05 5.307184526794E-03 2.139056091764E-02 4.809884207501E-02
2.743216080402E+01 -1.000123760073E+00 -5.734594662954E-05 5.204481555781E-03 2.097554758036E-02 4.716677781030E-02
2.768291457286E+01 -1.000121527037E+00 -5.576268666019E-05 5.104731585655E-03 2.057248630264E-02 4.626150076293E-02
2.793366834171E+01 -1.000119353900E+00 -5.423720738751E-05 5.007822477363E-03 2.018092296441E-02 4.538199628210E-02
2.818442211055E+01 -1.000117238537E+00 -5.276689515110E-05 4.913647365185E-03 1.980042478562E-02 4.452729719537E-02
2.843517587940E+01 -1.000115178918E+00 -5.134927744965E-05 4.822104360361E-03 1.943057913407E-02 4.369648117287E-02
2.868592964824E+01 -1.000113173100E+00 -4.998201294115E-05 4.733096278067E-03 1.907099241427E-02 4.288866826413E-02
2.893668341709E+01 -1.000111219225E+00 -4.866288482286E-05 4.646530376222E-03 1.872128902148E-02 4.210301858554E-02
2.918743718593E+01 -1.000109315514E+00 -4.738979182339E-05 4.562318116769E-03 1.838111036784E-02 4.133873015898E-02
2.943819095477E+01 -1.000107460265E+00 -4.616074225661E-05 4.480374937003E-03 1.805011396456E-02 4.059503688008E-02
2.968894472362E+01 -1.000105651845E+00 -4.497384681290E-05 4.400620038464E-03 1.772797256453E-02 3.987120661535E-02
2.993969849246E+01 -1.000103888692E+00 -4.382731255514E-05 4.322976187556E-03 1.741437335637E-02 3.916653941432E-02
3.019045226131E+01 -1.000102169306E+00 -4.271943737133E-05 4.247369528041E-03 1.710901720733E-02 3.848036583022E-02
3.044120603015E+01 -1.000100492250E+00 -4.164860484024E-05 4.173729405162E-03 1.681161795238E-02 3.781204534154E-02
3.069195979899E+01 -1.000098856146E+00 -4.061327882710E-05 4.101988201235E-03 1.652190172680E-02 3.716096486913E-02
3.094271356784E+01 -1.000097259670E+00 -3.961199886282E-05 4.032081180427E-03 1.623960633786E-02 3.652653738023E-02
3.119346733668E+01 -1.000095701554E+00 -3.864337622561E-05 3.963946341755E-03 1.596448067268E-02 3.590820057355E-02
3.144422110553E+01 -1.000094180576E+00 -3.770608946563E-05 3.897524282458E-03 1.569628414246E-02 3.530541564273E-02
3.169497487437E+01 -1.000092695566E+00 -3.679888106967E-05 3.832758067529E-03 1.543478615723E-02 3.471766610938E-02
3.194572864322E+01 -1.000091245398E+00 -3.592055339285E-05 3.769593108677E-03 1.517976563271E-02 3.414445672493E-02
3.219648241206E+01 -1.000089828991E+00 -3.506996571434E-05 3.707977048590E-03 1.493101052377E-02 3.358531243320E-02
3.244723618090E+01 -1.000088445303E+00 -3.424603064328E-05 3.647859653141E-03 1.468831738562E-02 3.303977739313E-02
3.269798994975E+01 -1.000087093335E+00 -3.344771208802E-05 3.589192707374E-03 1.445149095747E-02 3.250741405344E-02
3.294874371859E+01 -1.000085772124E+00 -3.267402148710E-05 3.531929920757E-03 1.422034377280E-02 3.198780228254E-02
3.319949748744E+01 -1.000084480744E+00 -3.192401585372E-05 3.476026834567E-03 1.399469578812E-02 3.148053854310E-02
3.345025125628E+01 -1.000083218304E+00 -3.119679522245E-05 3.421440735885E-03 1.377437403358E-02 3.098523511319E-02
3.370100502513E+01 -1.000081983943E+00 -3.049150036549E-05 3.368130575949E-03 1.355921228235E-02 3.050151934948E-02
3.395175879397E+01 -1.000080776836E+00 -2.980731077096E-05 3.316056892742E-03 1.334905073763E-02 3.002903298981E-02
3.420251256281E+01 -1.000079596186E+00 -2.914344217375E-05 3.265181738900E-03 1.314373573763E-02 2.956743149425E-02
3.445326633166E+01 -1.000078441225E+00 -2.849914528724E-05 3.215468611183E-03 1.294311947403E-02 2.911638341887E-02
3.470402010050E+01 -1.000077311212E+00 -2.787370372714E-05 3.166882385690E-03 1.274705972725E-02 2.867556982438E-02
3.495477386935E+01 -1.000076205434E+00 -2.726643221806E-05 3.119389255966E-03 1.255541961514E-02 2.824468371525E-02
3.520552763819E+01 -1.000075123202E+00 -2.667667536493E-05 3.072956673470E-03 1.236806735392E-02 2.782342950702E-02
3.545628140704E+01 -1.000074063852E+00 -2.610380566925E-05 3.027553292754E-03 1.218487603303E-02 2.741152252277E-02
3.570703517588E+01 -1.000073026743E+00 -2.554722266357E-05 2.983148917542E-03 1.200572339969E-02 2.700868851325E-02
3.595778894472E+01 -1.000072011256E+00 -2.500635117197E-05 2.939714451228E-03 1.183049165609E-02 2.661466320318E-02
3.620854271357E+01 -1.000071016794E+00 -2.448064025207E-05 2.897221848881E-03 1.165906726579E-02 2.622919185941E-02
3.645929648241E+01 -1.000070042779E+00 -2.396956197370E-05 2.855644072033E-03 1.149134077030E-02 2.585202888093E-02
3.671005025126E+01 -1.000069088655E+00 -2.347261039559E-05 2.814955045391E-03 1.132720661436E-02 2.548293740917E-02
3.696080402010E+01 -1.000068153882E+00 -2.298930037936E-05 2.775129616291E-03 1.116656298060E-02 2.512168895789E-02
3.721155778894E+01 -1.000067237940E+00 -2.251916657525E-05 2.736143515827E-03 1.100931163189E-02 2.476806306098E-02
3.746231155779E+01 -1.000066340325E+00 -2.206176252817E-05 2.697973321678E-03 1.085535776126E-02 2.442184693730E-02
3.771306532663E+01 -1.000065460552E+00 -2.161665999401E-05 2.660596422649E-03 1.070460984898E-02 2.408283517145E-02
3.796381909548E+01 -1.000064598148E+00 -2.118344781343E-05 2.623990985610E-03 1.055697952722E-02 2.375082941069E-02
3.821457286432E+01 -1.000063752660E+00 -2.076173112320E-05 2.588135923607E-03 1.041238145078E-02 2.342563807590E-02
3.846532663317E+01 -1.000062923645E+00 -2.035113073662E-05 2.553010865282E-03 1.027073317371E-02 2.310707608592E-02
3.871608040201E+01 -1.000062110678E+00 -1.995128243193E-05 2.518596125781E-03 1.013195503188E-02 2.279496459508E-02
3.896683417085E+01 -1.000061313345E+00 -1.956183611473E-05 2.484872679603E-03 9.995970031551E-03 2.248913074337E-02
3.921758793970E+01 -1.000060531246E+00 -1.918245536570E-05 2.451822133840E-03 9.862703742311E-03 2.218940741751E-02
3.946834170854E+01 -1.000059763995E+00 -1.881281670779E-05 2.419426703373E-03 9.732084195646E-03 2.189563302368E-02
3.971909547739E+01 -1.000059011214E+00 -1.845260908961E-05 2.387669186709E-03 9.604041787709E-03 2.160765127025E-02
3.996984924623E+01 -1.000058272542E+00 -1.810153335113E-05 2.356532943283E-03 9.478509186865E-03 2.132531096056E-02
4.022060301508E+01 -1.000057547626E+00 -1.775930132775E-05 2.326001872236E-03 9.355421245873E-03 2.104846579581E-02
4.047135678392E+01 -1.000056836122E+00 -1.742563611540E-05 2.296060390098E-03 9.234714916006E-03 2.077697418457E-02
4.072211055276E+01 -1.000056137700E+00 -1.710027095414E-05 2.266693412282E-03 9.116329167794E-03 2.051069906361E-02
4.097286432161E+01 -1.000055452039E+00 -1.678294885221E-05 2.237886333814E-03 9.000204913720E-03 2.024950772523E-02
4.122361809045E+01 -1.000054778826E+00 -1.647342257804E-05 2.209625010391E-03 8.886284933813E-03 1.999327165157E-02
4.147437185930E+01 -1.000054117758E+00 -1.617145385424E-05 2.181895741793E-03 8.774513806036E-03 1.974186635772E-02
4.172512562814E+01 -1.000053468542E+00 -1.587681314508E-05 2.154685254931E-03 8.664837838607E-03 1.949517124065E-02
4.197587939698E+01 -1.000052830893E+00 -1.558927890999E-05 2.127980688729E-03 8.557205006375E-03 1.925306943566E-02
4.222663316583E+01 -1.000052204532E+00 -1.530863808608E-05 2.101769577230E-03 8.451564887516E-03 1.901544767672E-02
4.247738693467E+01 -1.000051589191E+00 -1.503468504449E-05 2.076039836488E-03 8.347868605977E-03 1.878219616573E-02
4.272814070352E+01 -1.000050984609E+00 -1.476722113480E-05 2.050779750897E-03 8.246068775282E-03 1.855320844633E-02
4.297889447236E+01 -1.000050390531E+00 -1.450605531295E-05 2.025977957994E-03 8.146119442592E-03 1.832838128080E-02
4.322964824121E+01 -1.000049806711E+00 -1.425100276808E-05 2.001623437850E-03 8.047976039084E-03 1.810761453620E-02
4.348040201005E+01 -1.000049232907E+00 -1.400188561851E-05 1.977705498879E-03 7.951595328375E-03 1.789081107119E-02
4.373115577889E+01 -1.000048668887E+00 -1.375853161734E-05 1.954213768166E-03 7.856935361005E-03 1.767787663153E-02
4.398190954774E+01 -1.000048114423E+00 -1.352077504468E-05 1.931138177931E-03 7.763955426571E-03 1.746871974550E-02
4.423266331658E+01 -1.000047569293E+00 -1.328845542692E-05 1.908468956829E-03 7.672616012078E-03 1.726325162807E-02
4.448341708543E+01 -1.000047033284E+00 -1.306141796142E-05 1.886196618290E-03 7.582878758704E-03 1.706138608550E-02
4.473417085427E+01 -1.000046506185E+00 -1.283951319020E-05 1.864311950815E-03 7.494706421767E-03 1.686303942543E-02
4.498492462312E+01 -1.000045987793E+00 -1.262259666879E-05 1.842806008689E-03 7.408062832389E-03 1.666813037054E-02
4.523567839196E+01 -1.000045477908E+00 -1.241052857237E-05 1.821670103237E-03 7.322912860804E-03 1.647657997582E-02
4.548643216080E+01 -1.000044976338E+00 -1.220317398620E-05 1.800895793074E-03 7.239222379839E-03 1.628831154790E-02
4.573718592965E+01 -1.000044482894E+00 -1.200040258831E-05 1.780474875949E-03 7.156958231018E-03 1.610325056865E-02
4.598793969849E+01 -1.000043997391E+00 -1.180208802665E-05 1.760399381568E-03 7.076088192663E-03 1.592132462255E-02
4.623869346734E+01 -1.000043519652E+00 -1.160810849554E-05 1.740661562292E-03 6.996580946856E-03 1.574246332446E-02
4.648944723618E+01 -1.000043049500E+00 -1.141834580576E-05 1.721253887231E-03 6.918406050703E-03 1.556659825322E-02
4.674020100503E+01 -1.000042586766E+00 -1.123268590120E-05 1.702169033716E-03 6.841533905889E-03 1.539366288505E-02
4.699095477387E+01 -1.000042131284E+00 -1.105101813526E-05 1.683399881540E-03 6.765935731829E-03 1.522359253184E-02
4.724170854271E+01 -1.000041682891E+00 -1.087323573890E-05 1.664939505112E-03 6.691583537549E-03 1.505632427962E-02
4.749246231156E+01 -1.000041241429E+00 -1.069923515518E-05 1.646781168132E-03 6.618450096863E-03 1.489179693151E-02
4.774321608040E+01 -1.000040806744E+00 -1.052891622844E-05 1.628918316795E-03 6.546508922819E-03 1.472995095123E-02
4.799396984925E+01 -1.000040378684E+00 -1.036218186412E-05 1.611344574327E-03 6.475734244185E-03 1.457072840978E-02
4.824472361809E+01 -1.000039957101E+00 -1.019893805743E-05 1.594053735002E-03 6.406100982099E-03 1.441407293335E-02
4.849547738693E+01 -1.000039541853E+00 -1.003909394748E-05 1.577039758321E-03 6.337584727532E-03 1.425992965324E-02
4.874623115578E+01 -1.000039132797E+00 -9.882561387675E-06 1.560296764392E-03 6.270161720563E-03 1.410824515850E-02
4.899698492462E+01 -1.000038729797E+00 -9.729254691893E-06 1.543819029145E-03 6.203808830085E-03 1.395896745006E-02
4.924773869347E+01 -1.000038332717E+00 -9.579091269529E-06 1.527600977964E-03 6.138503532528E-03 1.381204589477E-02
4.949849246231E+01 -1.000037941426E+00 -9.431990917408E-06 1.511637182211E-03 6.074223893980E-03 1.366743118372E-02
4.974924623116E+01 -1.000037555795E+00 -9.287875638586E-06 1.495922354847E-03 6.010948551949E-03 1.352507529117E-02
5.000000000000E+01 -1.000037175699E+00 -9.146669999405E-06 1.480451345188E-03 5.948656696761E-03 1.338493143382E-02
